0.0
0.0
18
6
27
36
45
36
27
18
9
-4405.24
4363.7534
-3325.1138
-3507.556
-6001.7715
-15212.772
3461.3398
-4298.9165
31162.566
-15796.793
-4455.391
-6923.3184
-1591.5927
-4258.639
7249.4453
-7509.42
-4049.5999
-4978.3384
-4856.8574
-5936.304
1365.3809
16840.457
-3644.3408
-4573.794
5065.925
53299.793
5492.214
-2262.8672
6900.9873
-13269.511
2767.378
-4468.648
-5625.341
8348.226
424.09262
519.1245
-5148.3213
-5057.593
-4955.495
3983.1406
-7020.8384
-29604.99
-4212.9097
10079.108
-5121.9224
-4069.547
-4452.195
722.23737
-5674.1943
-3250.7458
-7295.9795
-5377.3887
-6746.5605
6209.5234
874.14087
14126.854
5869.435
2954.148
-965.82544
948.5506
10615.253
-162.15279
-764.5116
731.9877
4337.4517
41541.23
1938.6322
-3452.1443
-1932.8878
2020.0809
10297.46
294.89636
1492.9683
-178743.97
-36662.195
2331.7883
1068.5613
1381.9565
12196.047
1823.8428
1082.7325
20208.8
488971.78
4821.116
9873.076
-69120.52
-2415.2236
12678.634
-742.8272
35737.13
-3630.3015
-527.7959
-4314.1987
3330.2644
2445.007
-27869.617
18816.27
4269.4917
3078.5312
-76084.13
4365.925
-614953.06
29734.492
-11684.64
32328.021
164233.67
57693.605
-19565.912
-475.04742
487184.3
3903.4639
-119.33508
-75130.07
-9233.958
31686.25
-293.3842
-3024.0918
22179.623
191412.72
-206.71396
2816.8489
-5159.6377
10347.559
14441.604
9090.112
-193.84239
-81557.984
2002.4326
-570593.0
-928.30676
-177.32275
24634.176
211.2377
55793.285
-141.62161
14633.638
9023.636
-43200.305
4501.3433
-1678.1287
-1112.3043
-7189.1704
-63192.22
-476.39496
-621.8662
876.3262
-751.6676
-412.66998
-570.0403
-50229.848
-2108.9504
13128.283
-2993.9648
-725.926
-1371.5348
-38801.523
357.34766
-901.2757
4596.5693
154528.39
-865.6543
3098.879
13557.1045
482023.12
-48418.184
1205.251
-83959.1
-5802.5767
7614.6323
2277.3335
-124392.805
-5651.1924
-11090.904
-4985.5176
7043.8564
-4070.5588
40622.72
-7697.336
5123.669
-8648.48
-85986.29
-3369.041
21150.623
-5795.571
-4645.2954
-7469.4033
150465.39
49602.633
22392.764
1612.9738
10104.482
6980.217
5865.549
2114.9153
2776.133
21764.268
1149.1125
37434.008
-7203.089
193832.03
866.87915
1039.1554
643.7207
-4724.07
15133.691
1756.73
-2491.1973
2123.282
-179263.8
4322.744
3631.9934
1557.7716
1938.2413
13476.321
6948.8447
161152.97
-5993.6714
9438.6045
531.7839
1030.614
-4654.624
-3019.9426
-551.18146
-3286.9844
32367.273
-2388.5798
-5786.3906
-12927.712
8380.365
-1312.0117
-27163.441
10126.64
11849.642
-6799.9175
-83963.47
-183048.67
-100.02504
-2743.7942
-16140.319
-4781.584
154596.53
-6234.744
173284.6
23762.984
4298.1865
-3707.0088
2185.9224
-72097.23
2070.6404
-1486.2971
-58718.637
-132615.67
790.6727
198087.58
42004.55
9902.715
-3882.8652
5459.8115
1942.826
10780.915
1808.0645
-2477.1946
4406.543
-18002.875
26133.926
1202.757
36164.77
-88.98341
6202.761
-9861.662
19618.906
129.07318
33.1944
9118.373
-559.7515
-248.31703
-5671.6606
-61211.812
-133035.44
-9765.599
3326.777
-10424.399
-995.3533
-184.3549
-41.8024
-268.95917
13636.56
-2410.0488
-174.37047
-53.652424
-18398.586
23055.668
371.3344
-4114.7817
-2042.87
-278.85248
-4055.338
1259.3761
13549.439
-40316.47
6271.9756
-3117.1267
-303.92426
23682.152
-1753.838
1301.4641
-1045.3951
-1986.6112
41558.176
16973.713
-168.0689
-782.2562
144.91158
9153.881
-1243.7727
-81493.625
-179131.17
21305.09
86.766075
-46.38524
-2599.8064
157647.92
55048.785
168778.6
-1857.5952
2589.5256
-44192.426
4198.1733
-1617.9371
-2645.1787
24213.115
-79.21084
-3777.8145
-1948.7183
186481.48
-1430.018
1715.9713
-747.1727
-31603.34
-3837.525
12710.319
-1723.1743
-5942.3594
-1437.159
-629509.25
-1308.7102
-15412.341
34595.926
156408.45
3189.3638
172333.33
1178.2501
11827.734
6588.3184
12435.066
-74810.875
3906.3691
4373.315
2398.8613
42113.266
3686.9993
7288.5967
3248.0557
3661.2769
-2367.616
-1178.9799
3627.8452
11607.16
-4427.782
-78053.46
5365.2
4986.7383
29040.912
2458.3147
-600.40576
14193.367
55016.723
6484.2925
21263.781
2904.6458
-6705.521
13618.259
-76205.19
-1107.6746
-6696.9336
-727.2707
1262.36
-11789.732
-5821.308
-720.85754
737.21985
-1190.0338
40302.35
-974.15076
-571.66113
-642.015
-652.70593
3108.6077
-21540.686
-1126.1833
-436.2224
28409.418
165774.16
-2970.075
-8749.033
-3254.7085
1256.8552
-44073.633
4193.062
-477.03113
-8937.922
10153.887
-1436.105
-3099.7075
460.21912
2002.7146
-11522.319
-1471.2644
133.578
-71552.516
796.88116
23118.586
-851.0371
314.97552
-181322.55
-611108.44
-1764.6172
-14718.378
-2312.3367
584.1459
1233.9183
169730.5
-2194.9192
-1771.7799
-4582.3745
3089.8208
-926.94434
-862.23804
-798.9447
-2306.5706
-2964.0635
51.478176
1324.7861
-2283.1191
-182.9591
-772.6724
4927.172
-560.82385
-692.1192
-3036.787
-5518.354
-835.0401
19523.262
-1561.1354
-15527.037
-841.82935
-689.35535
57764.223
168120.55
17338.59
-1254.2377
-932.5529
8324.883
-76727.81
-1001.7612
-6593.014
-914.79205
-819.2691
-1391.2637
-2893.702
-11282.557
11279.012
-1510.6677
-41877.1
-1087.7007
12638.476
-1144.0208
-82521.78
-1437.1469
-633566.44
-1221.9878
-1162.2219
-841.70703
-1615.9802
-1155.9269
-1113.4136
3.8803825
-39.108627
3.6909697
-78.809845
-1.1607087
-6.78007
-0.017921822
-40.610252
-18.757532
-6.132214
-20.359436
-26.141932
-17.919521
-4.587772
-38.782753
-5.9216514
2.4619243
-5.3320675
17.797598
4.948021
1.4897134
1.7623267
2.066313
4.2243276
-5.6310463
42.734222
0.19832458
-38.473267
309.6458
-4.9903994
-46.690575
-292.94324
-4.0219584
18.974337
-2.5905874
4.541783
5.458839
83.19197
2.8659208
-81.7686
-1.3032553
-6.930171
-1.1012348
131.66193
-28.174303
-7.902854
34.507046
-25.27213
-18.450151
-5.665963
-59.40116
-30.424726
1.9470433
18.674076
-3.863279
4.459856
1.9614773
0.1767168
-0.82486516
4.6525927
-6.1108656
175.64804
4.2080865
-21.338524
357.89163
-24.084003
-47.77797
1.8847035
-16.309153
19.816158
23.552702
4.760756
3.532626
-3.5011396
3.2182205
-76.623116
-46.683376
-7.888129
7.3520937
69.26329
-30.184004
-6.28138
-36.349014
-26.648281
2.0471108
-12.992892
-57.085167
-13.999805
3.3435433
24.2291
17.518755
3.886961
2.891278
11.414162
2.1934412
4.433575
-4.8710914
-38.150585
2.8627188
-40.02894
3.3926277
-7.5274363
3.4143448
-291.93222
2.099577
20.167755
27.128786
3.9857016
-809.6583
60.818954
6.275719
15.900605
-47.645416
-6.621354
7.2517767
6.0290985
-21.867727
-6.929409
83.50213
-25.951742
1.8414927
-34.92495
-69.71154
-57.617657
4.7609344
18.511047
17.539116
-221.05452
5.751312
12.067449
6.182518
5.178544
-5.163461
131.87158
11.177778
-29.206142
321.29608
-10.213915
-45.942875
5.86153
-24.363235
18.520222
27.964512
3.8982594
4.0386953
-73.55121
2.0056758
-17.608185
-47.10577
-6.8045673
7.3714805
4.83712
-16.747034
-7.501006
-33.43768
-25.113855
1.9154209
-25.074947
-45.40477
-61.155144
3.4144962
-3.5272644
17.183334
4.3356686
2.5635848
1.6902335
2.023379
5.4993496
-5.603178
-8.718231
1.0007528
-48.059586
1.695062
-3.5163314
3.4824433
-291.68585
7.173609
19.752018
27.498966
3.5901053
4.359749
-10.624153
3.1384864
-7.547582
-46.609455
-7.1319346
0.5652065
-59.598167
-18.124233
-6.770342
-32.508293
-25.739004
2.3889315
-15.068094
-14.523828
-60.879005
2.0082405
21.188894
17.311716
4.652857
1.8269317
0.62778354
1.5772518
4.168645
-5.2284107
-8.666681
1.3623827
-33.257473
1.7585458
-4.8392134
4.4303646
1.5687197
1.2790906
19.845512
-2.6709895
4.6294575
3.7096994
261.29144
3.5300725
20.974087
-42.122368
-6.681126
20.443907
354.9252
14.758629
-7.790552
108.8975
12.372364
-14.272284
-234.55193
-26.677105
12.38352
28.210146
11.83789
-1.4307323
5.0081534
84.08042
3.6292777
4.2913313
4.625594
-5.763535
61.649654
12.529068
-37.684464
309.8791
-2.5532455
3.63459
-290.39355
-4.5640554
22.845125
5.983548
4.2922688
2.2078357
53.965454
-2.4384341
6.962103
-46.77098
-7.349299
-9.569516
36.997383
-28.947601
-7.6963215
1.4313556
-32.296898
-20.63471
-6.078575
-0.8753127
-31.432432
1.4401226
19.329168
58.563656
4.907674
13.405968
0.59620285
-0.14790314
4.9949574
-5.5832305
91.867805
30.888607
-38.49851
304.29596
-2.2382462
3.846621
2.5324907
0.57167244
-17.537422
26.965523
4.667298
3.2742004
122.933334
4.6740127
5.8901687
-45.932182
-7.604057
7.168796
-60.01776
-16.08116
-6.60161
-1.0673345
-14.441376
-19.461082
-223.36058
17.484964
-58.865807
1.8037142
15.026176
59.41131
3.6599457
21.822243
5.774033
2.8487568
5.511647
-5.999396
45.597183
36.94076
-44.025654
350.9891
-2.2946935
4.0755825
13.052996
0.90011334
18.018963
26.061203
3.6757936
3.5169604
-61.09223
1.3122128
-234.07326
-46.57708
-6.99247
1.4231186
-80.9987
-17.084177
-6.4572654
-1.8741231
-26.599283
2.5131643
-14.854324
-41.706673
-58.037354
18.08823
-2.0461755
18.04188
2.5490742
74.456276
1.4676491
2.6235812
4.4596605
-6.171311
-10.876437
-0.40723068
-43.13869
-110.1425
-5.311008
-53.453438
-306.53717
1.4801074
19.248125
26.656515
3.6096923
4.2162848
-117.38463
1.4763776
-14.808691
-46.092194
-7.757222
1.6063554
3.740242
-18.620478
-7.473909
-16.607708
-6.7162137
3.4817126
-12.542608
-40.78735
-7.14333
1.611522
-4.479384
17.174337
4.2357984
2.5730724
1.2973691
1.5469922
4.12421
-4.949727
-2.994365
0.63824314
-30.652292
-85.87842
1.4756565
-48.908768
-293.07806
6.2205424
19.105883
-1.5836791
4.9187794
3.5035048
-85.77217
3.242323
-59.26886
-46.145145
-6.394751
0.011526335
44.16251
-20.316433
-7.066503
-27.094099
-25.231064
3.2121837
-14.589564
-42.232544
-58.509663
2.5525622
19.22691
18.600706
4.037989
1.3786151
2.1836636
2.18453
5.6825824
-5.340743
-8.11252
0.18280336
-26.705753
303.56842
-5.7381706
4.5228224
2.3017397
6.299963
20.261358
-2.6320627
4.0569715
-809.4026
174.10153
67.008125
-79.43159
-45.926453
-7.401891
17.499126
212.63133
-19.792315
-7.419393
77.01912
-13.174667
-19.472054
-231.0312
-33.33584
-42.91431
1.6741676
17.693336
58.802044
-219.56432
12.838182
19.896631
14.524181
5.307909
-5.683554
135.35826
30.673021
-50.61051
302.90903
-2.154598
-46.489407
-292.14816
-4.1975617
-12.465501
27.087448
4.630959
4.034938
81.76554
2.940833
-2.4160151
-0.06761859
-7.2474504
1.2302276
-21.800625
-17.527311
-7.271678
-3.4983766
-26.749296
2.3811512
-4.0773244
-40.22573
-8.256232
2.6688561
-4.7897506
18.304638
4.4447985
1.9574895
1.0461274
1.8222921
3.763937
-4.759343
-8.828985
1.7270364
-34.978565
2.7888322
2.4529784
3.6096272
2.3467417
1.1849068
19.190628
-2.4006155
4.135097
12.298561
67.95034
11.168012
75.14402
59.04753
-6.94382
27.821577
3.391487
0.8723279
-6.9150043
-7.337859
-17.256184
-22.166279
-4.758653
45.599922
40.601807
6.57362
44.680927
-11.675766
8.585848
9.623004
20.736303
11.826832
5.699741
-6.3874927
-32.32187
33.96198
20.745178
36.13089
4.4142756
8.579202
-280.411
-12.640464
45.361553
55.371773
6.834193
3.3736286
36.9285
2.6065497
-18.066282
-45.970127
-7.833554
0.014117236
-13.631767
-18.8936
-7.1569595
3.5816765
-25.615204
3.3981805
-234.18411
-41.34481
-5.6707125
25.960672
21.144222
18.80403
4.0079827
81.58617
0.83049023
-0.38306424
4.0378466
-5.8653493
-9.258503
4.5270076
-23.067389
2.3588488
-14.30504
4.776924
1.940296
2.0447867
19.458931
-2.5662186
3.7459831
-809.6593
88.30942
72.6697
-72.12484
-1.8473166
-6.7577524
34.125874
234.6163
-22.282125
-7.832777
137.9497
-26.297684
-25.89678
-29.703644
-22.63167
-51.566174
27.761196
22.184124
18.904198
-220.61954
82.057884
18.884829
16.196426
4.2737007
-4.946314
14.444581
3.890454
-48.04281
339.01117
-9.3481245
-46.052246
-292.3982
-55.82972
23.411804
-2.781148
2.6718013
4.11999
-75.73843
2.4251611
3.11927
-46.872902
-6.446594
0.52271974
-60.15099
-18.781096
-7.42553
-8.185307
-26.967863
2.34258
-23.784508
-11.571021
-55.28023
2.1135926
20.612087
18.61692
3.7206328
0.91520995
0.8627396
3.144939
4.5002146
-5.6995196
-7.0450153
1.5978092
-23.825254
0.98489857
-5.0841594
3.596043
1.8826826
2.3090491
18.78457
-1.6359589
4.478666
3.4088619
-78.92393
3.5750506
-73.40231
-46.789043
-7.1759453
6.7064033
20.61821
-20.030918
-7.3356996
-53.99846
-25.770071
2.8623257
-24.604855
-43.137516
-58.548485
2.0542886
18.085154
18.512539
3.5675497
3.4253702
2.468413
2.1073427
4.665253
-6.3853073
-9.1609335
0.63774014
-33.186172
314.6226
-5.899916
3.2584746
1.6854111
6.12619
19.94167
26.286816
4.5450563
4.3623424
-83.06427
2.2093039
-75.48727
-46.395935
-7.509604
8.548852
96.86316
-16.983896
-7.501068
-45.715786
-25.021084
2.7563531
-26.069794
-44.534527
-58.873688
25.638844
22.423525
18.298073
3.7160296
82.158
2.4297926
0.88382906
4.714106
-5.8452964
-15.661812
3.1053367
-43.3755
304.4415
-3.9690135
-47.352795
-292.79468
6.131375
19.449493
26.02868
3.4210095
3.1774695
-58.839607
1.3809229
-33.392944
-42.319946
-6.426559
19.624619
366.965
-18.99358
-7.0815964
10.110242
-12.026828
-21.903376
-15.266499
-117.132416
-10.7804165
3.5550497
36.87802
-2.7890236
4.161685
5.4987903
3.6787345
2.702415
3.8496037
-6.2717423
-10.309363
10.177741
-49.86899
269.40234
-0.6982622
-47.728535
3.1012628
-32.993954
22.383598
22.804564
4.0694523
8.982959
73.717285
6.8227415
-3.841547
-47.43358
-6.3486886
34.135143
-77.73019
-19.91523
-5.8462653
6.034849
-24.73336
-22.149828
-15.383622
-110.509735
-100.989006
6.19381
18.440762
17.61155
6.5016823
5.603663
6.7510138
11.033279
5.5715175
-5.712501
204.16615
8.178624
-25.473217
294.8899
-5.3221197
-43.30295
6.674338
-18.712196
19.080996
27.34852
6.569128
3.8165727
-56.411957
3.3443565
-81.952324
-0.49299842
-6.987932
0.70600575
-80.049995
-17.507942
-6.377478
-47.33944
-26.625498
2.4107475
-5.471628
-40.90477
-6.9322486
2.696487
-5.7108946
19.060642
4.651443
2.129415
2.4177694
1.1309698
5.113489
-5.714595
-11.661184
-0.051054016
-39.02639
1.1410086
-0.18114515
5.815501
2.8803425
0.7690774
19.740257
-2.1971328
3.3296967
4.00517
80.013
8.11843
-19.085155
-47.1693
-7.4941006
6.4252396
40.580574
-22.933586
-6.131781
60.39332
-41.814133
-20.025774
-15.908623
14.858693
-29.433193
4.0305343
44.00631
18.089714
2.9043925
20.389252
5.742309
1.8740519
4.633549
-4.8909264
26.042974
36.611618
-20.88608
338.309
-20.465893
-45.957077
14.221667
2.7174022
18.23592
22.661282
3.196768
4.9984903
-2.4469757
2.630446
-7.8998294
-47.671486
-7.5855417
0.8038933
43.125027
-2.821758
-6.63091
-8.194805
-5.9652905
2.3242524
-4.598955
-46.21636
-13.414789
1.7992117
-1.8428668
-4.6720257
3.2233634
1.2425625
0.57363623
2.7261603
5.2536526
-4.7529073
-1.2715431
1.2501438
-25.191833
304.95566
1.841679
-47.022903
1.8634791
2.983552
3.5308006
-1.8670195
4.452135
2.9258528
44.172348
1.3861703
-248.35078
-45.889072
-7.7892404
7.78557
174.95514
-18.496393
-6.4616
-7.8390074
-26.58927
-21.725943
-24.381468
-20.92473
-58.279404
20.391363
19.610785
17.238455
2.4201975
75.40529
6.4065704
10.143223
4.0356236
-4.7331333
-11.65001
-3.4057066
-42.236454
-417.2115
-5.6885123
-102.59024
-310.74564
-11.873015
19.078196
27.471392
4.1989517
6.935263
266.47345
12.492722
14.203663
-43.06855
-7.4572926
20.778835
29.569643
7.176224
-5.858154
175.20447
-31.079659
-35.807377
-237.92085
-7.57557
-25.004692
8.541485
29.19309
52.469124
8.902613
25.967087
11.765506
8.75046
5.5544925
-5.9080863
285.1944
48.57438
-39.56091
344.17847
-11.728791
8.729192
18.800684
-20.471571
25.234903
32.894333
8.311133
0.03320396
-12.610838
-0.78425074
-1.6205461
-3.2955508
-2.5146296
-2.1352437
-1.6502254
0.49872795
-0.57282835
-1.7117515
-2.250123
2.141708
-2.1092875
1.1991203
7.7930884
-1.4458891
-2.5220425
-2.7401943
1.1742605
-1.4758
1.8082705
0.052091278
-1.4461558
-2.4956958
-2.273975
1.4835641
-1.1060951
9.242862
-1.3157803
-1.9236732
2.3743932
-0.45068774
3.2696521
0.42971134
-0.5180386
-1.1403881
0.5576579
-2.5515664
0.7016804
2.4531102
-0.48235607
1.8519857
7.8345904
-0.4636694
1.6621342
0.054400526
-3.0309706
-2.5393715
0.3872439
0.4307232
0.3449428
-1.3637508
1.2917895
-0.6498924
-1.5896299
-1.640334
2.1129587
-0.09631237
2.1036496
7.051314
2.9944444
-2.8847427
0.75638956
-0.6999955
-1.3719071
3.052245
-5.4347
-4.0559125
-2.6163158
-2.5305882
0.8015338
-0.7367546
10.110781
-2.048688
-0.034007188
1.5515026
-1.6840065
-0.40459538
0.89765304
0.22400284
-1.7073717
0.3793602
0.73756665
1.2932425
1.8609321
-1.7795992
1.0726088
7.7337174
-1.3423086
1.6048688
-10.83165
-2.2609882
-1.2506953
-1.9857396
-3.174543
-2.2461977
-1.2578303
0.28268412
-0.083553046
-0.92284894
-1.9408108
2.016335
-0.83399427
0.6519214
7.780952
1.2968587
-1.5164182
-1.3046919
1.645915
0.35465962
3.3207977
-4.891746
-3.2100523
-3.7407222
-2.1261933
1.8319417
-1.5405643
9.455224
-0.93991864
-2.2471805
3.0311494
-1.5648443
3.3787372
0.065568246
0.03781879
-1.9577386
1.4308872
-3.85607
1.3374889
3.0513997
-1.0545158
1.3909597
7.132658
-1.0969511
-0.9776457
1.165914
-0.9619391
0.60533535
0.89196134
-0.30689815
0.8014991
-1.454732
-0.3220966
-0.72006553
0.42741284
-1.7183374
1.4067886
-0.4851521
-0.17370468
0.48799634
0.87099206
-0.991994
-0.5061778
0.30215257
-3.2114508
-1.2253197
-1.479689
-1.191315
-3.082097
-1.2509834
1.9312047
-0.08259405
-0.5184416
-2.1051295
1.183639
2.0528631
-0.9157172
0.5588187
1.3278508
-0.9872488
-1.1376007
0.7537201
0.6278758
0.6121059
1.6634158
-1.2697194
0.26326063
6.794102
0.613927
0.2001384
0.42419574
-3.0936117
-1.2589868
0.16666542
-0.3679717
-0.37408072
-1.7634274
-0.70415366
-1.5897509
-0.20732771
-0.7717599
1.8772086
0.17738676
0.72342974
0.8410937
0.6615206
-2.731169
1.0942631
0.8315027
0.37533525
-0.80119795
-0.78344905
0.21464762
-3.8163753
-1.712675
1.6399901
0.17213154
-0.9016811
-1.2163208
-0.38322356
1.4742295
-0.11959208
-0.6618491
-0.25417346
0.037642837
-2.691525
0.021770656
1.0563338
1.981923
2.527772
-1.6361483
-0.16087148
1.5869572
-0.07192632
0.3980291
-0.11150616
-1.645971
-0.5666326
0.68691033
-0.59762347
-0.11353509
0.36431414
-1.0144488
-1.3474841
-0.36552888
0.25079143
0.71586937
-0.27140948
0.27234286
-0.35168025
0.48775688
-0.31418443
-0.15495883
-0.107276104
-0.2644242
-0.8885499
-0.23582621
-0.7246671
-1.7337127
-0.5656395
1.1501882
0.24556749
0.66898423
-0.9519179
0.5730106
0.2608943
-0.6360874
-0.05930557
0.55830634
-0.06787181
-0.96552837
0.0038523541
-0.288131
-0.046490032
1.4153125
-0.45780495
0.64623535
0.80636114
0.82409173
1.980556
-11.592374
-2.5702195
-0.59092027
0.83755475
-0.4513637
-2.6623216
-0.08931802
1.4223123
-1.2479095
-1.6880374
-0.44298708
0.8234668
-0.96843946
0.7307768
6.858832
1.5325916
-2.655188
-2.5702777
0.9222595
-0.6905626
2.0938928
-5.144899
-4.0137095
-2.615471
-2.0308576
0.60789555
0.90239936
9.534484
-1.2671856
-0.190161
1.8456978
-0.9380412
0.7031703
0.5163739
1.2351079
-1.5906156
-0.11096461
-0.85499465
0.056402653
1.3982031
-0.9837233
-0.4367331
6.5436654
-0.5507094
0.22992963
-11.714032
-2.1268115
-1.8264391
0.8438542
0.60159975
1.4680738
-2.2125714
0.72882974
-2.1094565
-1.0762084
-0.84756696
1.9990203
-0.7303795
1.9441793
8.396709
0.630303
-1.4355309
-2.2371545
0.6381005
-2.2401018
2.6633608
-3.966752
-3.1839018
-4.6709833
-2.1055694
2.4701529
0.124409445
9.724912
-2.8836062
-0.29065865
1.7436178
-2.0581677
0.024312716
-0.8047692
1.2606518
-2.3447003
1.4682739
0.82002264
0.439933
3.27057
-0.59861904
0.93713665
0.2622865
-0.652625
0.11724919
-0.58274114
-0.7677841
-0.40457788
-0.9101566
-0.6108302
-0.3992147
-0.28202903
0.2531328
0.4283123
0.7856233
-0.8332569
1.1871141
-0.17995268
-0.72315866
0.6527834
0.99947417
-2.0147877
1.196359
0.3666302
0.52502084
-1.1475998
-0.13016216
-0.7319834
-2.9244237
-2.0324874
1.9311454
-0.33315966
0.68884367
-0.08378863
-0.6417677
0.768463
0.08596499
0.8326272
0.04902737
-1.0158228
-0.5431478
-0.07918475
0.56473935
-0.17775175
0.45285046
-0.99854696
0.012193293
-0.5279698
0.6782504
-0.07975392
0.8805651
-1.9095193
-0.83876747
-0.3186372
0.1559643
0.23106863
0.22965075
-0.37965024
0.22372553
0.36997327
-0.15008259
1.1802285
-0.112575494
-0.8690751
0.65242714
-0.3721288
-0.45515966
-0.5643954
0.06291122
-0.653523
-0.46650848
-0.25006944
0.16219532
-0.75685096
-0.5130112
2.2577925
0.38502786
-1.1217846
-0.40462118
0.047828764
0.13375485
0.3174462
0.82158136
0.106559865
-0.86770743
-0.23523682
-0.53612226
-0.22451127
1.4590949
1.2272308
0.26435605
0.53666
0.9682872
-0.5042362
0.33399957
1.047746
-0.3858459
-1.5979176
-0.2196971
-0.048385296
-0.19372547
-0.818472
0.20017546
-0.5666954
-1.9684856
-1.1706197
0.83613133
0.12710835
1.6335528
6.547903
2.3377905
-0.4664961
0.0057729403
0.5038731
-1.9099578
2.1731343
-4.1879416
-3.1884215
-0.72149503
-0.7028056
1.8399951
0.08686931
10.379483
0.20547569
-0.73919576
0.48366052
-0.22113712
-0.61980516
-0.074696995
1.7341287
-1.1332226
0.5521995
-0.10071742
0.8229405
0.19940567
-0.80638903
0.39344674
-0.59102607
-1.446899
0.16252464
0.74589425
-1.5271533
-0.4476049
-2.9635382
-3.6004977
-0.57316977
-1.3613526
0.45806012
-0.97085416
0.17117897
0.03849862
1.0001556
-1.498468
-0.5053275
0.5678361
1.2556831
-2.1573625
0.82433283
1.1756806
-0.8228249
-1.4695945
-1.7219229
-0.5302378
-2.542357
-2.8232856
1.0105302
-2.1089258
0.52427626
-2.4459972
-2.9444015
1.382115
-1.7406486
3.6934793
-0.43950194
-1.0364324
-1.1101203
0.7360167
-3.9004068
1.0904865
2.3481169
-1.8031596
1.1774104
0.2532587
0.6310765
-0.96390593
0.47013882
-1.1650965
0.64602184
-2.9120288
-3.692872
0.4491482
-0.75186753
-0.23793854
-0.044568103
0.08586344
-0.9545623
-0.3868122
-0.2379686
-1.1635427
-0.4730273
-0.5082163
-1.3766983
0.11321266
2.2130644
-1.1579998
-1.3858876
0.07520053
0.5993615
-1.7320907
-0.69625586
0.1338095
-1.1819426
-0.9842324
-1.5460904
-2.709263
0.18293822
-0.2283093
4.3026676
-0.736786
-0.43016213
-0.71482176
-0.016066372
-3.3963046
-0.020451
0.42087144
-0.96427906
1.4832745
6.527642
-0.21646588
0.004936128
0.023886643
0.27773902
0.8686485
0.6299255
-0.40474617
-0.2653409
-1.1956257
-0.026711937
0.45867375
-0.013301015
0.799273
0.19145653
0.7347889
-0.5915955
0.7839211
0.6153416
0.62963104
-0.5368654
-0.73711497
-1.9013166
-0.0321518
0.124297366
0.083606
-1.4155488
0.3680279
2.0721612
-0.16458328
0.7066581
-0.4526336
0.8082987
-0.38303924
0.5286106
0.8349221
0.23604263
-0.37239408
0.26314428
0.960113
0.15067977
-0.6374726
-0.11683929
0.25361934
1.1673238
0.72418153
-0.022208462
-0.6945288
-0.4236818
0.24163169
1.7808733
-0.41887558
0.39526266
0.12604193
0.34892845
0.7655224
0.30442983
-0.6454225
-0.46493733
0.31785336
-0.5593689
0.65080774
0.7364382
0.042644612
-0.69986516
-0.58492714
0.98202395
-0.46180615
-0.23265493
0.04082643
0.15803349
-1.0990201
-1.0176804
1.5721475
0.07841952
-0.5635442
-0.106892705
-0.6361744
-0.15251172
-0.40606877
0.015035957
-1.106305
0.3970021
-0.37817216
0.7371962
-0.9133469
0.64384454
1.5678179
-0.37530282
0.15154928
0.29945785
1.0509835
-0.12587138
0.11802458
-2.3110082
-1.4050711
-0.7276055
0.23439893
-0.4660531
-1.2107532
-1.351488
-0.07010485
1.5057787
-1.4541802
2.4179964
-1.1589167
-0.50404024
0.17884006
1.1853199
-1.8867818
7.607769E-4
0.448328
-1.2354561
-1.1258892
-1.3356283
-0.63299155
-3.1630702
-1.499904
1.4874064
-0.87423515
-0.8961264
-1.4031261
-0.50032854
3.0551512
-0.19927897
-0.5056182
-0.8822458
-1.1990522
-2.3968163
0.4334397
0.32989994
0.21455902
2.0224097
-1.1717508
-0.119858325
0.92280865
1.3743006
0.7167693
-12.259982
-0.9071209
-0.44417384
-1.8044692
-2.6327121
-1.2852674
-1.1842475
1.4820292
-0.24333605
-0.6846069
-0.0075630704
-0.06729442
-0.9510783
0.78171104
7.43304
0.2796343
-1.4640863
-2.1255524
2.4650369
-2.0133846
2.2434924
-3.5747898
-4.364803
-1.2293365
-0.95072114
0.2576544
-1.2932626
9.088099
-1.1497958
-3.620993
1.8102088
-1.3590238
3.313126
2.1333025
1.5920234
-0.38473672
0.6448482
-2.8763351
-0.07636844
0.8498429
-1.3728518
0.53997386
6.8441753
-1.2265111
0.7873498
-11.300574
-2.5109591
-0.98074454
-0.946703
-3.236284
-2.6123796
-1.3294741
0.47848067
-1.4193373
-0.23696053
-2.031478
2.0585098
-0.447681
1.8855358
8.135846
-0.18922633
-0.9569793
-1.4466125
0.29406196
-0.48256844
1.9119093
-4.8470554
-3.6344252
-2.21662
-1.4855744
1.4191318
-2.254701
9.381049
-1.2408235
0.4033795
2.7681935
-0.49244538
2.0497124
0.29844546
1.5102333
-2.2189088
1.0839257
-3.2737308
0.08828508
2.312232
-0.26070988
0.22989203
7.381002
-2.0626104
0.58430773
-12.78447
-1.556747
-1.1748428
0.07408644
0.6144892
-0.9818534
-0.4137428
1.6117094
-1.3053515
-1.6649005
-1.5815502
1.2405823
0.69174427
0.726637
6.8852043
1.5744956
-2.429366
-3.208121
0.9501652
-2.057407
2.8055906
-4.739904
-4.887504
-3.3783221
-2.9533844
2.1777344
0.21992674
10.72188
-1.1985346
-0.18138239
1.4858494
-0.13561673
-0.6397089
0.6645971
1.9179276
-2.2643654
1.7284586
0.53987014
1.09639
2.907806
-0.76036555
0.72252
6.7435536
-1.9207488
0.27136892
-11.721837
-0.3666557
-1.5537754
-2.0762045
-3.3431728
-1.2828338
-0.4286641
1.3705617
-1.0074224
-1.3503648
-0.089037724
0.18700212
-0.13416122
1.0258349
8.066856
-0.37618276
-1.495237
-1.2749374
0.75379753
-1.4905252
-0.9533377
0.13143693
0.03976945
-2.4977305
-1.3064778
0.9696814
-2.4587321
9.1077385
-1.4712045
-3.6005871
1.8440995
-0.6128006
3.7328215
1.8276179
0.54814535
-1.1990659
1.2256142
-3.6708531
0.9056876
2.1109827
-1.3764088
2.254777
7.0046134
-0.43889266
0.7521778
-11.292075
-0.7499728
-0.05305134
-2.776304
-3.711529
-1.8126166
-0.6639779
1.4804909
0.4134027
-2.5492783
-1.5602624
1.0133405
-1.8076632
1.1315994
7.6296515
0.16033846
-0.5014967
-2.3774414
2.503861
-0.28401846
1.7478352
-3.184208
-3.8784504
-0.5049678
-1.123593
0.75753933
-1.5312084
9.93291
-0.63769317
-3.4024818
-0.79704237
-0.9731035
4.4179244
2.359269
1.1211019
-0.2723505
1.0363172
-2.815823
0.49469644
0.0016572177
-0.49123544
2.2953966
5.6068463
-1.233873
1.3056573
-11.321027
-1.9563394
-1.6681664
-2.4825416
-3.3364882
-1.8003361
-1.0139376
-0.039196357
-1.0062959
-0.10695179
-0.57570183
0.58968914
-1.2958802
-0.102169394
8.533645
0.12640077
-2.3027878
-2.5101001
1.5182891
-2.0876598
2.6562238
-5.224025
-4.990913
-3.5424042
-1.03359
1.8389854
-1.2521673
9.191353
-1.9446179
-2.164954
2.1419308
-1.62148
3.5057333
0.9968969
0.14276922
-0.83489287
0.19216827
-2.6250148
1.0923119
2.1295605
-0.030885667
1.934875
7.657789
-1.7500983
0.5936231
-11.25423
-1.3150405
-0.53975445
-2.7698355
-2.6956081
-2.7526608
-2.0330844
0.57953155
-0.94039625
-1.4309139
-1.1486293
1.681025
-0.26141042
-0.017798305
8.248849
0.41577667
-2.5938148
-3.1420283
1.3761263
-1.8132915
2.7911468
-4.875618
-4.6760244
-4.282355
-1.5373509
0.24588746
-1.3571202
9.383575
-2.5886226
-2.9977405
2.5173686
-1.0993084
3.489151
1.2375475
3.1745434E-4
-2.8146563
0.6604711
-2.7922966
0.85843414
3.5746546
-1.1224105
1.3956501
6.9880204
-0.3137307
0.6173597
-10.894098
-1.3757387
-1.2440542
-2.8060963
-4.280855
-3.1862164
-1.0943556
0.85197735
-0.93017095
-2.4397643
-0.7539277
1.1915451
-0.59982276
0.2677076
7.170322
1.6366755
-1.2685263
-1.322551
1.7329686
-2.7634299
1.6588465
-3.0236616
-4.541257
-1.7118047
0.30143794
1.2489723
-2.5036635
9.571231
-0.314812
-2.2044191
0.78140926
-0.34916824
3.9831555
2.1573093
0.5721955
-0.68082213
-0.67534804
-2.8617294
1.2099562
-0.0661183
0.51599616
1.5512975
6.9972014
-2.3497522
-0.13543382
-0.27023825
-0.24668503
-0.85493344
-1.0261616
0.8232471
-0.024557613
0.13217326
0.6166272
0.04284071
0.9449663
-0.3367788
0.92023224
0.73244405
0.7761658
-0.4109054
0.8982294
-0.5968189
0.14056882
0.2796346
0.16554506
-0.0640103
-1.4744234
-0.7978243
-2.4695663
-0.51427543
1.1739303
-0.57237947
0.0020845933
-0.044065725
0.45095682
1.7071004
-0.98507595
0.5004777
0.5719845
-0.1745054
0.080281794
1.0782219
0.5114515
0.2802899
1.1660281
0.24215674
-0.28328687
-0.38483962
0.30127198
1.89344
-12.207658
-2.0629597
-2.38667
-0.77517754
-0.85228544
-1.2224784
-0.50401866
0.43683422
0.24021837
-0.6416538
-0.40095425
1.4196453
-0.95119005
1.6878351
8.3879385
0.7993916
-0.57061696
-2.498297
0.26972535
-1.2058316
2.7114224
-4.046338
-4.338782
-1.863644
-1.1470821
1.1562872
-0.95745367
9.054655
-1.2067795
-0.1825802
0.96753764
0.36055654
-0.426818
-0.85664433
2.0070539
-0.45899332
1.2464914
-0.5245406
0.95075494
1.138719
-0.17008522
0.7447519
-0.25886482
-1.724367
0.25729078
-11.857072
-3.2513657
-0.57908183
-1.6013621
-3.4110806
-2.3413572
-1.044695
0.60374177
-1.1303875
-0.45525178
-2.5981064
2.115069
-1.4429501
-0.19010592
7.8837404
1.3339487
-3.4136047
-1.4091365
2.8099117
-2.6457562
2.057217
-4.2788844
-4.368533
-3.895431
-3.2723157
0.2515153
-1.9317766
9.423829
-2.2145486
-2.0950816
2.2223537
-1.1524135
4.1612062
0.115691714
0.61190337
-1.2916642
0.80334044
-3.1052697
0.597084
4.022255
-0.54484934
1.7579039
6.1495776
-0.07542981
-0.16319346
0.8598647
-2.2481618
0.09009181
0.7366221
0.23639183
0.33013168
-0.766454
-0.48633593
-1.6735158
0.9096793
-1.4781064
0.97069526
0.7623706
-0.053964432
1.9469137
0.5041654
-2.4492152
0.7265815
0.535302
-1.3901863
-0.075817816
-1.5226197
-0.7018701
-3.7180157
-1.7831142
1.4314331
0.6746119
-0.30241695
-1.5672208
-0.24387999
3.5765343
-1.5976726
-0.46063772
-0.18453579
-0.315888
-1.6512226
1.8123193
0.030075496
1.1991858
3.6087644
-1.3721296
0.31189746
1.7080123
0.058957376
0.9869146
0.7987315
-1.3838735
-0.9322488
-2.09316
-2.715696
1.8362037
0.31726247
0.22761436
-0.94031245
-0.5918607
-0.0016399239
0.77113074
-1.432443
1.2202036
6.9569335
2.5195355
0.12378061
1.0467728
2.6543586
-2.2139318
3.2563925
-4.212017
-5.0535007
-2.1296263
-1.0081213
0.66250604
-2.0533798
9.848943
-0.45451707
-3.6597676
1.6617367
0.27303836
4.8548536
1.7432872
0.7757874
-1.5033743
1.3257704
-4.1173453
1.3744445
0.4756925
-0.8571994
2.3315501
6.4752736
-0.8396411
-0.8683649
-0.752385
-0.55780673
-0.3346985
-0.40781564
0.7021697
0.853754
0.098592624
0.15810096
0.27113023
0.15733382
0.39552873
0.8605764
-0.9629355
0.11975689
0.21332487
-0.81235033
-1.0805178
0.95666677
-0.35336396
-1.5148791
-1.3444409
0.8001639
0.61417615
0.30587232
-0.51005924
2.3506458
-0.9894661
0.54897517
0.54329455
-0.61841685
1.0438743
0.15027665
0.11525113
-0.41134167
0.7681254
-0.48314378
-0.4525792
0.039036367
0.7800021
-0.5057008
-0.57519424
0.12620807
0.38736996
0.0065521817
0.4156522
-11.838003
-2.2753506
0.99442965
-2.6662698
-2.4678116
-1.6263213
-0.9681214
-0.8073414
-0.9792278
0.28876314
-0.04549022
1.4517721
-0.25952923
-1.2580593
0.5999595
-0.478417
-2.4934964
-1.4197931
0.9282691
-1.4178134
-0.923883
-1.4237098
-0.26463407
-2.9524128
-1.4023628
1.2546054
-2.0210204
10.3889265
-0.89353216
-3.1012278
2.7956553
-1.6704589
3.9956026
1.2244068
-1.061643
-2.0106955
0.36494526
-2.6109867
0.155385
3.020699
-0.17249005
0.8197116
7.5997553
1.0131478
-1.3997997
0.983518
-2.527531
0.940766
-2.1157231
-3.2339926
1.0501999
-2.0903888
-0.52225083
-0.656384
0.074721865
-1.7513607
1.8403101
-1.1980292
-1.7913339
0.47936964
0.9783611
-2.3926308
1.1128626
1.9000533
-1.1704241
-1.0480742
-1.3936945
-0.63934505
-3.9185574
-2.7728713
1.9778595
-2.5925636
-0.8545981
-2.7371962
-2.5549064
2.4722161
-1.5075434
4.113948
1.0757248
-0.13569291
-1.4213188
1.1723493
-2.442212
1.2709427
1.7607001
-0.66071784
2.2922688
6.741534
0.18651311
-0.69038546
0.17489858
-0.36839896
0.29131413
-1.6099086
-4.2839823
0.45462817
-0.30977222
-0.8403736
-0.021623164
-0.14347693
-0.5232025
0.10076014
-1.7118511
-0.72862494
0.79243565
1.1167734
-0.4440836
0.7134712
1.1425366
-1.9406285
-1.4133263
0.44956696
0.58163667
-0.45020345
-0.48735
-0.058501083
-1.4789947
0.2586597
0.53843826
-2.5776994
0.07552084
-0.2194216
4.59606
-1.1161413
0.27003434
-0.71509695
0.44848403
-3.7842147
0.04707545
1.0189492
0.2822853
1.3777509
6.7416277
-0.6169689
1.6959178
-10.848136
-1.8485831
-0.88633984
-2.815444
-3.064937
-1.0456882
-1.262326
0.9317558
-0.86619693
-0.15902174
-0.74138784
1.9930124
-1.3395368
1.1640105
7.8222704
0.44821388
-0.81176615
-1.4601476
1.9935185
-0.7373915
2.321737
-5.154466
-4.6311474
-3.7940307
-1.1356174
0.25798613
-1.9398724
10.828844
-2.1585808
-3.2669845
0.96666193
-1.0205622
4.9245815
1.3995644
1.1111177
-1.5885092
1.4750848
-2.7569945
1.6801264
2.3363256
-1.7814345
2.0226524
6.382951
-0.42852625
0.6919461
-12.020918
-2.5244942
-0.9018217
0.36526674
-0.8838137
-2.642864
-0.7158335
-0.023740452
-0.17466
0.06546144
-1.4309068
0.65780973
-1.0020953
1.7136246
6.9157004
0.6939447
-1.2159626
-1.9549688
0.58036757
-1.9170678
2.6626148
-4.355119
-3.4762545
-3.2952552
-2.1421003
2.5984917
0.761401
9.172497
-1.460543
0.51382834
2.663173
-0.77826124
1.1378603
1.4090854
1.0888581
-1.7341579
1.2686994
0.84222
0.5163669
1.9560591
-1.6992285
1.0929611
6.2092156
-1.3919846
1.6471767
-11.997304
-2.72182
-1.6471417
-2.3555098
-3.6650221
-0.9554731
-2.020267
0.04302337
-1.9215341
-1.4388773
-1.6675378
0.70648015
-1.7239146
0.29805812
8.371369
0.2278176
-2.1815085
-1.3701239
2.4880872
-3.0470552
2.410938
-5.0041814
-4.892365
-3.6428528
-2.5573318
0.9741298
-1.6569074
9.543998
-1.7573682
-2.2110167
3.0967944
-1.1194464
4.1497016
1.2925993
-0.019008994
-2.4671035
1.2062998
-3.4273267
2.0555828
2.0323424
-1.9217429
1.9389483
7.832617
-0.092148915
0.2910449
-0.6253878
0.54784846
0.30484644
0.4760871
-3.5830283
-0.72435546
0.5957772
-0.3737868
0.2670823
0.66258556
0.41347945
-1.5717934
3.8989875
0.9858807
0.19490764
-0.6022676
0.39055023
0.49740133
0.44080853
0.12736358
0.06579566
-0.17381842
0.11342889
-0.14852935
0.6849026
0.4272204
-1.1734471
-0.02654245
-1.1859578
0.64277303
-0.15336694
0.61861813
0.07693174
0.28172022
-0.5901263
-0.24917273
0.291155
0.51365775
0.97671115
-1.1067994
0.13900861
-0.111763135
-0.40486208
-0.11859963
1.0727205
0.55926913
0.55299
-0.14784406
0.16440447
-1.6381763
0.52284825
-0.20170656
0.04891477
-0.21759863
0.7670263
1.0940838
0.3967403
-0.17461942
-0.034396134
1.1791334
-0.7883423
0.30077425
-0.64460474
-0.04290679
-0.34617972
-0.86742383
-1.3707621
-0.8287488
-0.9743352
0.5410619
-0.043655455
0.72860193
0.09256297
0.9204193
0.8595379
-0.91111475
-0.39530274
0.775275
-0.13773142
0.07009388
0.68388146
-0.7669484
-0.029504552
-0.13311127
0.6375045
-0.3811279
0.7358795
0.70756507
-0.5673935
0.93606156
-0.22872575
-0.15353379
0.98286706
0.63850063
-0.40222842
0.2905261
-0.18982998
-0.89482754
0.512652
0.21089222
0.1979335
-0.8412039
-0.497096
0.7191647
-0.05072926
-0.75083333
0.85849607
-0.51574373
0.17403765
0.11965601
2.0978608
0.41976008
-0.9136096
-0.79312354
0.86035544
0.1347657
1.5526595
0.3178295
-1.6291455
-0.6295483
0.15414931
0.9428188
0.53783107
0.40415654
-1.2182498
-0.49405986
-0.5350493
0.6604165
0.81090695
-0.9200167
-0.060053695
0.25003895
-0.3711592
1.2720406
-0.85886675
0.0971775
-0.1802302
-0.46956158
0.39471534
2.7893434
-0.050984684
1.659745
-0.8376177
0.1825624
0.4284839
0.3911641
0.33026809
-0.5405828
0.8304977
1.0564929
-0.16469635
-0.40175983
-0.23535773
0.35350066
0.3592462
-1.3355106
-0.17588894
-0.7689303
0.03139266
-1.180458
0.62184674
0.9279551
0.010636402
0.12983644
-0.15948665
-0.4380103
-0.516502
0.13106626
1.0374563
0.45234293
0.015034471
-0.13167176
-0.6508996
0.052474994
-0.1338708
-0.4822058
-0.31600004
-0.64373136
0.3338567
-1.1166174
0.5974337
-0.21522096
1.3883325
0.15373561
0.011497689
-0.7820852
-1.0183191
-0.18092677
0.35438216
0.2143335
0.57468545
-1.4213089
0.79601145
-0.9621482
-0.14094032
-1.3652571
0.8377545
-0.04420565
-0.910269
0.54750824
0.13891941
-0.019669209
0.1340653
0.029857099
-1.0601122
-0.42765778
0.122254215
0.21721609
-0.96496934
-0.7420911
-0.6832797
-1.0499732
-0.9556099
0.2890336
-0.69812024
-0.7409606
1.1808252
-0.07326794
1.2498736
0.06763074
-1.6337675
0.0906637
0.7203909
-0.65527564
-0.98910743
0.9023594
1.3463534
0.035092786
0.9412895
-1.7662761
1.0111237
-0.6799178
0.13322829
-1.6970706
0.7599801
1.2396566
-0.80940753
-0.13354704
-1.1504292
1.667239
-0.54491645
-1.3066633
-1.1580029
0.6460037
-0.12652825
-0.86979175
-0.81382334
2.08044
-0.3509576
-0.83957756
1.1650543
-0.054081697
-0.46758208
0.058933206
0.77516353
1.0364624
-0.32371783
-0.8617261
0.96772
-0.3856699
-0.6461094
0.07988147
0.48598897
0.25138384
0.09452619
0.4877121
-0.6890007
0.43975922
-0.84733284
0.27437907
-0.13744015
1.2465357
0.69265616
0.15490565
0.61481845
-0.9274108
0.15781288
-0.42781407
0.03630632
0.80611354
-0.59633017
0.99373
0.27072296
0.47370917
0.051237408
0.14393163
0.7952063
0.60701233
0.9626945
-0.45013252
0.54322493
1.0818919
-3.855671
-0.5372154
-0.060305905
0.4887968
0.7961497
0.7350914
-0.70410675
0.70555764
3.0781684
0.23182422
-0.30227566
-0.47454903
-0.044126593
-0.14218475
0.119534
0.21101503
0.3103856
-0.74692297
-0.38239646
-0.46600193
-0.03807514
0.055988416
0.44693384
-0.6570262
-0.3118138
-0.5038353
0.86533546
-0.36890644
0.79352534
0.46384624
-0.08352653
0.17234172
-0.82396036
0.8657715
0.9635914
-0.5345319
-0.57186794
0.40620127
-0.092343494
-0.9008601
0.30733097
0.53988993
-0.30176845
-1.0062575
-0.58202267
-0.83045286
-0.6483195
-0.6602015
-0.036203537
-0.93641806
0.87775475
0.22891682
-0.58157754
-0.15550992
0.9633366
0.40353864
0.027031302
-0.41026783
-0.56728166
-0.5758605
0.36475617
0.17007892
-1.036989
0.27907577
0.29064754
-0.87264144
0.18598129
-0.11023132
1.455355
0.7997222
-0.27438438
-1.4301006
-0.1880939
-0.71025544
1.4974383
0.21453954
2.2618356
0.97416353
1.028172
-0.36694562
-0.97122914
-2.4908125
0.39900258
-0.758699
0.04169376
0.69455636
0.7321965
0.98466295
-0.7625607
-1.0039682
0.06715226
2.0342977
-0.46156383
0.004281359
-0.62218165
0.21268147
-1.0517446
-0.3037037
0.98477876
1.8638954
-1.8562653
0.090144664
0.47826603
-0.15122461
-0.21857162
-1.0118399
1.0462439
1.0809499
0.92867666
-0.16191639
-0.93962914
-0.03643274
0.20362312
-0.43705612
-0.02400645
0.21733893
3.7948055
0.067673594
-0.29686564
0.26068416
0.20312285
0.57336974
0.58445877
0.18430796
-0.40502545
-0.808372
-0.87267536
-0.8640797
0.12082249
0.1190113
-0.8959964
0.6897808
0.40896866
0.73650384
0.19015315
0.35468102
-0.07113967
-0.5865303
-0.27532178
-0.8646219
-1.9543549
1.6722225
2.6316445
0.7794446
-4.145548
-0.4266902
1.6620318
-2.047716
2.1120605
1.7544049
-2.4713435
-0.56110907
3.0813713
-1.6487269
0.22278842
0.20360306
-0.48261788
-1.4134309
2.2392817
0.70586973
-0.34480572
-0.47907764
-1.3808527
2.3255174
-0.66444486
1.1541107
-1.0250034
1.9097521
-0.94659424
-0.07201556
0.122385874
1.242115
-0.09306557
0.45265818
-1.3314801
0.041932516
0.6962973
-0.27662912
-0.17943089
0.7417588
0.26892617
-0.02146538
-0.9054765
0.57372236
0.94865674
-0.9033961
1.0884116
0.5628938
0.30948427
0.48364055
-0.8950425
0.7704837
0.13560236
-0.60701203
-0.42763236
1.1030067
-0.8629259
-0.5091483
0.82337373
1.029067
-0.019401332
0.93946064
0.49173725
-0.8849145
-0.80534554
-0.5355869
0.5918231
-0.87666804
-0.35365725
-0.38049802
-0.34970266
-1.3997809
0.14225462
1.367237
-0.22308464
0.86622274
-3.0936046
0.2404491
-0.70415163
-2.3007114
0.72758174
-0.67179567
1.4572486
-0.4438959
4.2731013
-1.91419
-0.36124116
-0.15936434
-0.3478758
0.8386598
0.029298544
1.4145745
-0.2650113
0.27050173
0.805451
1.080147
-1.1972349
0.65962905
0.17360091
-0.077854715
-1.284523
0.57732975
0.41136926
0.12668496
-0.87770426
0.58343464
-2.8044434
-0.19218183
-1.3286178
0.7857298
3.2170842
1.1966261
-4.3732395
-1.398626
1.6352592
-0.45019722
1.717635
2.4564722
-1.992204
-0.43015245
1.8205405
-1.1370709
0.42809498
2.1671124
-0.581315
-1.8819003
1.9954898
0.6790728
0.028698184
-1.3611699
-0.25716874
2.001697
-1.5833533
0.8298903
-1.2527051
1.6171687
-0.40501547
0.012538812
1.0517612
2.1945577
-1.917419
1.8101351
-1.5159943
-1.081288
1.1682193
-1.072024
1.222086
-0.7628679
-0.95330733
-1.480388
-0.4407281
-1.1200023
1.0987052
1.0140451
1.5912535
-1.3285686
0.850359
-1.9204003
-0.20702377
-0.21128044
-1.1183574
-0.2959782
0.03564907
1.6760386
-0.6333551
-0.08344408
-0.8365287
1.0469899
0.10120953
-0.9310494
0.017461026
0.03751995
-0.22580269
-0.8436638
-0.38703686
-0.85116136
0.14026865
-0.9177485
0.6979457
-0.5003161
-0.9780819
-0.8207037
-0.545931
-0.046578042
0.5034773
-0.95854443
0.31414416
-0.18130137
0.71049494
0.49902943
-0.6856294
-0.359456
0.64052397
0.22536767
0.12571207
0.10784667
0.5118215
-0.67186034
-0.15736912
-0.79297745
-0.16231884
0.9833539
-0.13706511
0.26841742
0.4136191
0.5907488
0.7044911
0.8001054
0.41565824
-0.57120854
0.4935186
-0.85893315
0.40239
0.13268682
0.85847753
0.35493284
-0.49604464
-0.02350865
1.3664699
-0.8220741
-1.1756983
-0.7595676
-0.68691266
-1.4805226
1.1651549
0.42810857
1.9453789
-0.7701906
0.63119185
-2.0217552
-0.1444119
-0.77134734
0.22792348
-0.07664897
-0.13015334
1.8290595
-1.0772307
-0.30027035
-0.10802727
0.5663649
-1.1072466
-0.9983565
-0.62267077
-1.0195183
-1.1095588
-0.41860825
-0.58581704
-0.039942328
0.14467582
-1.2840457
0.46663517
-1.6307336
-0.19193801
1.4041141
2.9838042
1.3235689
-3.9868717
-1.0673443
0.6239072
-1.1048257
2.3477445
0.83641773
-2.2145963
-0.70736897
2.4975507
-1.2970724
0.39014256
1.3848944
-1.2612351
-1.7690752
0.6282595
1.364736
-0.37738103
-1.1036869
0.039303944
1.8057543
-0.97225636
1.8279185
-0.42137513
0.99942744
-1.0867497
0.06332659
-0.03576099
1.5213192
-0.81420135
1.9417155
-0.33363166
0.45620802
-0.065702476
-0.8629874
0.29737842
1.0037712
-0.8962697
0.15634336
0.31404153
0.5997134
0.5345849
-0.788845
-0.4866403
-0.7609004
-0.36602196
-0.8796998
0.77960473
0.6143849
-0.68598264
0.8856489
-0.9733518
0.2210418
0.7861755
0.117455356
0.8000337
-0.38824564
0.32905915
-0.8721566
0.12596333
-0.77424407
0.72164536
0.6331416
-0.99485976
0.8878298
-0.96890485
0.4641952
-0.994231
0.5136142
-0.76532495
-0.116807014
-0.82447034
1.3182838
-3.0594192
-0.28363094
0.907314
0.5341613
0.15311766
0.41529027
-0.18638718
0.5897155
0.4987364
0.7612149
0.9120539
0.40892494
-0.5785634
-0.40245163
0.99980766
0.3014906
0.6058957
0.42311203
0.8842947
0.2951209
-0.6187251
0.40923184
-0.8250843
-0.6859912
0.27532756
-0.09678521
-0.8499533
-0.5684623
0.118510835
0.2111668
0.4654674
-0.8861612
0.71942675
0.76612043
-0.02332274
0.6873043
0.6110716
-0.7200758
-0.15381639
0.1815083
0.28584337
-0.10719177
1.2254785
0.2549172
0.8735745
0.07554925
0.60144925
-0.6118325
0.7462199
0.08094986
0.45453247
0.26045838
0.42379534
0.20448275
-0.8310265
0.24446599
0.13936952
-0.09011693
0.7452764
0.5075947
-0.5117961
-0.21508262
-0.6285364
0.38931763
0.6725158
0.55406564
-0.61457056
-0.49961922
0.7642494
0.54980284
-0.27221742
-0.2913933
-0.75897455
-0.60766214
-0.32768515
-0.70900446
-0.3068971
-0.49904612
0.9295543
-0.40684012
0.44206542
0.24959232
-0.91160893
-0.062701635
0.25221244
-0.20008717
-0.2168814
0.17126116
-0.15478633
-0.18836576
0.0037758376
0.61616355
0.14679152
-0.0613002
-0.17695083
-0.13732839
-0.6150407
-0.93453455
0.30330718
0.72334963
0.7504767
0.21009135
0.9908825
0.6848899
0.7874493
-0.23063675
0.85430133
-0.6652628
-0.7916162
-0.7196387
0.5497892
0.77155703
-0.5670372
-0.94865894
-0.098849416
0.6831106
0.32987064
0.24409452
-0.32885832
-0.9712358
0.6519579
-0.13233978
0.22908475
-0.16389418
0.19457525
-0.16928524
-0.090969965
-0.094339214
-0.36435652
0.0031890124
0.49562094
-0.22126071
-0.23590782
0.29015154
-0.82655025
-0.1024231
-0.0067673847
-0.56704503
-0.5061797
0.111655205
-0.031852093
-0.052950993
0.077296495
-0.5136971
-0.6616874
-0.6182552
0.25947016
-0.58859265
0.602414
0.3813037
0.4181038
-0.7245173
0.7553779
-0.047246702
0.7203771
-0.98808706
-0.5320763
0.7283671
0.43704903
1.4922425
1.0361286
-0.20367141
0.57430774
-0.678877
-0.62262326
0.23579814
0.07323438
-0.49160695
0.2678241
0.78953946
-0.116649
0.87203705
0.5316068
-0.26466817
0.40294945
-1.8510517
-0.23332661
0.5085931
1.5834599
-0.35603255
-4.0735745
-1.7420837
1.3592387
-0.237964
1.3617107
1.5491455
-1.6897612
-1.2953461
1.9183494
-1.2629704
1.7785134
1.452009
-0.50443774
-2.0347793
1.8315814
1.28415
-1.6653465
-0.10168328
-0.08679786
1.2561548
0.32266405
1.2241092
-0.9989898
0.52385956
-1.5848383
-1.7415181
0.10602431
2.1724439
-1.1353066
0.6463755
-1.0230986
-0.28076258
-0.20114464
-0.13778573
-0.41281456
-0.18005508
-0.2552444
-0.11835082
0.73043454
-0.5591022
0.32991865
-0.45786023
1.3784947
-0.9790161
-0.20511937
-1.527445
-0.49964386
-1.101931
0.3171893
0.34601504
0.5908758
0.107400954
-0.69823605
-0.80084276
-0.3255103
1.0826187
0.41295376
-0.25290516
-0.614197
-0.14413492
-0.78754985
-0.7220267
-0.901114
-0.76398766
-1.1337789
-0.16334729
0.54532933
0.084824644
-1.0682443
-0.10227096
4.32204
0.23882622
-5.297434
-1.0205752
-0.91547334
0.08587144
0.7883643
1.5839393
-3.1732078
0.19055167
3.6835165
-0.052433264
2.4419408
1.4387527
-2.1580315
-2.2873142
1.72872
-0.07035299
-0.19667125
0.29523665
-0.6634782
0.85186917
-0.6834727
0.5779478
-0.669235
0.4544461
-0.8205738
-0.71230066
-0.7223816
-0.08400533
-0.9643761
1.095509
-1.2657183
0.49882415
-0.4311052
-0.6983426
-0.3271588
-0.10960284
-0.63852286
0.19942124
0.82886267
0.6135045
1.0040237
-0.9324756
-0.58841276
0.82724077
-0.9963007
0.40012562
0.6110546
-0.5885742
0.5694459
0.9216036
-0.5791762
0.1667316
0.7152395
-0.10165384
-0.8707397
0.8651414
-0.056246575
-0.49539083
0.695484
0.64131963
-0.12081024
-0.18183525
0.8476068
-0.2316653
-0.5707263
0.96461314
-0.61214507
-0.09842466
0.033714842
0.5381992
1.0014848
-0.9125901
0.35934222
-0.45728403
0.8457878
-0.338355
-0.377396
-0.47412986
0.3418231
-0.29183257
-0.42744386
-1.6207122
0.9054457
-0.51284355
-0.19001654
0.21101995
-0.63931835
-0.6512031
0.5318141
-0.21670185
0.474818
0.79601943
0.39312968
0.72919077
0.568791
-0.33738887
-0.895911
-0.4341218
-0.9276073
-0.1439178
-1.561227
-0.94250727
0.578246
-1.8136634
-0.08733837
0.48750854
2.6603408
0.20785622
-4.447519
-0.10113261
1.4740759
-2.04206
1.8368721
1.2128423
-1.9130158
-0.82600665
1.4260341
-1.1717215
1.1028606
0.14203286
-1.3331832
-0.92263454
1.4109803
0.22184153
-1.7864605
-1.2183465
-1.8646846
2.0211985
-1.3847258
0.6715302
-0.9918314
0.42971298
-0.5688044
-1.7408177
1.7211542
1.084485
-0.7723804
2.1093192
-2.0368438
-0.3668024
0.88318783
0.08886109
-0.5073799
-0.97747487
0.8861084
0.37323582
-0.38372758
0.09351529
0.24325763
-0.3591527
-0.7081354
0.9370531
0.66514856
0.2405856
-0.47670668
-0.05508394
-0.21519545
0.59173304
-0.6699764
-0.5690977
0.19126908
-0.011003704
-0.6331325
0.23475127
-0.15900554
-0.5357864
-0.1864121
0.48832586
0.75598115
-0.7177724
-0.5786914
0.56378967
-0.66113204
-0.7128526
-0.08171684
-1.8110663
-1.5155073
1.0664715
2.5997927
1.0178615
-4.079255
-0.40213028
1.4497322
-1.579545
1.8924202
3.0540223
-3.163588
-1.3447496
2.852882
-2.1927645
0.6052852
1.8987565
-0.928539
-1.0442787
0.67400247
0.85723597
-1.462227
-0.8588201
-0.06409816
0.42644802
-0.6606764
0.85740274
-0.1770297
1.4865003
-0.92551804
-1.0765082
0.8874322
1.4678209
-0.43752322
1.070549
-1.2751564
0.32000434
-0.6232639
2.1695106
1.756866
1.1964824
-4.6070547
-0.20053573
2.0007153
-0.30082768
0.78745544
0.7384472
-2.6911368
-1.1578792
3.1251473
0.69619244
1.56483
0.96315885
-0.16240458
-0.76880026
1.6060578
2.0518827
-0.5773296
-1.2759979
-0.31517342
-0.5259377
0.26241148
1.186946
-1.6777923
1.8958156
-0.45395416
0.40190244
1.0876677
1.257337
-0.74665236
0.53747886
-1.5537887
-0.19935367
0.93084896
-0.23582542
-0.6888246
1.1550541
-3.705899
0.12480161
0.41880798
-0.022330215
-0.038071375
-0.11372867
-0.6883509
0.0034929304
0.5606664
0.39129645
-0.80683106
0.4768312
-0.71141654
-0.71359164
0.7994808
-0.060173247
0.2547152
-0.5773761
-0.6627825
0.7998153
0.4713566
0.55925745
0.4308147
-0.13391466
-0.8299054
-0.048459284
0.9010154
-0.8886479
-0.63743633
-0.83812743
-0.36510336
-0.2536973
0.43072408
0.49191737
-0.0022078154
0.8889564
-0.5778411
-0.564466
0.0710775
0.5866921
-0.27416545
0.048912216
0.34721136
-0.09578243
-0.1751157
0.74409086
-0.47636798
0.08355816
0.5486585
-0.33789152
0.31475648
-0.5879036
0.060891397
0.20260239
-0.21553989
-0.5610372
0.97480524
0.14979717
-0.47051644
-0.3317944
-0.2885369
-0.37584472
-0.6180333
-0.038192965
0.20347852
-0.26693645
0.75428873
-0.6330751
-1.7505437
1.2771096
2.5270965
0.6013926
-4.509958
0.01574569
0.722368
-1.8803573
2.8476934
1.2980344
-2.6515312
-0.4125124
1.4554944
-1.2298717
0.8969345
1.8287277
-1.2573012
-1.7922024
1.5990243
0.8521771
-1.432125
-1.4908205
-1.5346894
1.0007752
-1.6900531
0.5069265
-1.0568312
1.1253086
-0.29683682
-1.3813547
1.6670231
0.8343964
-1.2154009
0.47315532
-0.70641625
-0.33578485
-0.064983875
-0.62654734
0.47008872
-0.26021636
-0.39331898
-0.26975968
-0.9169438
-0.27224308
1.1162428
1.0619755
0.57612646
-0.7443093
0.8434454
-1.0985607
-0.35167614
0.18413025
-0.53171337
-0.44013515
0.70683175
0.98226464
-1.0468574
0.34267992
0.61981535
1.3943882
-0.4687017
0.45889002
-1.2167698
-0.7133422
-1.5161208
1.0148829
-1.5386983
-0.8087277
-0.3276264
0.043311067
-0.8535787
-1.5665154
-0.8431085
0.8431958
2.5280092
-0.54051805
-4.07333
-0.814419
0.67808425
-0.50920606
2.006464
1.3344004
-2.4548774
-1.7581036
2.1089723
-1.4919733
1.3175931
0.3225674
-1.108705
-1.0884961
2.296592
0.36213413
-1.2914225
-0.5601797
-0.9679379
1.7328368
-0.9923371
0.37021714
-0.5642202
1.0076001
-1.0771515
-0.19284005
1.6483227
0.89421505
-1.0614278
0.15432914
-1.4749863
-0.33270752
-1.2284837
0.14319117
3.4361155
-0.5802871
-3.9874027
-1.0517522
0.4593426
-0.38772923
2.875691
2.4561105
-1.4312292
-1.8859767
1.5789393
-1.5534303
1.874883
0.5930381
-0.7830569
-0.7197675
1.978428
1.3608134
-1.1897954
-0.092964925
-0.52470964
1.8032609
-0.8663519
0.24066077
-0.0412678
1.3431726
-0.37422103
-1.5568761
0.38554752
0.5531817
-1.0259695
0.3444717
-0.0756735
0.9573195
-0.50921535
-0.8563694
0.7702357
-0.05935272
-0.8991363
-0.13780534
-0.3419185
-0.9550499
-0.58876806
-0.25890672
0.9356532
-0.21530001
0.86655796
0.6435263
0.087758966
0.6140673
-0.12665537
-0.29309344
-0.6517572
-0.6550528
0.48553056
-0.23199746
0.65014744
0.57353616
0.68983984
-0.45210654
0.48861486
0.21839246
-0.31971446
0.38475543
-1.0479214
0.7970922
-0.16282475
-0.6867939
-0.1354572
-0.7296059
-1.5490991
2.0335767
2.4187648
0.67103624
-5.5188503
-1.5362016
1.4549174
-1.7034867
1.5331177
1.8125935
-0.9940982
-0.12909561
2.2659879
-1.4199388
0.75086826
1.17859
-1.0564047
-1.375164
1.990757
1.4375328
-0.7316118
-0.13463716
-1.0558481
1.9551253
-1.0788603
0.89106065
-1.5385401
1.0861075
0.09263122
-0.9309021
0.49729937
1.3133042
-1.0599661
0.75306016
-1.0017416
-0.5908827
-1.4702817
1.6113645
2.7566874
-0.16018598
-4.137831
-1.262817
1.0765492
-1.5807986
1.9226936
2.0506883
-2.247813
-1.1686174
2.2633908
-1.2159135
1.756959
0.035939194
-0.21603179
-1.7209392
1.8142333
1.1710036
-0.934568
-0.98449755
-1.95593
0.6668349
0.009482831
1.6996832
-1.4203193
0.2430744
-1.4973975
-0.4574342
1.622477
2.3446789
-0.9738345
1.0475793
-1.0516067
-0.6443802
-0.6496792
-0.03263105
-0.24246421
-0.4694357
-0.95555
-0.32303298
0.45503482
-1.6454309
1.8486907
0.71867484
-1.5401806
-2.0114489
-0.3204238
-1.2792506
0.106556006
-0.6115259
-0.15611507
-0.80797565
0.6540707
0.723207
-0.77847797
-0.56930864
-0.70605767
1.7412907
-0.14659688
-0.4142731
-0.9129714
0.015049902
-0.07870766
-0.7016961
-0.15157497
2.3531802
-1.7820247
1.9046382
0.5000008
0.25253946
-1.3221164
-0.25695065
-0.96184087
1.108293
0.6001253
-0.8374006
0.6641219
-1.5351791
-0.6934391
-1.3536057
-0.3185469
0.09737392
0.06466317
1.4218043
-0.93531626
1.0437474
0.6104282
-0.30594316
-0.5842175
-0.82649064
1.0081351
-0.7700525
-0.18715498
0.5458494
-0.38253164
-0.25115153
-0.6049386
1.270653
-0.50649565
-1.223235
-0.9453735
-1.141358
-1.1421613
0.85869503
1.3825977
1.0998195
0.18412155
-0.58632576
0.4335675
0.48614144
-0.3808155
-0.19081433
0.76753646
-0.59874713
-0.59526473
-0.21107161
0.78849554
-0.18321481
-0.018251037
0.38542756
-0.11083589
-1.1085436
1.0209635
0.5547713
0.21660112
-0.23348881
-0.1948998
-0.7341193
-0.21310805
-1.0361925
1.4484943
-0.3022391
0.41095555
0.09393157
-0.30087253
0.4885754
-0.36713287
-0.3901341
-0.46647745
1.1776173
2.2073405
-0.957885
-0.023721766
-0.7814026
-0.007355208
0.2826704
-1.1250651
0.12535325
0.97195166
1.4924041
-0.43236542
1.297563
-1.410607
0.0501012
-0.3720442
-0.15654792
-1.7238712
-0.17415299
-0.41838792
0.55415124
2.0842955
-0.59288394
-1.3147813
-0.28319064
-2.046279
-0.98055285
1.3874248
0.5310166
-1.2984499
-0.23628916
0.43529493
1.4187428
0.46094763
-2.3605494
-1.3321638
0.17291826
-1.1045333
0.4449322
-0.8528423
0.32222036
0.25528708
0.14749947
0.71191216
-0.6689372
0.1115851
-0.49502674
-0.0787016
0.03347273
0.79469216
-0.07322707
-1.075216
0.66707
0.86108094
0.9667345
0.6391116
-0.7808979
0.85780936
0.7971428
0.8153826
-0.74440104
-0.40809914
0.020252727
0.6121418
-0.6274976
1.1301382
-0.65519536
-0.30536175
0.02013145
-1.4072927
0.1529749
0.9618227
1.1070181
0.729487
1.4689374
0.81770414
0.70075923
-1.001956
-0.6327688
-0.25127319
0.004499819
0.765258
-1.4128293
0.39618027
-0.56472325
-0.18373138
1.1571416
1.8000078
-0.19767341
-0.44965363
-0.36274812
-0.5064141
0.33290008
-0.98954344
0.4608728
0.4554055
-1.1929028
-0.6511437
0.5111933
-0.843424
-0.893796
-0.67833364
0.56286097
0.11584157
-0.15791763
0.4381967
0.18557176
-0.99744534
-0.8520233
0.8677118
0.92574686
-0.38859382
0.592021
0.87471014
0.4799169
1.2200067
0.5060045
-0.48912996
-0.06053308
-2.851975
-0.3731744
-0.13388789
-0.48784643
-1.5150975
0.033977125
-1.3517025
0.9107568
-1.4003731
-0.27864334
-0.43117535
-0.93190527
-0.49097216
-1.3983101
0.0053807576
-0.9885719
0.5558037
0.11593546
-1.4132085
0.76873976
0.6463175
0.7534686
0.14034529
-0.33985472
-1.7929066
-0.3559473
-0.03554434
0.05412762
-0.6470346
0.40591335
-0.5116263
-0.62144506
-0.4055349
-0.26807895
1.6362175
0.53322595
0.4107062
0.91871977
0.24338546
-0.7143296
0.80782944
-0.42831615
0.2546585
-0.85730517
0.289892
0.8288671
1.0365099
0.72151315
-0.0088708745
0.3671613
0.21854852
-0.7683159
-0.15273726
0.6069541
0.08178085
1.6150473
-0.9532578
-0.7026956
-0.5443767
1.5806265
-1.1149206
-0.3357049
-1.8312471
2.3247263
0.73823756
-0.9655771
-0.5833265
0.6101557
-1.2400984
-2.1772077
1.9207505
0.2269845
0.01842732
1.6272309
1.6883401
0.32995674
2.0505002
-1.5538678
-1.4565053
0.00577764
0.8624313
-1.6896964
-0.05901486
-1.7370971
-1.8684231
-1.9467204
0.4810081
-1.1531069
0.9223593
0.29784462
-0.29905728
1.8175038
-0.68693507
-0.73599666
-0.6745044
-1.7722603
-0.85547584
1.4154223
0.6411911
-1.4894954
-0.17640455
0.7351516
1.6521062
0.512535
-2.7890744
0.06275997
0.4779613
0.2309425
1.1423658
0.15382487
-1.220533
0.7266436
-0.14366095
0.7865982
-0.33506277
0.36766368
0.773583
1.0172591
0.10761304
-0.24851556
-1.8340772
-1.1779863
-0.7127264
-0.7730959
0.87254
-0.91327524
-0.57564384
0.09600931
-0.25406367
0.67153347
0.79901177
-0.49309903
0.0036601915
-1.1488708
-0.10472235
-1.3463472
0.72252715
0.08642286
0.5619661
1.020344
-1.1026181
-0.50545216
-0.4129028
-2.3150148
-0.26355413
-0.9059431
-0.90844786
-0.84556377
-0.86232257
0.52876544
-0.49989632
1.0235834
0.68515056
-0.6122131
-0.08602068
0.6529723
0.8326828
-0.23038529
1.5893246
0.35507843
0.8468077
-0.075520135
-1.448371
-0.7368281
-0.4571065
-2.1164246
-0.39162576
-0.9694603
-0.8678484
-0.46774623
0.90949774
-0.7810413
-0.5848089
-0.49113497
-1.0725439
0.61967456
-0.61380965
-0.8712104
-0.927868
-0.7178235
-0.81237763
-0.9681048
-0.22441907
-0.7435086
-0.055766888
-1.4871169
-0.77551806
-0.43263066
0.13398607
0.62838113
0.7230819
0.37288037
0.36229458
0.53806853
-0.14853986
0.23272277
-0.18027532
-0.14171608
1.0149305
0.7673384
-0.32938504
-0.5644512
0.25316882
0.0086797085
-0.24746358
0.5927687
-0.2115171
-0.91893566
-1.0524912
-0.7792386
-0.5118202
-0.19119452
-0.81355184
-0.9720749
-0.44975337
0.7596164
-1.286998
-0.29261252
0.19453163
-1.7421216
-0.44369894
1.5377586
0.09966221
0.7311202
-3.1848178
1.5924935
0.20759039
-0.94448256
-0.07908506
-0.010774704
0.5970127
-0.6408741
0.21573201
1.5177263
-0.5577696
3.011641
0.68101966
0.37281436
1.2834648
0.88209903
-0.65092003
0.3140585
-0.6380051
-0.4225857
0.25627768
0.21979143
-0.62222004
0.39362878
0.1393459
-0.63613987
2.1118886
-0.076827705
-0.30385554
0.8916948
0.35297245
0.36219385
-0.8030801
-0.8368755
-0.44051525
-0.062391665
1.5024546
0.61335266
1.2166542
0.5992995
0.5640026
0.15275702
-1.428569
0.61780655
1.0578082
1.2775733
0.952789
-1.0632222
-0.029424354
-0.5258035
-0.66730344
-0.6472687
-0.7185874
0.19244304
-1.5658178
0.35867468
-0.09121757
-0.62545216
0.3551787
0.6126873
-0.7566777
-0.08199121
-0.27072167
-0.61559004
-0.8030934
-1.017991
-0.123657905
-0.1307371
1.263519
-0.1820441
-1.0503707
0.74616104
-0.28117642
0.40279976
0.99087083
1.1258446
0.30828926
-0.7435091
-0.7087184
0.82110965
0.31735286
1.2719425
-0.22784895
0.95803696
0.49077946
0.04135859
0.5572156
-0.8856061
-0.8688172
0.53618217
0.9574271
0.35232484
-0.44770917
0.45916066
-0.44390815
-0.39723113
-0.75894237
-0.66782254
0.34611517
-0.39500284
-0.43364733
0.6604103
-1.6538163
-0.486693
-0.7714103
1.7472324
-0.9722439
-0.07517412
-1.595152
1.2985785
0.22601958
-1.5420389
-0.6340267
-0.77748656
-1.3800741
-1.8544929
1.4213518
-1.2188137
-1.5638105
1.7793367
1.5882806
1.7121841
1.8922603
-0.27892104
-0.86594
0.075799555
0.4909195
-0.7967717
1.6572623
-1.1508363
0.038906824
-1.769675
0.8553949
-0.33263972
0.5149209
-0.7860889
1.6805623
1.5145849
-0.4153232
-2.3412378
-1.1282629
-1.3322505
-1.6524479
1.0411676
0.47886878
-1.712694
0.71306956
1.4685334
1.5703903
1.1328576
-0.29726496
-0.5407404
0.63581234
0.40166226
0.8947331
0.22331682
0.5323586
-0.25933415
0.90561795
-0.59339225
-0.47243634
0.85193056
0.71490777
-0.51659447
-0.009816217
0.58362067
0.8036846
0.6080103
-0.9238149
-0.9415034
-0.44996235
-0.21368873
0.06629444
0.3169744
0.061442517
0.2730712
-0.72633284
0.63395107
-0.17969783
0.3109966
-0.893822
0.9110829
0.0501806
0.15024994
0.38288376
0.56985694
-0.35904023
-0.28423554
0.2873095
0.31677687
-0.34604514
-0.17433506
0.38811776
-0.75547785
0.645017
0.68516946
0.8981074
0.44449016
-0.6084239
-0.46571603
0.29779226
-0.39344528
-0.59912205
0.24148685
-0.70205575
-0.71508044
-0.30982342
0.9249142
0.11246007
0.1367847
-0.3790769
0.48114586
-0.5168731
0.32628322
0.93493754
0.69551575
-0.3368839
0.081951104
-0.551624
0.47699073
-0.42382723
-0.12027293
-0.57864267
-0.29108092
-0.12790762
1.1759012
0.014529419
-0.5533432
0.49778378
-0.09568229
-0.06215555
-0.56054497
-0.3739484
0.43457186
-0.911162
-0.7345846
0.9240273
-1.8529757
-0.026558464
-1.3952565
1.0027362
-1.2026746
0.018124327
-0.7712372
0.8783018
1.436246
-1.6390971
-1.8833312
-1.350011
-1.8632871
-0.60047716
0.9095794
0.8464738
-1.872398
0.20408101
0.94232017
1.9837972
2.2561686
-1.4366775
-1.5863976
0.26919222
-0.2990648
0.585761
0.13024965
-0.05777317
0.6670559
-0.19664699
-0.034788564
0.43999648
-0.08108958
-0.2257573
-0.65811497
0.60198605
-0.8801062
0.7475889
0.22406861
0.69355816
0.36307573
0.9624609
0.72648805
0.6387395
-1.0332297
-0.7333037
0.82720697
-0.5204153
-0.39986688
-0.93187636
-0.51362383
-0.4361417
0.8800325
0.87269837
-0.65066856
-0.32996783
-1.1423707
0.9124342
0.03772292
2.152524
0.67903286
0.8923919
1.9397727
-0.69245344
0.19289503
0.0037014561
-0.46560746
0.63681865
0.11470714
1.2578295
0.735848
-0.9648697
0.0706795
-0.015216085
0.28833407
-1.099265
0.18781002
-0.3598655
2.236699
-0.212175
0.7579642
0.60532814
0.16934188
0.97092175
0.60212976
0.1417324
-0.19541481
-0.40613115
-0.7052235
-0.9154092
0.47058278
0.9853119
-0.20408322
0.96419144
0.9105788
-0.06264933
-0.09934608
0.47526777
0.40773323
0.6361325
-0.65732753
0.65312713
-0.18025218
0.37049994
-0.41505823
0.15173659
-0.78125024
1.6874849
-0.30518833
0.023659261
0.024747493
1.1896621
-0.99322766
0.23226434
-2.599297
0.78965706
0.21557952
-0.6562512
-0.6805066
-0.5219453
0.047222357
-0.89443004
0.75567895
0.20725393
0.2862391
0.73430496
1.1978959
0.81435966
1.191803
0.34640917
-0.18309921
1.9200569
1.8349348
-0.17573242
0.041268054
-0.46581835
-0.9521352
0.29013667
0.4590646
0.10128616
-0.7736794
-0.77601826
-0.890547
-0.39380243
-0.5386243
-0.42257893
0.37181485
0.60766846
-0.5210291
0.6875734
-0.93597656
-0.66255736
0.25694218
-0.6597931
-0.7825545
0.3986162
-0.7604271
-0.7814267
0.1141563
-0.1601736
1.4227465
-1.0794469
-0.95480275
0.8087865
0.50103575
-0.8896242
-0.3174836
0.54641217
0.27193746
0.7899283
-0.6869142
-0.66620547
0.32864147
-0.9006253
-0.27138478
-0.6699436
0.28593567
0.794443
0.9461272
0.32607284
1.1178896
-0.32287288
-0.39983037
-0.4242518
-0.27837986
-0.7799185
-0.46532643
-0.91226137
0.9184176
0.06715902
-1.0650959
0.19170861
1.6582218
0.76319444
0.40708986
-1.868964
1.2486262
0.57671344
-0.083315276
0.1696653
-0.09859626
-0.35444748
0.51371115
-0.110985234
1.1699119
-0.35787693
0.6280177
-0.045951065
-0.11367992
-0.23241729
-0.19990501
-0.4665675
1.4594753
1.30135
-0.88949627
-0.10919117
-0.91446817
-0.32875818
0.56791437
-0.071435586
-0.27531496
0.98987454
-3.0093536
0.26691666
-0.1343298
-0.5564883
-1.0850927
-0.48766664
-0.5112008
-0.92015034
0.18134248
0.89530563
-0.82357264
0.5858618
0.26628992
0.11883757
0.411137
0.5894349
-0.2696522
1.4778949
1.0812403
0.087302916
0.33808458
0.8556453
0.34290493
0.6733349
0.14313278
0.36467668
-0.7752734
0.7546739
7.2041666E-4
-0.21484257
0.47756758
0.20892876
-0.1190138
0.78256387
-0.4849302
0.36606216
-0.08104861
0.55826277
-1.050721
-0.8119523
0.88420373
0.28123355
0.8728129
-0.24244314
0.60953313
0.22309567
-0.011110658
1.6668243
0.11401225
-0.9796742
0.2722259
1.2130382
-0.109525636
1.3371772
-1.9667338
0.33570686
0.441673
-0.96003455
-1.2656893
-0.28004774
0.29811314
0.5785345
1.0882105
0.4053659
0.30378696
0.6394693
1.4843004
1.0306
0.034917936
0.06057142
0.1650068
1.4222705
1.8790382
-1.0703392
0.3032765
-1.247609
-0.4106755
-0.21523154
-0.3705539
-0.32615247
1.3725231
-1.1274683
0.5215568
1.3628215
-0.83769685
0.21886156
-0.030480979
-0.59239364
0.025472216
1.1128992
-0.4613546
-1.0266008
0.6559522
0.20123255
0.10325183
0.252495
-0.7668971
-1.0316386
1.1381171
0.24258988
-1.196512
-0.11817556
-0.09277366
-1.0255551
-0.27301493
-0.48755288
0.051922265
0.9276659
-0.28358588
1.2444055
0.28127202
1.2800407
-0.66093093
0.14654152
-0.94264984
-0.35309798
0.029762017
-0.16724978
-1.1984265
-0.85720605
-1.1166201
0.039578978
0.16792378
-1.5007684
-0.7696266
0.766019
-0.13107096
-0.8075456
0.6304886
0.14578633
0.37590986
-0.16600157
-1.3682754
0.28898048
0.05778382
-0.1227812
0.5112637
-0.7172146
0.6784192
0.36910948
-0.55754054
-0.06775408
0.5937888
0.41543946
-0.98783267
0.93722975
0.4615068
0.318421
0.22933328
-0.72300595
0.50453025
-0.3085797
-0.43834093
0.6451285
-1.7816411
-0.1479995
-1.3860903
0.064282306
-0.25590307
-1.3195717
-0.87255186
1.0572292
-0.26924908
0.21085706
0.13600832
0.8345175
0.04993527
-0.4309272
0.40806574
-2.7768535E-4
0.52680886
0.5899137
0.8745199
0.21388753
0.5718927
-0.10972696
0.5019435
0.9455865
-0.5529621
-0.036890965
-0.68919784
-0.03356755
-0.6059557
-0.4387141
-0.40429175
0.58565474
-0.9182564
0.35356912
0.31579724
-0.2880134
-1.3424629
-0.9751272
-1.3632494
0.24355806
0.6043921
-2.0778022
-1.0501577
0.56529063
0.44750327
-0.74075186
-0.8413207
-1.7953397
-0.65346396
-1.6103107
-1.958233
-0.8566691
0.33547872
-0.017817367
-1.283989
0.19612812
0.5534392
-1.4226191
0.013898353
0.5897186
0.27409688
1.1381651
-0.8333643
-0.21378526
-0.27901867
0.4644316
-0.81818223
0.27638718
1.1779603
0.10782593
0.0015942084
-1.3458893
-0.5911399
0.09737284
0.47384983
0.011340003
-1.279574
-0.5009341
-0.6134928
-0.7782989
-0.35590252
-0.020240134
-1.0389881
-0.9143114
-0.8323696
0.15667777
0.58612084
-0.7192866
-0.3833823
-0.8404806
-1.6427544
-1.8766588
-1.3787551
-2.5611417
-1.6191814
-1.4405737
-2.1902552
0.5033533
-2.6221411
-1.9234838
-2.489514
0.4365851
-2.428313
-2.2554862
-1.2949097
-2.9097457
-1.7813673
-2.1271017
-1.3570074
-0.64535785
-1.8262571
0.02552193
0.06976264
0.2950729
-0.9274645
0.8546073
-1.2141994
-1.1295629
-1.442011
-0.3402445
-0.013743712
-1.4491076
-0.8270131
-1.0670165
-0.48586848
-0.73880714
-1.2946192
-0.7169964
-0.851575
-0.5024907
-0.64081216
-1.0690808
-0.50449055
-0.88304
-0.04018999
0.5945349
-1.0095819
-1.095964
-1.0486376
-0.32975873
1.6030632
-0.52810633
-0.53239393
0.17866522
-0.84690547
0.750149
1.2549403
-0.6973064
-0.5954422
0.78785074
1.1567789
0.16271731
-0.9255137
0.6710965
-1.0583618
0.30321795
-0.915856
0.076245435
0.4848973
-1.0452635
-0.22798711
0.13440435
0.28894803
0.4289778
0.16950147
-0.117219605
-0.9177259
-0.13107474
0.4851846
0.21241255
-0.89610857
0.71098214
0.6701997
0.30820778
0.13426316
0.12076927
0.90108955
-0.49177125
-0.7120005
1.1584902
0.5101359
0.17676935
-0.013909449
-1.0379664
0.032619465
-0.44428456
0.12906091
-0.5908871
0.18136257
0.58314145
-0.922579
0.375838
0.47484106
0.7513197
-0.71979266
0.2773752
-0.45672184
0.76926506
0.13362566
0.43694538
0.22835882
-1.0562539
-0.11647535
-0.76332206
0.3106721
0.71026075
-0.6794693
-1.496115
-0.72899
-0.65200794
-0.5806831
0.26332638
0.54650575
-0.8146328
-0.5543063
0.10617005
0.706967
0.3532492
-0.08182876
0.8014433
-0.3429834
-0.5777809
0.76483035
0.9674892
-0.17469616
-0.6564043
0.53770113
0.25669914
-0.88637245
0.036216363
0.8536115
0.4791255
-0.29901442
0.27902278
-1.3378829
-0.903133
-1.3527443
-1.1798047
-0.35455343
-0.64092714
-1.6619091
0.79285
-0.6230541
-1.4854327
-1.3844535
-1.0240825
-0.65195423
-1.6945323
-1.9088492
-1.975112
-1.5353719
-0.9811065
-0.7553859
-0.22937787
0.7117429
-0.6281371
-1.3162549
-0.2958555
0.89312255
-0.8651003
-0.08999149
-0.18081063
-1.0908704
0.9519612
0.2639967
0.10871274
0.11604467
-0.09674271
-1.0153425
-0.01085692
-1.0883456
0.71555907
-0.6397053
0.6990352
-1.1098639
-0.72954744
0.43967634
0.45228922
0.5942634
1.0977924
0.6875252
0.7457125
-0.1544247
-0.77908254
0.7632102
-0.3364468
0.2556433
-0.45638084
0.37949792
-0.78697586
-0.08855774
-1.0134258
-0.9899338
-0.33104348
0.0859256
0.15132509
-0.69385135
-1.1938106
-1.0007145
-0.76591974
0.038230095
-0.36458206
-0.1206154
-0.63513017
-0.4824448
0.9773703
-1.0659401
0.06331747
-0.7573056
-1.0827793
-0.96314573
-0.610314
-0.78302103
0.09775235
-1.5043705
-0.790813
-0.31389546
-0.56341934
-0.2715585
-1.0234916
-0.938349
-0.8288573
-0.9166613
-0.48281002
-1.1952147
-2.0726287
-1.378783
-0.99030304
-1.2925183
-0.46186113
-1.0103709
0.3211453
-1.3482802
-1.6583779
-0.38952795
-0.29117274
-1.7934175
-0.80200297
-0.38689438
-2.1016493
-0.8432583
-2.3694556
-1.6871225
-1.9831152
-0.17812139
-2.887872
-1.7478434
-1.1398717
-0.92839086
1.1563911
-1.9643161
-1.4527216
-1.0495602
-0.52517927
-1.0896491
-1.4679363
-1.0855482
-1.5898232
-1.9918336
-2.6894064
0.27745512
-0.3370514
0.28099567
-0.8787882
-0.97314423
-0.9327765
-0.59644765
2.0917635
-0.61189663
-1.8676488
-0.6065965
0.4298126
-0.21211138
-0.54007363
-0.21120049
-0.70502144
-0.02543104
-0.22057582
-0.53095406
-0.6560821
-0.6011716
-0.092528455
0.63899463
-0.71153134
0.6185883
0.14153154
0.57075715
0.75937337
-0.3674568
0.40282524
-0.09142555
-0.033319585
0.09104851
0.50107944
0.013494492
-0.6803421
0.88329566
-0.019011525
-0.2178807
-0.60826975
-1.72575
-0.36375964
-0.61857015
0.17927377
-0.8956213
-0.813094
-0.15492791
-0.5785694
-0.6348959
-0.47943994
-0.87723625
0.5243662
-0.85177714
-0.5876903
0.10512974
0.35887203
-0.77995396
-0.6332447
-0.30632985
-0.6027496
-0.8641107
-0.15157697
0.0019389786
-0.30322036
-0.8669046
-2.7604659
-0.1331486
-0.07492711
-0.64033985
0.1572328
-0.6018991
-1.2286776
-0.23860979
-2.1510353
-0.4703283
-0.12857223
-1.1329696
-0.34929717
-0.47291142
-0.64217365
-0.19620733
-0.041970722
-0.1970137
-0.2555229
0.18854472
-1.1503041
-1.1863502
-0.5446971
0.31682462
-0.7626126
-1.0637047
-1.412034
-0.832694
-0.4261389
-0.42215583
-0.67275596
-1.5072623
-0.55787486
-1.0302032
1.0615464
0.11129089
-0.536938
0.42105314
0.58371997
-0.6720551
-0.65747607
-0.91540605
0.4428353
-0.6036367
-0.63298804
-0.27613473
-0.33247995
-0.6449348
0.31181285
0.15073527
0.18420961
-0.08565902
-1.2240348
-1.678105
-0.93408287
-1.0452615
-0.7356716
-1.486515
-1.0653769
-1.3342183
-0.67234844
-0.21598735
-0.7154514
-0.7564999
-0.57422966
-0.37218496
-1.3645179
0.1521492
-0.30073732
-0.19368453
-2.2344122
-2.5846784
-2.2617226
-3.2349856
-2.588352
-2.7371428
-2.6514468
-2.935345
-2.6018765
0.27183154
-0.16751552
-0.51425713
0.29173365
-0.040924847
0.40137163
-0.8455914
0.2768454
-0.46912122
0.33508512
-0.25256377
-1.7499692
-1.9843901
-1.2933362
-1.6521972
-1.605806
-1.5384701
-1.2595276
0.04717111
-0.09483314
-0.76968503
-0.86793107
0.4477769
0.057449833
0.17558564
0.5367826
-0.86263937
-1.931477
-3.1885316
-0.024922457
0.49944094
-1.1457084
-0.19364421
-0.3416662
-0.7206192
-0.5715527
-0.6975485
0.37542728
-0.85673666
-0.85745966
-0.29821417
0.08976001
-0.50831467
-0.5501248
0.22132753
-0.20816737
-0.6926989
-0.49891052
-1.1424319
-0.3893001
-1.237364
-0.19064222
-0.96220946
-0.5130168
-1.7344837
-1.395053
0.13951127
-0.16266151
-1.0459602
-0.12561435
0.46094942
-0.86416733
-0.26551878
0.70795834
-0.29678386
-0.60721695
-0.07576031
-0.029386498
-0.12773466
0.4595066
-0.088816956
-0.23156682
-0.21080288
0.12775153
0.6452877
0.6226355
-0.41181004
0.025613125
0.20363705
-0.8420206
0.3761668
0.13343735
-0.88880146
-0.16880469
0.01290352
-1.1179273
-0.860045
0.29106417
-0.23862103
-0.3513416
