0.0
0.0
18
6
54
45
36
27
18
9
9
-5098.062
26049.588
15560.754
7188.099
3471.0532
7695.103
4039.5178
19704.285
9663.431
6414.9087
-3988.0388
2238.3523
7454.922
-51240.4
-1726.3154
10970.46
9410.827
2370.2307
840.8971
-8156.582
-6013.8037
8856.331
-7666.4814
11315.16
2760.545
6323.712
7277.3804
85.13979
-4975.506
4673.532
44688.375
-4900.7075
116.800644
2819.8657
32360.863
5242.8955
-78.59645
-155049.6
2756.2283
22257.68
-43919.473
-1492.8689
4319.135
19438.299
10272.507
276.93262
-95196.875
5345.4263
5594.601
28219.172
1347685.1
6516.789
-58591.668
5555.3975
5118.701
98201.414
20751.96
15104.363
10101.28
16819.992
12862.657
45239.965
29642.129
-9971.015
-5385.018
19845.36
-26638.184
-17235.945
-6162.341
21643.705
-19427.174
15645.706
11245.201
-8146.117
-4736.6855
17424.625
4614.9375
17701.078
4210.171
19336.824
-24194.195
-76480.35
-2677.635
17498.498
2810.7075
-8596.772
11522.759
16304.211
21207.938
4984.7417
14981.922
15377.861
8373.309
-26162.018
-38426.61
-116.31444
-2605.2322
109812.45
15246.586
297.76733
16939.102
6753.4585
13325.467
13131.854
-4992.8477
-20627.65
28672.393
16866.578
3844.0227
1692.6335
2311.4285
2280.9414
-292678.38
11236.87
-185.59534
379.7842
4943.958
6279.2905
-1116.6306
2309.7542
-6657.9854
4449.3887
-10199.107
3048.4307
-10739.285
159.01926
5092.0615
-1265.4218
389.93805
11173.283
-5492.497
3846.511
408.68622
2686.5173
35985.11
-81765.66
-16217.777
2054.8154
-14734.398
-1926.3059
375.95953
2309.776
2805.962
-726.1163
-97.585556
-156219.4
297.63388
-10508.049
443.81192
7475.6353
5753.325
-2628.929
863.4293
1431.0057
-89677.94
-319.40817
261.1404
3025.5713
307.69315
-2889.2869
-2043.9648
-2770.7827
-4062.4038
-13950.067
-7819.466
13860.817
-1491.12
-1395.2681
-4725.1245
-1372.7823
-25126.371
5738.2227
-3198.7356
-19149.656
-2513.617
-7222.526
-13333.705
-15993.748
-1759.7361
9045.624
-4836.6274
-2217.4712
-8921.148
-5279.339
-20889.951
-21271.041
6933.3384
-20049.023
-3145.26
-7885.06
-6439.0225
203413.34
24075.652
-3616.6057
-7892.3867
-15232.583
-5716.301
-295618.66
-2656.506
-26.234056
14956.095
13391.054
-4685.7666
-14334.822
3642.3147
-5546.153
2511.9453
7002.4443
-120950.336
-5215.7803
-2723.4343
26789.758
8777.158
-3844.2383
-3073.763
-4999.935
-2993.47
924.087
11227.103
1287.0552
685.2072
2205.5278
25297.137
2568.1265
624.4824
11931.121
771.957
2374.625
-6495.7803
2764.0703
-10169.116
754.7458
1076.285
13490.235
5030.79
735.83777
-5366.6914
-483.1967
-7348.075
829.3914
4558.9
798.97437
647.88586
-79602.75
310.2444
615.4812
-755.6231
-4360.5386
-4463.8027
629.7724
-2114.1748
384.17676
1989.1005
989.5969
16500.037
1017.44885
4573.5635
784.2327
8355.622
104065.45
2933.6013
4643.873
685.7641
-2369.2932
349.69482
858.0034
606.6276
-1000.34296
-18726.818
23158.828
-6702.208
-10540.397
-714.79755
16270.477
-291585.84
-576.29675
-5850.661
-315154.72
-769.2887
2816.2417
-4137.4263
-705.62537
-5557.981
-55608.613
-11704.339
694.7677
-11357.689
-1029.7561
-1849.6917
-6147.462
688.6996
-3022.6262
-16281.718
-885.0811
887.09784
-827.43396
-1779.6067
-3837.8855
-3607.8594
-583.7004
2595.7366
-3389.6802
-744.498
2211.7764
-5759.286
-15970.047
-2992.7412
5792.3076
361.51245
-11564.224
-983.6792
-137.50603
4356.447
-2790.7827
2742.413
-491.99146
-78224.336
-1679.4839
-788.90686
31514.248
10977.29
-3710.3367
-735.53735
12405.435
3341.3928
27743.666
9680.744
18417.729
529.71
11284.867
-1704.3069
5487.542
6883.526
-858.2972
802.30994
12762.352
716.1644
2009.8778
-9592.665
-5168.762
-1376.7662
766.77454
-2396.883
-1082.6443
3898.1926
-1685.5934
184.0851
3529.0269
9731.806
7375.523
36909.19
167.66037
-655.8114
229027.19
30908.191
647.12537
678.2591
10040.563
22429.098
-284345.5
-6779.9414
3695.3728
946.7128
15676.251
24354.598
-8414.975
9580.197
105748.36
2608.851
7374.167
16598.348
11962.383
-607.7365
8495.682
51192.33
-2006.6276
82269.55
31614.059
1067.2421
1259.8372
3651.3872
4580.663
-294107.03
-888.03064
19132.402
-317424.62
-572.48926
934.62646
1269.8474
3227.985
-2958.4524
-2222.835
-208.82462
-2266.8418
-13778.866
2794.2495
6404.7773
-3207.2087
-3068.397
16129.085
-6129.9834
-921.9223
3939.23
209.12115
-2080.2834
-86659.125
-1066.8511
2075.9375
52990.793
1297.3766
-853.1501
4231.554
1407.3691
8192.787
-2335.6682
-109.42706
-1472.9164
-11414.58
18577.643
9680.865
1617.848
-5458.3276
2692.6274
5767.0547
-76634.17
-227.56215
-1217.4614
30804.072
26020.514
-2536.6487
45638.29
3755.8047
-5256.36
2182.1108
11209.815
2214.755
432.95413
1928.1571
18877.09
-310752.1
15797.019
13325.373
121.696175
10402.118
1549.3446
1953.0646
-9118.78
7441.1504
2371.2434
2019.5581
6612.7114
-139.5285
2594.7642
7004.7427
-6220.539
13226.989
2394.0417
9637.889
876.80664
1048.7892
-16012.189
10426.661
-3977.3582
1925.6006
1876.2233
11966.318
13786.661
10898.158
-4777.8916
3541.497
997.61005
1761.1812
5417.663
1591.5624
2079.4937
103185.71
3864.6323
9433.381
-92358.33
1797.8243
1304.2354
2056.6655
1571.1096
3007.8167
1442.0839
16698.348
2715.292
2160.4084
22726.814
7195.785
1683.7373
14465.756
5634.198
2092.8542
20179.541
2160.1218
863.1051
15660.598
-2853.3867
4221.947
-8171.3477
11108.375
-9334.127
14492.401
2056.871
-475.339
-3465.1833
2386.0046
4338.5396
13970.098
2679.1243
11526.859
39092.22
-81440.664
-1045.8826
11578.055
-790.3454
2305.6663
2956.8374
11837.322
18033.965
-4938.4116
2333.7744
1732.6375
3144.3794
17187.191
1484.4569
1794.9086
9189.81
17671.338
2602.128
2368.9229
8290.283
9929.09
3958.6377
6027.4854
1387878.8
2494.3066
-17550.707
-8117.703
787.2332
-9083.216
416.80667
4997.0684
53.859966
625.72125
2935.837
-313873.62
345.93185
1426.5421
351.7688
356.4206
-4322.039
-186.01527
-444.3857
-3776.5994
-10671.234
455.284
632.465
-1201.7675
450.57126
15097.633
756.74854
456.76477
7282.617
465.3671
503.17294
1740.7052
-1784.5065
344.35147
56869.934
475.89386
332.02765
1557.8363
-2452.187
-5770.8594
487.13693
1128.0009
1735.8741
473.57355
418.70428
186.04489
5515.061
-1511.5459
4063.8481
10717.034
-13679.379
1014.1739
498.46173
32704.102
383.59378
1238.2721
-1956.6494
1923.7145
5119.53
524.52325
372.4485
17771.783
-809.3234
430.9887
19459.74
2281.3176
379.62994
9399.865
-1422.5266
1507.0376
-1804.9402
5026.4043
-347.36716
735.7862
900.4171
462.8607
5094.869
-2182.5723
1607.7529
-3322.799
-3503.3997
559.5705
1959.6042
-414.79163
35784.402
517.0638
-21580.914
222252.14
2985.377
-4492.841
-4765.0166
482.4104
14900.572
11567.802
-3224.4626
1493.1533
26.626038
16058.441
4154.6553
676.5842
684.00757
104270.42
818.1368
1492.0654
-66826.66
-196.34915
458.1654
744.3812
1374926.9
-5388.855
329.95547
34593.902
4492.1343
57203.152
9151.6875
20661.07
5889.2627
3552.3276
1470.9866
18835.658
17281.967
5466.523
320.55737
9040.218
-3470.0059
11475.351
-8306.2295
11106.236
4853.4473
3838.1704
1172.6604
3326.4568
3358.0205
4327.272
-15023.281
13526.03
3025.0278
10150.776
3794.6116
-80808.44
976.4721
232671.94
33770.254
-3712.038
3869.275
12434.43
14124.086
417.6548
1808.5664
3667.9563
3788.2578
5068.1553
2174.5686
2035.9288
2063.9683
-62.22483
7665.412
12533.914
20054.64
2274.5793
4051.074
1978.671
1362.7285
6406.7573
1188.1486
13058.789
-10057.299
-79305.83
-16604.93
-1879.3335
-8022.769
5853.6616
-5934.171
-35135.85
-28276.143
2664.7183
-3444.061
-13735.172
-6806.7236
-67922.58
-3862.5713
-20157.773
-8129.494
-7365.1367
-4844.318
-6858.508
-3114.9795
-2835.5024
-7219.532
-17990.572
3010.449
-14627.077
-6325.773
-7631.7363
-6667.075
-14807.486
-5172.426
-4445.423
-12479.621
-14982.809
-659.83374
-295133.66
-15110.029
-162452.6
-7407.935
-5965.29
351.0671
3420.3281
2465.9897
109775.06
-2108.6504
5403.645
-28782.14
-7286.6274
-8385.626
25762.602
-2514.9785
-8941.003
-18688.281
-4489.8584
2643.3274
-9718.437
980.8541
5727.157
-293573.2
987.1566
-1388.0005
1001.51227
937.5792
7171.938
-759.8729
4055.5063
924.15814
-56592.992
768.74384
1029.108
-9966.696
13904.233
445.30594
-2212.1277
-4692.642
-1640.3363
-19154.928
1156.0227
5383.2627
1019.09595
1185.7268
-88822.19
-1849.3738
720.3053
-2076.8499
-3928.4382
-3849.4363
2085.2383
18479.459
-293181.7
-717.40454
1047.4231
1746.011
5068.123
3538.2615
1224.3007
1106.4198
16624.012
4420.649
4491.4204
-76947.82
10527.569
980.64264
30890.695
1386998.1
-1679.6384
-15854.485
272.86713
-6869.1753
-47.28657
835.06494
1974.2131
-984.23096
-32.516735
19265.596
-25.337727
548.0892
4797.189
-1476.3751
-2158.5374
-7276.3423
10990.033
-11658.607
-6369.2124
-46.600136
-111.06946
-599.043
711.9106
1493.5807
13021.309
-7662.2686
1426.3333
-557.6296
-13674.802
-133.99
2927.3545
2711.8838
221882.78
70306.36
-1861.1156
-66966.87
19.892248
6335.6562
10592.574
-4026.242
-151830.3
15673.8
-2737.1821
-99.00216
-11411.177
5115.6255
-4506.5293
-120.616264
10734.309
10698.592
17.012917
-288.14224
2697.6384
292.98868
638.56104
-73.263435
21559.068
-1383.1913
268.69366
28.245155
1834.5675
2257.7024
98.47369
23704.09
1743.4022
538.93524
6230.607
-2367.0627
533.4118
-83466.52
-55854.07
1114.0107
833.03595
336.58203
12394.816
263.9249
-4538.449
-8983.352
10750.467
2459.5193
1367.0443
1259.28
2225.6636
35062.023
-1142.4825
-231.3533
221823.78
10187.863
-2113.4595
-5587.6787
1550.6355
3792.6716
6553.601
16.642113
-155724.06
15634.538
-10885.498
-1242.7349
6841.934
114.97551
101548.484
-193109.53
3578.975
-3784.3281
-3958.1338
260.49246
29887.172
1375086.5
-4204.4565
-585.9654
41940.45
-615.1818
-10981.316
-99.85306
4476.5938
-143.97453
-121.071884
-2478.2307
-128.64119
-103.4458
-143.56432
-825.56445
920.0381
-82.20508
-85.23566
-10100.646
538.5067
-11114.325
16.722128
-4818.735
-20.029932
-208.1116
-2984.4614
-2341.6494
-73.402954
7243.39
-88.42281
-23.320559
-3847.6648
-2832.3257
-46.31472
56341.242
-124.60404
689.315
-14092.098
14433.581
-38.55875
-2197.4614
660.1378
-122.07549
-76.446434
-118.95653
-121.44149
12332.221
-3067.192
136.5532
-142.86324
-92.24661
-67.045845
-1072.6685
4067.1523
11489.78
1504.3214
-16693.752
-5014.1367
0.91227317
-20.184603
40.279667
3.9246202
0.09474798
-18.735172
0.26979506
0.19952668
2.8470962
-6.8567715
1.9140522
-2.7505333
5.871125
-0.15355998
-20.555948
1.0494858
36.871754
4.518762
-0.9100895
2.0946984
-19.671125
7.7218504
-2.4939122
-2.3412867
-39.169308
5.490177
-20.524254
-3.312118
-53.981136
9.057636
-0.72078025
65.43105
4.9806747
0.4940045
4.8717446
32.17728
65.51989
0.47757983
-0.4503905
7.1330504
5.490412
0.35325128
-40.325485
-2.1649678
-12.222333
64.36862
28.276691
81.45137
7.6589494
64.77403
-28.365845
121.709656
-8.048907
6.0380287
81.460556
35.78505
-4.864088
7.2576375
96.21994
58.894012
43.54579
56.75408
6.55406
-13.411953
10.90867
-46.167862
25.601194
3.8872209
44.781395
-8.371589
6.964956
9.359653
-2.0871258
7.3327713
36.436546
2.1720927
78.48254
-16.06821
40.557476
6.533649
40.085243
74.138725
37.409855
101.97113
42.132744
7.229744
51.19661
-9.748276
-21.374393
76.53401
38.617737
43.349056
51.297417
3.4775848
12.345942
-14.3228655
54.237595
-33.43419
-52.536568
70.69603
16.770111
-4.6515937
3.3193102
2.5825138
112.1429
0.642031
36.477898
4.846501
97.77334
3.4745173
-52.891342
22.609858
-0.97489536
-0.8673115
4.681985
6.180169
-11.089212
-3.5912476
-50.929382
-21.98096
-3.7595541
66.21877
-3.06105
1.7702309
1.7825317
32.959225
54.62429
1.7822925
86.83327
7.54701
5.551983
18.827274
-40.448574
-3.5985258
10.91559
38.472095
30.593666
50.420624
4.511055
12.273931
-28.966797
193.5851
-33.860886
5.2592587
30.076666
79.95059
-12.9105215
5.0314918
125.128845
82.77926
22.681755
14.36603
5.834483
44.692993
4.0661745
-42.210762
13.632664
22.737574
1.979405
-28.018764
5.6788077
-4.609935
-3.380077
-64.5031
-34.705948
9.559276
111.25959
-62.42193
34.05343
5.9086695
35.463062
66.142494
82.20041
163.58058
0.74454325
6.02483
69.59112
-40.57644
-2.9387305
51.55521
36.091286
146.11949
66.33603
4.6219687
-0.42368677
-41.644287
57.29724
-4.236201
-9.771234
57.7055
0.42251718
-2.4464223
3.592044
17.284275
21.829048
1.3231232
13.112523
5.3225136
-71.22398
3.7085812
-62.37336
12.657248
-3.9299757
29.19202
-16.533476
6.0387444
-3.5971236
-1.6871407
-65.58047
-26.51404
2.4704595
65.48878
11.74704
0.933989
3.5464168
35.537106
10.877654
1.5817554
96.75224
1.0773821
5.9236054
-0.44406015
-62.026875
-36.608562
43.078484
33.82976
136.59026
84.94917
3.4858525
10.445987
-1.5830903
71.25937
-34.669346
-52.077568
-1.151006
2.1405258
-25.444778
5.3336754
42.64584
5.0550485
0.6513215
55.079525
4.9232473
35.31979
2.376278
-31.680182
8.74792
19.241976
3.973867
-22.702501
4.7626495
-3.7735424
-3.4134552
-64.09372
-25.704536
-15.782867
62.92621
-3.88201
0.46742147
4.4188724
35.94854
11.320127
88.48732
124.27809
0.4408778
5.7344236
19.715595
-19.246176
-2.6347215
64.08768
38.955544
143.95276
14.998106
4.043271
0.4141145
-11.909036
58.18398
-5.108414
3.2442036
-0.19426942
0.56132257
-4.739929
4.7440343
73.39376
29.736258
1.029379
12.996534
6.17644
107.6817
2.7279549
20.43282
8.474003
14.998913
4.0078278
7.4766912
5.5018253
-4.080054
-2.9029164
-64.58432
-26.473293
-2.313872
65.57797
-4.4539194
0.5561404
2.2285566
35.096935
10.542426
0.58323514
96.75532
0.6414932
5.9248295
-0.23794545
-36.3944
-2.8580585
46.959736
46.12546
91.84118
111.97949
6.979663
20.76969
-18.984913
81.353195
-9.347108
29.725904
8.687137
10.682692
-3.7971716
7.3980412
41.962498
41.022514
12.2526865
39.70263
6.608026
-17.230656
8.349572
-71.16551
12.522255
4.1476855
42.5477
-19.114645
7.0399446
14.532026
0.64503795
-49.80119
-6.206045
2.2734451
73.651634
6.502121
20.557365
6.522544
35.859104
15.547674
16.058504
100.868774
11.573858
7.106144
12.18481
-33.652782
-11.356331
40.26302
41.050472
43.851765
-3.8056679
3.5684845
20.13954
-12.6052885
36.14017
-4.236237
-52.66993
69.70231
15.300877
-3.592737
4.450997
45.057228
28.102346
13.61677
36.671734
5.1523867
64.39326
2.2114706
-5.859642
22.4398
-2.0518453
-2.272895
8.1665945
5.481347
-7.8944573
-2.8844
-51.734573
-21.265656
-4.3262753
74.86109
-2.8708797
2.0048544
2.7370765
35.25082
-1.3592389
1.4445709
91.3596
11.008643
6.382128
18.035877
-39.88651
-3.373952
46.143185
25.47802
117.10947
58.40979
4.4089932
-0.8447037
-4.381158
-45.39967
-22.799782
-72.38519
113.895164
18.671984
6.6736846
5.697806
40.78586
44.08974
5.1293707
62.736397
4.4035025
16.271912
2.5080578
-196.16734
0.27890024
20.504688
4.437063
-44.17948
5.764705
-18.158377
-19.130558
-150.54852
-80.04527
-12.271838
43.809
12.181673
4.693024
5.419117
28.27244
10.916468
129.30008
137.46301
6.977482
5.946803
6.01974
-67.29938
-12.587099
47.7573
1.2360632
-6.9530544
8.761351
4.0199966
0.42090887
-19.278088
-0.06556153
0.55808765
2.3866236
-7.241685
1.8126247
-2.0510893
5.775728
-9.749855
-15.652456
0.647494
14.9283695
4.637188
0.21073405
2.1149557
-0.5611307
22.01124
-0.9206764
-3.6674721
-46.58069
6.3124247
-30.173206
-2.022595
1.0594695
-0.69719774
-0.8373972
-2.922665
-1.5969746
1.4927489
3.4394152
31.952278
56.147614
2.178265
0.09308108
5.718074
5.517731
0.4804508
-40.918724
-3.8002398
31.846712
39.82554
39.963818
-7.363111
4.14343
11.935265
-15.609153
40.02269
-4.476822
-54.80145
10.2752285
18.556664
-3.5457892
5.1912394
2.3281894
107.99636
1.7027735
36.051483
5.997308
63.670727
2.6055875
-61.173073
23.095798
-0.9618938
-1.6281744
16.12793
4.6211967
-10.081968
-3.0802279
-56.459263
-29.735388
-4.7373276
64.58618
-12.85128
1.3303642
5.2332497
34.399647
53.633663
0.98564917
-16.695915
8.789402
6.323262
18.501028
-39.86944
-3.3732839
15.752484
31.918287
76.69647
-38.911575
3.3026009
-1.5417175
-12.651344
-49.683765
5.061395
-54.527416
1.776971
17.216537
-21.63023
3.597019
16.926985
20.089035
0.9369929
11.746837
5.0612497
-104.14165
2.369021
-6.428362
8.486684
-5.588913
2.1547143
-23.183075
5.3212605
-2.51943
-2.4736412
-84.00891
-69.414795
-16.91353
-3.243981
19.392508
1.8210531
5.4262543
35.168552
65.843155
0.41253522
-4.3167377
0.58136
6.193842
7.0673
-64.83354
-1.9142866
-2.3466291
39.639004
85.54992
-39.230877
3.5971034
-11.473408
-7.986603
-116.62741
7.8246655
-54.903076
30.116224
18.863396
-5.837
4.8552904
17.807146
9.100068
1.9350369
12.291344
4.5460005
-106.81485
2.2900486
-51.692444
7.7422915
2.1513941
7.814408
20.835344
5.810666
2.2892125
-1.9704719
-155.05765
-70.72691
-14.740571
-3.93182
-1.9981008
1.9543535
6.2500257
35.47448
12.207295
0.7425203
110.758
1.6436418
4.7908716
-11.424634
-7.29761
-1.9350358
24.226215
1.2993604
-2.090681
40.11383
2.9865017
0.56511134
-28.98607
0.07855919
-0.72520345
4.287098
-3.0173373
0.119876176
-2.3716795
3.0082607
-0.29598618
5.7547874
0.02998674
11.8868885
5.3725376
-0.0788118
3.3820934
-0.4586851
5.5467505
-1.2378508
-0.92909604
-27.63361
5.0876007
0.9962165
-3.244907
1.0784938
9.144679
-0.60927105
65.64285
9.978235
0.16001332
4.218648
32.25485
65.48536
1.0496714
0.585716
6.349144
5.24675
1.1769223
-41.476482
-2.0621536
17.214233
40.69288
42.148846
-37.63055
3.5223827
19.054367
-13.26127
5.7353163
-0.022945963
1.3990161
-25.685963
0.5338695
-2.9694734
5.687995
41.674984
28.689804
12.021391
11.693081
5.8435063
61.06229
3.2092934
-14.722111
22.904636
-2.1094182
-1.4416604
9.307639
4.573147
-7.913517
-2.8612995
-69.51215
-35.151085
-15.061349
75.06653
-12.100959
3.222162
2.2261608
32.999256
-1.1102363
2.1283824
-2.4291527
3.0325518
4.9581285
1.8702729
-5.287299
-2.3375154
66.53726
31.81822
84.73671
8.89942
4.3569283
-1.7233391
-13.892052
-101.21967
7.177713
-65.02556
1.2790111
17.774298
-7.1018076
2.6878238
17.018887
19.912252
1.9145092
36.931255
5.1324863
-127.764946
2.9198153
-6.2237206
6.9447637
1.8139802
2.9824564
7.1023912
4.4569035
-2.796789
-3.6405702
-150.88025
-69.54902
-13.825031
-4.77651
23.918825
1.6053921
5.6095147
35.27711
10.408602
0.52541554
-2.8413727
-0.027264543
4.9122653
-10.894981
-8.379176
-0.9361763
17.734257
38.692783
78.846085
39.707886
4.028163
0.4532613
-30.467255
71.76818
-3.807252
1.8246981
-0.5357659
2.0404768
-4.3965964
6.8321667
75.23576
29.155586
0.7660475
12.430979
4.921569
97.826035
3.581361
-59.19351
12.531454
-0.70241785
-2.7245073
-18.716257
5.964205
-3.4302678
-3.1405156
-64.269745
-34.0048
-0.4627092
62.71998
-13.712923
0.82428634
5.408206
35.03646
66.316055
1.7261536
97.628815
0.5116616
4.4285274
-0.18842843
-45.22157
-3.605006
45.718735
40.77192
108.61181
-21.835764
4.075184
10.867211
-18.252903
57.23886
-0.5349804
2.118476
-0.3181479
1.9035801
-1.7722036
6.1766067
57.22856
24.170055
0.07265329
13.068071
6.1713986
109.12962
2.5525713
-62.69205
4.877369
-1.0063297
-1.8766767
-14.8964615
5.7754993
-9.016545
-2.9296203
4.6676555
0.52536184
-0.7915323
67.34581
-2.647634
0.4273286
4.4317646
31.869452
55.999924
1.0846697
96.00943
0.85529625
5.8815002
0.08448975
-41.627857
-3.7802896
52.670723
1.8194166
-5.6579065
49.355576
4.607732
0.06497281
-17.793503
13.803739
-0.10070506
1.9964063
-6.0193214
1.5008351
-1.894458
2.906052
46.967186
67.779465
0.068036795
16.166578
6.188936
0.7719376
3.1669962
0.050986197
8.303363
18.480288
-3.425294
-50.752098
5.3152657
-26.901539
-2.866627
-65.26181
-35.686462
-0.7543994
-2.7851412
-5.145077
1.3101443
2.274342
32.32469
54.272324
0.76090825
0.77057356
6.872342
5.4152145
-0.528009
-40.77561
-2.4965978
23.354214
0.685796
-34.50533
-11.068071
2.7066169
1.4009356
-36.026585
14.989508
-0.2971428
1.5588104
68.401184
1.3596492
-6.134343
2.915765
-51.538166
57.986618
-0.09094119
-12.024625
5.1150007
0.83095455
2.8069725
-65.05354
21.107195
-0.51969784
-3.2786639
-51.528057
5.0181065
-25.907854
-2.9713326
-64.72543
-34.053226
0.81933385
-2.0818663
16.7534
1.9840055
4.289542
41.33265
55.773182
0.78139377
-0.2137235
-0.19845577
4.8284683
-0.5029396
-137.82166
-2.1690316
-29.614737
38.77257
78.52971
103.69403
3.81603
0.72038895
-1.3633461
19.675201
-3.9014692
4.0886602
-2.5116963
1.8681445
-4.3116264
5.0281467
73.87584
35.531937
1.6006615
11.874981
6.1619616
24.595406
3.8138616
-58.436913
7.775558
-6.0714936
3.7665982
15.022647
5.490388
-2.5381217
-3.1803293
-65.02756
-34.456608
-0.9015111
64.00485
-2.6087565
1.0534021
4.5533767
34.30278
12.281966
1.1668926
96.59806
0.51343197
4.638578
1.0751826
-41.310318
-3.0618856
44.972576
-3.951201
27.487076
-31.830355
3.3885279
0.6601747
-11.561989
-0.6489987
-0.5787004
2.1948087
61.379265
1.4290898
-1.2276864
4.4970574
-0.17001742
3.2546139
1.5987297
38.228096
4.4843726
-0.3609832
2.8504605
-0.0881839
-0.51130384
-4.1510997
3.4534478
5.782489
4.7223625
-0.7675001
-2.2035165
-68.87179
9.159212
-16.19323
62.904945
3.276949
1.892468
5.7773304
31.419054
66.969696
0.3963967
-1.0222611
-0.058440432
6.2327166
1.129215
-40.918266
-2.2925742
17.217562
40.486675
41.45237
-46.794052
2.9958637
19.891056
-39.099884
14.655415
-1.8564574
-53.685196
60.313015
5.2516174
-3.0705614
5.13983
33.942745
9.169516
12.967524
44.88482
6.17104
62.24714
2.3231564
-6.501812
2.6283064
19.88904
-2.3401723
9.572064
5.994423
-7.3857403
-2.1542397
-60.538696
-24.909948
-16.60277
75.56481
-3.2359443
2.8348453
6.662933
33.737076
-1.1725564
5.5729403
91.76375
13.4194355
6.063233
7.657687
-4.5652347
-3.832768
49.213867
39.461693
-15.237383
15.673363
4.0944123
12.28884
-19.144274
72.291336
-0.21756047
3.0269477
-1.5002167
1.0859563
-3.0081406
4.9429903
-0.9910615
63.60345
0.06287495
14.915085
4.967636
103.98072
2.2783911
-120.87255
23.168154
19.60205
-2.1264145
-39.453568
5.8394146
-15.750366
-3.2101078
-64.21574
-34.07145
-0.3930859
66.081436
-1.1133332
2.0036004
6.3150597
31.989693
66.75223
0.58765155
-17.069073
6.7604055
5.5384173
0.2645052
-40.348232
-2.0456383
46.012245
40.390896
39.918003
-37.835175
3.3148212
11.36082
-30.638845
38.9163
-5.652289
-55.400356
49.684944
17.102465
-4.262316
4.662025
3.5728414
86.61832
2.1892903
43.55442
4.9997
64.43609
3.2009778
-50.878708
23.642859
18.631922
-1.2169611
5.689992
5.387415
-8.915627
-2.6085181
-50.316216
-20.948166
-18.726269
64.45631
-4.1360097
1.8361433
4.048615
33.552605
53.882687
2.7044725
87.34384
10.401114
6.1558657
20.30848
-39.80848
-3.5577965
11.033885
32.992325
77.937065
-21.701311
4.314369
-1.2163811
-0.69211805
-49.07974
-22.272612
-55.21941
-0.121373415
18.038738
-22.644264
6.0976653
17.574434
18.747648
1.7226087
12.374434
5.0639644
-64.5654
3.7910643
-67.99544
6.9344225
-5.6707277
2.4951293
-22.550674
5.6095796
-2.9412372
-2.8997889
-150.58888
-79.34982
-12.554602
-2.5143712
-4.9273763
1.9257406
5.911586
34.815517
64.81037
2.3969781
138.2151
1.6234107
5.758622
6.3762274
-67.26538
-1.6251053
49.872337
2.110641
47.221523
0.9118927
3.6097827
0.32988864
-28.179983
1.225517
-0.48819202
3.4107404
1.3123094
1.2549896
-2.980403
4.4982905
17.917015
21.758215
-0.01745641
12.06495
5.3226447
1.2960056
3.911988
2.4586082
12.670622
-4.822707
3.886756
-14.530989
6.3987207
2.6433036
-3.0714831
5.210621
0.06442044
-1.6053994
67.19711
0.682925
1.6971116
6.2157764
2.8982558
66.5859
1.6761358
1.4014614
0.6528806
5.042133
-0.2568838
-42.125355
-3.708254
13.111666
2.994506
108.16156
62.28717
4.206039
1.138663
-18.914976
18.964207
-0.017663807
2.1995919
-6.3260994
0.7532331
-1.2922823
5.8392935
-0.9282883
-11.860991
0.5179769
37.471375
4.726552
-1.6405319
2.458979
-62.488556
8.399944
20.682528
-3.7183607
-45.95517
5.4438457
-18.636518
-2.0804207
-64.26714
-34.499973
-0.43397138
47.254845
13.38871
0.31672955
5.3684096
31.746132
55.79676
1.1196512
103.92107
6.900836
4.9501114
0.5575716
-41.42194
-3.066515
-19.175507
38.087154
42.80102
-20.68407
3.3883705
12.352102
-14.527549
52.788933
-6.2640615
-55.433884
11.887202
17.418755
-4.2221375
2.8081355
3.4051778
85.53051
0.65817994
36.94593
5.156491
64.48352
2.177421
-52.108143
24.726324
-1.7283908
-1.3670087
4.5733595
5.262829
-9.047374
-2.0033011
-51.80471
-20.712599
-18.877617
67.20257
-13.7895565
2.0201719
4.975977
33.172733
53.726875
1.1930655
86.17383
7.278581
5.450604
19.267347
-40.84339
-3.043876
10.972982
1.173352
31.113487
0.65064085
3.3837733
0.6368951
-13.668417
0.97780037
0.16023982
3.7017317
-32.31685
2.1599278
-4.827614
5.9850907
17.166807
7.7135496
-0.20434308
13.104356
4.78474
-0.65280735
4.025526
1.3357326
8.170828
-2.0288801
2.1286814
19.572643
4.690791
-0.18465614
-2.6912594
-0.3078814
0.047288634
-0.9440277
64.92077
-0.22829098
0.3909986
2.3317914
34.699654
10.313239
1.8511701
-6.0438175
-0.014427483
4.9504642
1.0612874
-44.331196
-3.0405896
18.230896
1.9569446
-6.8361735
48.39019
4.5322657
1.2706958
-18.738949
1.1525878
0.09322617
2.8867261
-7.1002264
1.4951341
-2.7702866
3.87103
-9.261358
-17.556664
1.7208716
23.22802
4.7793508
-0.021475263
3.8317146
-1.0937394
9.108664
-2.01983
-3.939716
-47.138813
6.4212794
-30.436531
-1.9743602
-65.84287
-34.562447
-0.68746054
-3.0252957
5.7550373
1.5530263
3.0600052
31.477133
66.67479
0.943317
-0.5345508
5.93586
5.661521
1.0469196
-41.393898
-2.889715
33.207806
38.311337
85.13316
15.862282
3.9361835
11.340929
-13.324288
70.8891
-4.5889397
2.2463956
-0.72389865
1.301895
-4.0540047
3.4543788
16.126646
35.27162
-0.11456633
13.040684
6.190364
-11.911797
2.373755
-19.009365
6.5266304
-2.589711
0.2510357
-19.586746
5.900573
-3.796328
-3.5458183
-64.90575
-34.039436
-2.7284863
63.67036
-12.852234
1.0773634
5.539899
35.283707
66.52581
1.7752705
87.87845
1.2067621
4.7287836
-0.3062522
-66.03691
-1.736478
67.904274
39.638767
44.328
-1.613596
2.7914875
12.121631
-34.326355
34.00756
-5.9868064
-55.792347
-1.9126599
17.060732
-3.5524318
2.7688322
-6.0053334
91.69813
2.0497003
35.913303
5.4033976
64.336525
2.3665442
-52.23506
23.305891
-1.3622466
-2.5212665
6.4764786
4.597308
-11.683498
-3.0190885
-50.430992
13.730595
-4.487111
65.7645
-2.5828595
1.941619
6.184025
33.30803
54.504974
0.8486201
93.795006
7.4413185
5.55111
19.29365
-41.23819
-2.6341896
10.320999
39.776196
43.30793
-49.393887
3.13353
18.503195
-12.6270485
9.560556
-0.5270651
-55.49344
63.58252
3.798981
-3.0670118
3.647535
42.99253
28.297165
11.8576565
11.522873
5.227412
63.120125
3.2420259
-7.9862595
22.835892
-0.6074403
-2.1172888
8.1839075
5.7626944
-8.559957
-3.6985269
-62.668022
-24.26743
-16.93672
75.38572
-3.1608014
2.7980387
6.1981616
33.55724
-1.5115218
3.0243
91.93862
3.6539633
4.7463408
4.402975
-4.6547146
-2.0849836
66.419205
1.9244211
-8.190897
6.8428597
3.5352383
11.784776
-29.726025
14.913621
-1.0725065
2.979812
-11.184923
1.7146353
-1.6922535
6.0141325
-42.322323
-25.042652
19.775843
4.5555954
4.3987017
67.64115
2.2290604
-0.08980013
32.078407
20.283983
-5.185255
-43.341385
6.168483
-27.12961
-1.0433114
0.5016314
0.41585746
-0.3436948
66.06811
-4.459773
22.72305
4.5309567
32.57794
54.684704
8.499124
96.909515
6.7073245
4.7669563
28.657856
-40.127556
-2.8479946
-10.576264
39.211956
37.459934
-25.687784
2.8142278
1.2712685
-7.5387225
0.36639422
-4.262985
1.3932612
-0.76245904
1.0208867
-4.462966
4.9462748
17.2681
28.659542
0.3450531
13.136205
5.7330713
-0.12703167
2.7944524
10.049432
7.3664393
-2.4026036
8.323097
-5.813454
5.7936635
2.1735678
-3.6787496
0.86388874
0.35674214
-2.3491952
64.19816
5.6851473
1.5317562
3.5790677
34.691196
11.343911
0.7277289
-6.045969
0.67368275
4.7551165
0.7588223
-5.9823256
-0.92080903
39.53662
38.431496
75.764496
0.08178035
2.9398742
0.5961341
-29.689756
19.192934
-4.597168
1.5381743
57.433563
-0.2431812
-4.2579546
3.3285942
16.51294
36.58338
0.040032163
11.527863
4.830453
1.4411905
3.6337361
-59.292545
14.137409
-1.7873887
4.1064878
-18.485882
4.8121624
-4.273291
-2.5937145
-64.73656
-26.2415
-0.34917527
64.48763
-12.943573
1.0053657
5.6625667
34.37477
65.56221
1.5538589
97.232025
1.243546
5.1508965
0.9524411
-44.974655
-2.8792057
64.05035
33.07652
-2.5024931
38.360134
2.9824605
10.349111
-12.372897
72.28381
-4.344662
1.8968536
52.712555
0.8159347
-24.23351
2.275133
99.09836
54.777184
1.044853
11.62274
5.7250357
-40.830235
2.7088473
-73.51703
8.099159
2.8561296
2.5060327
-65.290825
5.148136
-2.5368226
-3.1910594
-65.05855
-35.772625
-2.0786843
65.90857
14.029963
0.9391953
5.329765
35.035194
12.025548
0.5661052
87.7911
7.8367667
5.020522
-0.17119801
-119.06167
-2.4794106
79.67133
31.958225
78.28223
-12.246663
2.9198372
-0.39183998
-0.43950218
-116.60583
5.5746217
-66.16487
1.4050727
19.221615
-26.32166
4.936887
16.636152
19.119053
2.514047
12.954736
4.5200605
-126.55845
2.9012935
23.674007
7.577554
-4.901838
3.402809
-22.801592
4.5453963
-2.7502172
-2.2827501
-84.92104
-79.05783
-12.213131
-3.7834306
2.0554416
0.7600484
5.1967945
34.558067
10.53051
1.1591707
-2.4013932
0.31043604
5.7859497
6.394205
-29.269897
-1.0329422
-2.64499
12.443413
-38.603573
-75.0992
35.4485
15.888278
-67.03591
25.257864
-68.627235
14.797466
41.350117
16.593927
-12.981968
9.6229315
10.874962
7.6064224
14.331036
-32.404167
4.9113035
94.75928
-234.23956
18.843433
34.90971
15.149357
19.78183
-65.12862
1.8380427
-39.960217
-67.71942
-32.737583
-28.194319
-35.50978
18.77331
-125.23602
14.305816
1.2949892
-25.370544
6.391302
-56.0072
-59.459335
9.12727
50.904655
19.473354
-7.790417
-56.086136
-71.756454
1.2103485
58.70778
4.9719663
4.136818
0.9340529
-45.03097
0.48711574
-1.0043945
2.0086167
-1.3173976
0.91869533
-1.3084018
4.38706
-0.33639854
-17.76822
0.46193394
-1.28517
5.4886193
45.923386
2.3637943
-0.90267724
5.417643
-2.4943883
-4.236476
-12.561648
4.678145
-3.2513065
-2.8010736
-0.3960805
-33.874786
0.5485963
-4.1910167
-13.6572075
0.38009632
5.9524183
31.233086
54.238907
2.61119
37.286808
5.1559644
4.791521
0.4258991
-41.570206
-3.6221812
14.607407
12.739618
76.50253
116.68186
19.714907
119.75696
-17.278637
138.30156
-5.622017
11.921872
-32.614677
81.28468
-4.9867816
12.286341
82.736786
66.28935
22.292124
47.328434
7.025095
231.21826
19.22378
-140.7587
6.0096703
44.125034
33.95699
-47.13692
7.3035183
-19.704596
13.591149
-64.26787
-35.073563
10.3916025
164.79398
-54.951668
32.115074
8.305027
30.911194
55.313053
33.193073
127.64607
7.5184913
9.83261
70.22143
-137.61122
6.121402
-35.338924
34.270344
76.80619
-50.61292
3.8541703
11.851498
-3.0698357
70.888145
-31.44519
-53.75329
3.2654636
0.6255287
-3.5926726
5.9001417
17.4786
22.55834
0.45851317
12.608962
4.9762893
-35.27568
4.012234
-44.15799
7.135049
-2.4670186
2.2703588
7.08043
6.166527
-4.1848674
-2.9996972
-64.91763
-25.84786
-15.42519
64.58138
-1.8490405
1.5844086
4.752882
34.8795
11.011969
1.9120045
121.191605
0.41400304
5.627112
1.2699709
-28.174675
-2.0396824
64.69586
26.442951
-13.324765
61.848953
3.7923412
11.741681
-0.81878126
71.824
-33.9968
-73.81104
-1.1793911
1.2134937
12.566255
4.0152793
74.46715
81.92389
3.5284405
55.386017
4.236202
42.82889
2.4961662
-136.99005
8.004499
-3.657224
3.956826
-21.133394
5.96795
-2.3699176
-19.448532
-64.68091
-34.090958
-15.608876
63.091892
-0.6870723
4.1161294
4.708189
34.526436
10.154905
77.62734
126.21709
1.6214745
5.521641
18.915037
6.347467
-10.602305
100.663574
1.8454523
128.47977
70.24538
2.8604898
0.19082588
-17.66283
15.575224
0.244959
1.3500335
-7.1790743
1.2859439
-2.1201909
6.1042113
5.178627
-23.788395
0.7154739
20.13904
4.79327
77.97418
3.3346734
-109.437386
8.3898945
-2.2324426
-4.241768
-50.519688
5.6740212
-27.654367
-2.5004313
0.81378925
9.310743
-0.9160258
68.90961
6.80467
1.0211576
3.1142313
40.23021
54.518772
2.046118
103.49246
14.813219
5.8120985
-0.5358975
-41.646774
-2.1322033
22.715128
38.286533
41.855976
-37.622105
3.4177628
11.714733
-29.037071
38.807487
-5.017828
-54.102333
50.24234
17.55922
-3.1147606
3.6549492
2.8738534
87.00101
1.4008727
43.851173
5.053588
65.86202
2.0356245
-51.423084
24.410404
19.05555
-2.5936735
5.59978
5.868968
-8.001535
-2.4722023
-51.462585
-20.74967
-19.366135
62.0179
-12.565138
1.1555899
3.5902853
32.831406
53.704914
4.0657454
86.267654
10.175342
6.094455
20.600897
-41.253887
-3.601137
9.532317
38.564003
71.18609
-39.68488
2.8438563
-0.3772557
10.279663
4.387306
-5.0393305
-55.483303
60.853874
2.04119
-23.57111
4.7575393
18.145042
26.38255
-0.08828594
-4.499817
4.9128933
32.788864
3.3659408
-51.370014
13.921162
-2.5620787
3.6917028
5.3565836
6.1195645
-10.1389675
-3.0096216
-69.50053
-35.495792
-15.387168
62.831493
-12.8961525
1.3880965
6.14674
34.72931
11.278069
2.6420045
-15.310708
0.10008607
6.19898
19.679785
-29.530054
-2.4526193
33.387726
33.46424
76.53674
-4.6314745
3.886886
10.619829
-2.5002346
58.92582
-3.531663
2.2560134
-1.3342726
1.0607424
-3.1964734
3.0180492
16.803585
22.978085
0.26097348
13.028048
5.93776
-12.858444
2.0918734
-44.061237
8.480776
-5.5106425
3.876312
15.883092
6.06548
-3.9231663
-2.6969147
1.4589902
0.63158125
-15.493782
63.02124
-1.8156924
0.29533282
2.6831954
34.381763
10.259924
1.1846739
-16.746058
0.24693163
4.89262
2.3330338
-30.023884
-2.0787008
64.1313
38.29892
0.7404709
110.69677
3.0164866
11.802374
-45.397747
19.302856
-32.838146
-53.283215
38.735306
0.95910215
-22.95767
4.928525
30.952412
94.0661
9.626075
27.147911
5.7570763
112.148766
4.0335236
-168.87138
31.412704
21.485704
24.50036
-94.59314
5.122824
-4.4097376
-2.2562575
-65.60616
-25.61562
-0.048848566
114.9668
-43.789864
8.640033
3.4755456
41.32823
66.2326
110.21668
90.78619
14.432699
5.556383
21.774197
-101.84345
-37.817413
-6.2951455
44.019245
-73.60127
121.523186
8.56609
26.740627
-90.48744
23.031982
-70.163765
-52.374924
28.026138
16.59701
-26.075296
7.306776
26.87006
54.61727
25.938688
15.178362
6.13003
162.7085
9.588062
-130.75047
68.22985
16.44369
22.470165
-100.71464
6.0993257
-40.314182
-3.9235463
-33.70594
-19.834248
-36.013603
37.92658
-125.0006
24.78573
6.4084272
-19.788813
6.886257
102.665504
28.84584
6.6025434
6.615008
50.685547
-88.16145
-38.500233
4.4764876
37.936535
76.990524
60.62848
4.636877
-0.5533619
-10.877202
-63.150913
-19.433445
-53.45633
58.495865
19.082325
-22.870691
4.013744
17.410051
29.404934
1.6623667
37.413555
4.5133996
-95.961754
3.7850847
-42.60653
7.0557003
-3.4262457
2.7582
-23.130913
5.45675
-3.2791512
-1.8385047
-153.87704
-79.26482
-16.126251
-4.0221314
8.080048
0.106360696
3.376564
34.55271
10.469172
0.84870034
138.18604
0.8508691
4.8540688
-11.386153
-126.68563
-1.6176915
20.48582
57.412617
-84.6466
56.673428
7.895192
105.75847
-68.590805
87.85096
-60.985226
-47.210724
-16.54793
79.87988
-55.684677
16.82994
-7.274143
131.90248
13.956929
-23.318249
6.6049404
159.71568
10.982126
-39.825005
-2.5336304
-38.95494
18.264027
-98.89233
7.3333273
-31.935423
-22.342752
90.64371
57.27079
-60.472607
50.04311
-60.001575
22.730383
14.779231
-34.259567
17.64714
11.196673
-50.710457
18.396717
7.5647016
61.729225
-7.973814
-44.77484
-25.890564
33.062046
77.531166
60.10099
4.053153
10.821681
-2.8398552
72.13176
-34.09354
-54.102932
4.0333624
1.7697667
-4.7056074
6.138612
17.332846
29.24845
1.673626
11.967964
5.170473
-34.207405
2.824367
-14.992126
8.240865
-1.0774099
3.4265144
5.225642
4.9974475
-4.2910485
-2.6984904
-64.60017
-34.3097
-14.710978
62.943516
-13.209425
0.58875483
5.7626476
34.382404
9.777856
0.24527776
124.72388
1.40659
5.189911
0.8767394
-32.451183
-1.879549
63.011227
-0.5538641
-1.3833117
-1.0865219
4.2393694
1.4040871
-0.8051424
-1.1061491
-3.7181408
14.46089
-0.64678365
2.0167394
2.3847828
-0.35242915
-5.5066285
1.738698
-1.1225866
3.002508
-4.766358
-0.702938
1.9853543
-0.38534817
-0.65361446
-1.5090423
-0.81638664
-2.7799344
-0.80432755
-1.4796884
1.998251
-2.6448412
0.5339385
-1.0557885
-1.0611901
-1.7283994
6.5393167
7.5906124
1.5707443
0.40374824
-1.9882132
-0.574382
0.100086376
0.039386034
-0.14269795
-1.0778117
-4.583977
14.722931
-1.0563228
0.810735
2.0723908
-1.4491895
-0.15006371
-0.45050868
-0.5189435
-0.5584336
-5.6947594
-1.3564955
0.3212875
-0.39829323
-0.6973253
-0.76111543
-0.23104075
-3.378898
-0.7156424
-1.48488
0.61416453
-2.6696553
1.0769768
-0.9823277
-1.4714861
-0.9263997
1.666624
8.523509
1.0763836
2.4853723
-1.1708809
-0.9464233
3.3618321
0.89084446
0.5824121
-2.940069
-3.9675872
15.143585
-0.47223654
0.71731824
-0.06959136
-2.4955144
1.5993636
1.6877248
-0.04620409
2.880566
-5.9394646
-0.04320009
0.79427963
-1.3915476
-0.31121355
-0.2914839
-1.090646
-2.1445706
-2.0139534
-0.2585498
2.2749705
-3.5717812
0.9520943
-0.8663709
0.4419814
-0.6142554
4.8999634
7.1151567
0.2756687
0.39281106
-2.023128
-0.87379795
4.4794674
0.63012457
-0.9840239
-1.0977352
-2.640131
14.551867
-1.2917746
2.1579657
1.1827035
-0.43888313
-7.8482885
0.74207354
-1.3224806
1.9700549
-4.274974
0.091042675
1.6455626
0.6537024
-0.706573
0.0071156346
-0.5262981
-2.7218788
-0.82775426
-1.892206
0.8186006
-2.0092726
1.3634261
-1.3252695
-1.0198517
0.15905467
6.4815755
7.8971977
-0.013669734
-0.48483407
-1.358604
-1.6721799
3.204839
0.5410832
-1.4467349
-1.23414
-2.6731455
14.141048
-0.27677402
-0.015765948
3.1569133
-1.8243039
-5.7214375
1.2725478
-1.191143
3.3076143
-3.9020634
-1.9465307
1.8318471
-0.49926108
-1.2646314
-1.6782151
-2.1334364
-2.1563172
-2.4178264
0.017095923
1.061256
-1.8936232
1.5343808
-2.7101862
-2.35529
-2.3069217
6.4569006
6.291791
2.0364535
0.76140213
-1.6254294
0.80425704
-0.5218042
1.3008473
0.53206927
-0.48322812
0.7589496
-0.5688656
0.3850948
0.8343173
-0.005410135
0.68911225
-0.12487778
0.112817034
0.18977147
0.93914324
-4.2674484
-0.95011675
0.7473745
-0.43738845
-1.0177759
-0.24991278
-0.028276842
-2.1902406
0.58533657
-0.7264218
-0.7633301
-0.828528
-0.30965018
-0.02902225
-0.6772314
0.5766082
-0.31826705
-0.35621655
-0.7182223
0.78420675
-1.0661423
-0.810847
3.0383673
0.796923
-0.079732694
-1.344915
-3.9926026
15.068801
-1.5722102
0.76245266
2.617599
-2.6596317
-5.606932
0.751776
-1.1818019
2.701128
-5.3226585
-1.5155743
2.073764
0.039039932
-0.9594328
-0.7639613
-1.4904853
-3.4197736
-1.9915488
-0.68191177
2.2370489
-1.213937
-0.2016386
-1.7533187
-2.222587
-0.80881155
7.1867304
5.9878325
1.6706184
0.93332464
-2.3190725
0.894925
0.6427437
-0.6237498
-0.29596344
0.28344736
0.88574886
-0.015367428
-0.96450984
1.0665342
0.46932805
1.4642029
-0.93211204
-0.88452476
0.14820652
-0.20528817
-5.5441236
0.52138406
-0.76504904
-0.23672275
-0.15727507
0.8665533
-0.7949291
-3.727682
0.18982637
-0.68948
0.099792354
-0.6841651
0.20506036
-1.0481213
-1.0395644
0.36681816
0.24802217
0.43654662
0.29905438
0.9395902
-2.7893848
-0.60354525
3.926618
0.6918797
-0.68925506
-0.21680686
-0.24994333
0.17433113
-0.54057634
1.8935215
0.92458236
0.02439406
-6.0888095
-0.0071208677
0.15530303
0.8847867
-4.4394026
-0.09225515
-0.16993898
1.597541
-0.5563998
0.07361665
0.30181468
-2.2577577
-0.083152294
0.72992337
0.9012139
0.029356008
1.0550364
0.3177911
-0.10221023
0.8065312
6.2348533
0.0061866194
-0.29423442
1.2581621
-2.3431103
-1.5461816
0.42248568
0.79787534
-0.18915866
-0.5304518
-3.7956805
15.062719
-1.699627
0.50335425
2.375474
-1.9615439
-7.6355643
-0.7373256
-1.9799817
-0.89968693
-5.6389384
-0.09237071
0.96221685
-1.3663285
-0.035432246
-0.6367117
-0.6881366
-3.1970596
-0.6035143
-2.111603
0.11728129
-1.7103933
0.76115066
-0.62807167
-0.7792447
-1.8434229
-0.34534466
7.69452
1.5719211
-7.043866E-5
-0.77030903
-1.660335
3.540995
1.7623006
-1.796839
-1.389463
-3.1450858
13.954083
-1.3335226
0.8052295
2.293696
-1.7787231
-7.1951904
1.63249
-1.0475363
2.579251
-5.0121803
-1.2828552
1.5028529
-0.41606024
0.4038646
-1.6124687
-0.30478716
-3.4585948
-0.85714185
-2.350905
0.9250823
-3.0188024
-0.23608083
-1.315993
-1.7610592
-0.85432464
6.284383
8.493568
2.2647777
0.22076379
-1.0828714
-0.42465267
-1.1797028
1.3109345
-0.75260085
0.055823863
-0.4275329
-0.99490917
0.5031363
-0.2924637
-0.32386616
-0.060081035
-0.19568855
-0.48379883
0.7444136
-0.83698106
-4.1578646
-1.0110044
0.9873761
0.1724958
-1.6806781
-0.5568584
-0.89375395
-3.7624874
-0.825727
-1.4158188
-0.4155946
-0.37195843
-0.5384206
-0.11048238
-0.3907847
0.24546379
-1.0925711
-0.48443466
-0.70126235
-0.045870744
-1.9497681
-1.3176652
4.6801276
0.10892391
-1.4212244
-1.8168287
-3.1160975
14.436836
-0.49466822
0.4952035
2.1552181
-0.21980023
-7.094245
1.5957386
-0.48575228
3.0271807
-3.6138067
-1.8796359
2.3280072
-0.9875801
-1.1316466
-1.3997579
-0.98677486
-2.7282252
-0.8619816
-2.5821676
1.1640316
-2.5615673
-0.054188278
-1.3774612
-2.817204
-2.4593556
6.478064
7.1023526
1.255271
1.5744643
-1.3593494
-0.38295054
-0.05144286
-0.49367827
-1.2435827
-1.6528971
-3.4618719
14.233421
0.4413694
-0.23798734
1.2395666
-0.988276
-0.2994641
-0.62783366
-0.75466377
-0.091581196
-5.1680126
-0.39864424
1.243541
-1.562364
-1.5171264
-1.0487646
-0.9416308
-2.6849976
-0.9506418
-1.7430116
0.5882016
-3.1648927
1.0036416
0.03773069
0.12440986
-0.8515873
-0.012672217
7.5093546
1.1020902
0.8589951
-2.225123
-2.0652037
3.6683872
1.5476798
0.23138969
-1.332795
-3.629112
13.830203
-0.5743938
0.754258
0.6942942
-1.3413136
0.5799832
2.090177
-1.8346434
2.3079429
-5.352979
-0.17248242
1.6056292
-0.92833847
-0.68432176
-0.043377
-1.4485526
-2.3650913
-1.8631606
-0.79868484
1.0839248
-2.3401976
0.6403831
-1.2121342
-0.935947
-1.9652547
5.9097514
7.6067467
0.6163073
0.6822881
-1.0172657
-1.8968269
3.4267316
0.1286574
-0.46962997
-2.774056
-3.30785
14.786021
-1.0609109
0.47592568
0.1752657
-1.6444926
-6.8720245
0.2679137
0.036414623
3.50288
-5.0963707
-0.2803373
0.39594576
0.22778076
-0.840537
-0.80290234
0.7602126
-3.026624
-1.0080674
-2.0767581
0.8294478
-2.4897723
2.0634062
-0.9937791
0.6809777
-0.43303978
1.3523532
6.6813116
0.34050047
2.5734837
-1.4588802
-1.7427776
-1.0630444
0.2908268
-0.91308415
-1.9220103
-3.515142
15.28079
-0.4345797
-0.5076896
0.9893049
0.06332445
-0.47639307
0.047921564
-1.931217
-0.42537516
-4.449882
-1.0509294
0.8716997
-1.2839303
-1.1801541
0.5641029
-0.9822113
-2.0337315
-0.10566679
-1.9947913
0.47226647
-2.8732746
-0.2946067
-1.7803088
0.071095206
-0.25809252
-1.065498
6.8674946
0.33036384
-0.51835316
-2.3832104
-1.684058
5.102842
1.0497867
-1.2595282
-1.7610373
-4.2450695
14.351019
-0.28972414
0.41607904
1.4561465
-1.5999179
-7.1586237
0.8956307
-1.3453207
2.002366
-5.488021
0.5168775
0.21789926
-0.7431336
-0.67805266
-0.4237146
-1.2548553
-2.8220074
-1.5380236
-0.97823286
0.5421001
-3.8080072
1.8329552
-1.1448027
0.2948865
-1.4795021
6.184093
6.657651
0.11993675
-0.14951868
-1.6354479
-1.7933215
3.3553324
1.1177094
0.039148908
-2.9780884
-2.7112577
14.619462
-0.14489181
2.0815525
1.5911222
0.51798916
-5.4074087
0.70408845
-1.1476597
3.5982573
-4.3302007
-0.9296575
1.1924088
-1.1002346
-0.6988045
-0.28608677
-1.2053249
-2.2356498
-1.1699678
-0.3743528
2.244848
-2.4268336
0.47324786
0.3382978
0.08424533
-0.22364445
7.0317993
6.1634703
0.8476428
1.8558965
-1.1306548
-2.3494575
3.4638126
2.4104862
-1.0604126
-1.9488792
2.6235945
15.272825
-1.0052369
0.506656
1.4584831
0.36600378
-0.9231347
0.6225123
1.3186795
3.1114187
-3.903622
-1.191469
0.80994105
0.107101105
-0.7917053
-0.41465
-0.92395824
-2.1424897
-0.887701
-1.9290131
2.2568822
0.90738505
0.8938444
-1.5464084
0.053505864
0.28608197
7.005061
0.56714
0.9186999
0.9543659
-1.6070061
0.3380085
-0.5221663
0.41273403
-0.65219957
0.8922
0.38595402
-0.51887715
0.16846609
-1.1210116
3.036889
-0.16548547
-6.2992654
-0.2283598
0.83390176
0.5460329
-5.259152
-0.45037
1.560655
0.9843863
-0.35316548
-0.5521582
-1.6582568
-2.8822496
0.90642136
1.5273315
0.8376955
1.1580151
-0.070584334
-0.9306601
-1.9236194
-1.4406214
-0.21135023
0.791873
0.47794262
2.2582297
-0.98758155
-1.3843846
-0.0136213
1.3923147
-0.30298004
-1.5186872
-3.503172
14.946484
0.31675243
0.4696241
0.61804444
-0.5622589
-8.683053
0.633631
-1.6839106
-0.5844306
-5.395968
0.40167555
0.0020157248
-0.21553487
-0.037498612
0.41354927
-0.040653512
-3.110765
-0.08019391
-1.590012
0.20375334
-4.024007
0.31349063
0.030909475
-0.76797485
0.16637196
-0.21597879
8.59517
-0.09950721
0.17805083
-1.9061065
-0.7115964
-0.15788302
0.7007783
-0.061121512
-2.9177918
-3.323132
14.8154335
-1.2951256
0.40928182
0.6319299
-2.2239885
-0.546455
0.10395595
-1.8821929
-0.6552145
-5.5888977
0.4881923
-0.18105125
-1.489316
-0.0711484
-1.1476052
0.4175248
-3.9882703
1.0080388
-2.6080713
-0.37171802
-3.4734604
0.979476
-0.2986287
-0.28745747
-1.2537464
0.38832766
6.8669596
0.5587961
0.9221577
-1.5922333
-0.32001638
-0.7384501
0.23763108
-0.20795633
-1.7026608
-3.6158392
15.037234
0.25541356
0.6509642
2.7793846
-0.13869715
-7.1683164
-0.35364053
-1.3408966
0.15560056
-4.3343143
-0.9742798
1.2559798
-1.4089639
-0.20836724
-0.28458455
-1.6203381
-3.2171319
0.89832
-1.5737581
-0.81242794
-1.6522909
0.6091941
-0.97443223
-2.0862145
-2.4267464
-1.2855244
6.8051906
1.2871964
2.649419
-2.685101
-0.33600006
-0.13921309
0.6153291
-0.52702254
1.1759639
-0.7847355
-0.6092458
-0.32162812
-1.2908915
1.2023473
1.1973568
-0.8333123
0.27489376
0.96209455
0.79922056
-4.5832424
0.27746305
1.5070094
0.007305185
0.113649175
-0.24648535
-1.7831037
-3.7423754
-0.6614328
-0.17028636
0.8834569
0.721618
0.5167607
-1.4194673
-1.8299918
-2.152678
-1.1173476
1.2061231
1.6113466
-0.07528388
-2.050368
-1.6441126
5.200416
0.43756986
-1.2799258
-1.9213204
-3.5504699
14.284755
-0.34952512
0.69942284
0.72874963
-1.8160156
-8.22135
1.1374894
-0.16147375
2.006787
-4.7166266
-1.115954
0.682366
-0.41856608
-0.5719493
-1.0473143
-1.6246626
-3.2381465
-1.5401336
-1.0719973
1.800505
-2.1934416
0.954222
-1.8696865
-0.4131014
-0.35947612
6.4052696
7.3009233
1.3615869
1.6138215
-2.0632737
-1.063469
-0.9394909
0.47147647
-0.5797421
-0.24643958
0.5145099
-0.119430095
-0.2195474
0.12785918
0.5815122
0.14267331
0.6981275
0.33993143
-0.52433366
-0.44007948
-4.2961607
0.26945707
1.1488552
0.0232023
-1.2361093
0.5290839
-0.21746118
-3.6052513
-0.9217989
-0.65258026
-0.5671656
0.22633758
-0.22983894
-1.4311159
-1.4917452
0.07680096
0.37539712
-0.4765645
1.0681407
0.74648607
-1.8368626
-0.04446339
-0.2552535
0.29369688
0.43095288
-0.44775465
0.8191546
-1.2027292
-1.2987481
-0.856911
0.0800457
-0.4347733
-0.03632733
-0.04391034
-0.26695675
-0.14026585
-5.8039474
0.71763223
0.15442961
0.60067284
-1.0186213
-0.60609466
0.612325
-3.273858
-0.36537087
-0.16620165
0.41933146
-0.2631706
-0.3958927
0.07632317
-0.67989093
0.25301954
0.12060312
-0.10127008
0.59620595
-0.22422686
-1.5063459
-0.5164122
2.3016126
1.4684439
-1.314826
0.25854138
0.5961588
-1.5708098
-1.8342375
0.44504768
2.444306
-0.8866447
1.2641752
1.3859569
1.1595621
1.8115945
-4.3923855
-0.52990025
3.01938
0.4955582
0.15886573
-0.85539854
-0.44901145
-3.028073
-1.8569236
1.6778584
2.0562587
2.0169172
0.5810028
-1.8832968
-2.5502646
-2.2871506
6.966947
0.17289688
0.97983146
-0.21857026
-1.8285099
-0.6424111
3.9848957
-0.22880498
-0.70881003
0.21085835
0.87333614
-1.6561049
-0.8219081
1.143196
2.9435105
-0.16232112
0.19013378
0.04789496
1.1110023
2.8969538
-5.4249954
-1.4587668
2.239644
-0.36558476
0.22198816
-1.4935147
-2.1804774
-2.2858872
-1.5695854
0.45773765
0.6212009
0.83232206
0.7297269
-2.6752188
-1.2353182
-1.8390423
7.206483
-0.56177986
1.0401897
0.7957559
-2.328133
0.68732494
0.7935677
-0.27816
0.086403474
0.7665343
-0.019624986
-0.0774408
-1.1361303
-0.7778555
0.77277786
-0.107939325
0.613102
-0.44734457
0.45826343
0.8739505
-4.928725
-0.31823957
0.1306212
0.06204992
-0.9880508
0.107216805
0.9618724
-4.073683
-0.34048894
-0.6033818
-0.9169827
-0.7381797
-0.29925108
0.847847
0.1290334
-0.36831653
-0.8730976
0.6190731
-0.8318931
1.7999858
-1.3662686
-1.8755773
0.64575255
-0.02176714
-0.2720813
-1.2310011
-3.7129004
15.4675255
0.33245948
-0.7067463
0.2645768
-1.7720013
0.9915251
-0.6336442
-1.0370547
-0.23257045
-4.577543
0.7156084
1.1645665
-1.4774303
-1.4800254
-0.039788496
0.52424514
-3.183114
0.9331173
-1.8399696
0.6609774
-3.2280004
0.9924031
-0.039913096
-1.0619652
-0.52540886
0.35852736
7.11643
0.10926536
1.6723989
-2.6972663
0.3663058
0.1864847
0.6151194
0.37905988
0.60053736
0.17556147
-0.33450514
0.1669694
0.72899485
-0.18450446
0.6313441
-0.28543055
-0.16483489
1.088224
0.11459499
-5.820844
0.057306327
-0.05375031
0.028111003
-0.9300824
-0.6094698
0.9229311
-3.915574
0.6029018
-1.2520304
-0.28107083
-0.54336894
-0.3393957
-0.20533484
-0.7304702
0.11765477
-1.4745471
0.94099796
0.57112885
1.5308833
-0.6635785
-0.87511605
4.094688
0.44275713
0.37998047
-2.5241857
-2.9821866
13.759756
-1.815455
2.0662427
1.0541265
-1.8518102
-8.294545
1.3462301
-0.7013193
2.76789
-4.2646136
-1.198608
1.6484272
-0.21849173
-0.03747006
-1.3826497
-1.1502576
-2.1047122
-2.3416345
-1.3299018
1.0080627
-2.89498
0.142856
-1.8452657
-1.8126044
-1.4211504
0.93999314
7.0236316
0.24541236
0.9567722
-1.7358899
-0.9842947
2.1336644
0.64238137
-0.8802837
-1.5504833
-4.1936326
14.55662
0.08702182
0.28838396
2.0664382
-1.4084914
-8.616413
1.5572714
-0.74592143
0.8591591
-4.8802214
-0.0010166831
2.7550097
-0.23610538
-1.1536803
0.07194266
-1.3754891
-2.8365574
-0.6818245
-2.6349335
-1.0273312
-2.0778382
1.2145578
-2.3899512
-1.0253518
-1.9373581
6.325671
6.950997
0.46805084
0.60842776
-2.6302245
0.044016838
-0.121388674
1.1674418
-0.35282937
-1.6724322
-4.02968
14.850792
0.029228767
0.3869915
-0.75400203
-0.15868616
-1.2824259
0.32530457
-0.8802663
0.6441665
-5.3127193
-1.0043184
-0.2597583
-0.9510838
-1.121606
0.78785396
0.19704157
-2.5441978
0.9764553
-2.9145908
-0.58757865
-3.8121524
0.12302657
-0.33413526
0.01940643
0.081611976
-0.32356545
6.6778865
-0.4183029
1.5998973
-1.2946935
-1.1044929
2.0961418
-0.18114418
0.10979291
-3.1321359
-4.2331557
14.613602
0.18340214
0.9374048
0.73320365
-0.21194458
-7.529353
0.30083096
-1.9323382
0.3009881
-5.0888534
0.730344
-0.6337905
-0.57839566
-1.4032106
0.3349544
0.074556425
-2.5036645
0.20095105
-1.1856315
0.41291788
-4.158615
1.0682962
0.9131581
0.17981388
0.3673761
-0.4337436
6.9549146
0.423918
1.292202
-1.1891661
-1.4377055
3.616414
1.0135815
-1.0768204
-2.5390239
-4.302878
13.79229
-0.5824626
1.2323313
0.72997814
-0.36380148
-0.29571396
1.375263
0.005687475
3.3976178
-5.779079
-0.80861026
-0.19268766
-1.5387259
0.28392583
-0.9870534
0.33145544
-3.3117757
-2.4126322
-1.3415277
1.9859847
-2.7591786
1.4576503
-0.62669486
-0.8121556
-0.8285092
0.8253538
6.6110177
0.66636115
0.8490045
-2.102688
-1.1696912
1.7104235
-0.22862142
-0.6313826
-1.8891344
-3.1296601
14.136595
-0.24433361
1.0774984
1.1566205
0.22101152
-0.7074471
0.08401693
-2.2490916
0.5964713
-5.679939
-0.20961173
-0.25728136
-0.6510037
-1.0514178
0.10240482
0.18428162
-3.928482
0.77204484
-3.3714166
-0.9645024
-4.131284
1.352969
0.4651878
-1.073909
0.46154085
-0.41161162
6.4212475
0.19354372
1.2865376
-2.3997252
-1.0758027
4.4069524
0.8904659
-0.8240466
-1.9478264
-3.740793
13.593344
-0.047663078
-0.5636182
0.5560453
-0.649051
-6.317678
1.1356822
-1.2741008
2.2585726
-4.871834
0.5732967
0.30398744
-0.44501856
-0.41404343
-0.9799048
-1.0093031
-3.7774785
-2.2744935
-1.4506807
1.2535201
-3.2924209
0.4675443
0.22624508
0.51954645
0.26987806
-0.14464521
6.7110677
0.34101838
-0.5373773
-0.6096351
-1.7876679
4.5572147
1.7941269
-0.27877095
-1.5544776
-3.2114534
13.81819
-1.4369794
1.1892593
1.1792052
-1.6622488
-7.910181
1.7137898
-0.9048673
2.7557266
-4.4411445
-1.2729315
1.7205353
0.54182994
-1.5057807
-0.65536535
-1.0151914
-3.8558798
-2.5167909
-0.3957578
1.6817719
-2.737323
1.5309143
-1.1320035
-1.2944987
-1.6541706
5.8353963
7.7488985
1.3831229
1.9066656
-1.1501533
-0.32653642
3.9874692
1.0230896
0.4196727
-2.1422718
-3.7302938
14.527462
-0.6144715
0.49786144
0.27354515
-2.3406343
-5.9928923
2.0476935
0.057154417
2.5685978
-4.3046303
-0.39745465
1.6613512
0.64146984
-1.526913
-0.2905015
-1.1287154
-3.559079
-2.6747725
0.36099076
1.9227805
-3.4378664
0.253636
-1.2588551
-1.1790378
-0.5576434
6.1148906
7.270436
0.35790917
0.34789327
-2.4653075
-0.97751355
-1.6591423
0.7347652
-0.4310243
-0.22114003
0.0010290286
-0.84516937
0.06841251
1.4750228
0.43757677
-0.34848258
0.61285114
-0.80047613
0.98716587
0.9226497
-5.625771
-0.30577374
0.7101474
0.58501834
-1.535858
-0.3676136
-0.28033605
-3.866447
-0.53961396
0.74427706
-0.99809813
1.080488
1.0385586
-0.8995266
-1.1893659
0.008882476
-0.5639608
0.5934792
0.33049777
0.9225202
-2.9973402
0.0938971
-1.7680712
-0.5292028
-1.3402997
1.0731622
0.14725703
-0.8380607
-0.7768049
-1.0494798
0.6128353
-0.9077033
0.9484505
-0.906635
0.64377856
0.15158412
-4.1413817
0.4141037
1.5463713
0.43318745
-0.15055355
-0.92387265
-0.057861608
-2.6706958
-0.27338666
0.625832
0.8874458
-0.067716755
-0.13965149
-0.110403344
-0.095368974
-0.27206305
-0.50770026
-0.021791426
0.94176173
1.5856903
-3.1443102
-2.0583794
0.14353415
0.28555548
-0.80989087
-0.9853821
-3.1616292
15.137166
-1.0922089
-0.7666099
2.4000473
-1.6188694
-0.38277894
-0.36003587
-0.8182716
-0.8227062
-3.9288127
-0.38768992
1.4598565
-0.41983953
-0.14711662
-0.3730509
-0.80511904
-2.8661842
-0.6357182
-1.9485185
0.57226944
-3.050876
-0.75722593
-2.7557514
-1.169563
-0.91058946
0.03824099
8.460712
0.53807324
0.6997497
-0.74497694
0.14133033
-0.047859028
0.54829323
-0.7277693
0.9105177
-0.5112471
-0.87507945
-1.6384358
1.5875854
0.73236424
1.0250101
1.4355417
1.1521131
1.4364898
0.49895665
-2.3909671
1.3117512
0.04689697
1.8667862
3.607613
2.2385545
-2.1007261
2.3814414
0.23529017
1.146094
0.002126483
0.6055816
-1.3302704
-0.12840539
-0.17205887
0.6463618
-0.6581459
0.4880762
0.49448344
-0.19767801
0.68568057
0.29461733
-0.55693376
0.8060332
0.27138695
0.39877737
-0.2144589
0.087815695
0.756858
1.6129159
0.64361596
-0.27735737
-1.0078768
0.29078168
-0.6161329
-0.8705952
-0.16824427
-0.2255742
-0.7413652
-0.8678673
0.82129145
0.3568244
0.782722
-0.8373166
0.17099877
0.029519465
0.47678658
0.67785853
1.455504
1.3568951
-0.6427458
-0.3538475
-0.020561043
-0.40890336
-0.0064855115
-0.8589301
-0.8139411
0.34802392
1.7263545
0.65311015
0.9170011
1.9705573
0.52454513
0.96580267
1.0671493
-0.25812203
-1.5803889
1.3157864
1.1256332
-1.575586
0.6039661
1.7130486
-0.095835336
-2.600019
2.616951
0.68174714
0.8077426
0.24760093
1.1375475
0.50277644
0.7598119
-0.4880186
0.26326537
0.67789435
0.95707536
4.8937945
0.94854933
-1.1829038
0.96024084
-0.7356619
1.0194194
1.1706637
-1.9423736
-1.5925303
1.1701357
1.904764
-1.0954851
0.86174273
1.5285524
-0.4911284
-2.7030253
1.7099603
1.4497854
1.2246244
1.6440312
1.8560307
0.8643022
0.8269256
-0.97240746
2.1210926
1.257509
0.6959572
3.4005594
1.3800055
-1.5885856
0.73306173
-0.26286346
1.2956549
-0.79913616
-0.949023
-0.97988683
0.5905235
0.73930305
-0.44114244
0.07419824
-0.33322597
-0.6753596
0.276652
0.65019906
0.0040149004
-0.13301021
0.4728868
0.31110656
0.37762022
0.54134804
-0.5314242
0.305468
-0.6445885
0.05800971
-0.42388442
0.9622048
0.9053047
0.77744603
0.3180392
0.25085407
1.996831
-0.8883455
-1.3936282
0.9269912
-0.09511973
-0.6870535
0.036375884
0.48273197
-1.756858
0.83742565
0.25649506
0.055822134
1.5299244
-1.5514336
0.25394067
-0.05475559
0.88768226
-0.6676898
0.67520607
0.17277503
0.9068523
4.7930202
0.8145733
-1.9631746
1.7958306
-0.94830334
-1.234156
0.5387691
-0.6072097
-0.90298104
1.3987187
0.1618876
-0.7644727
1.1963675
0.6475756
-1.28232
0.23081002
1.6139231
-1.1963942
-0.7833339
1.310959
1.9169805
0.5233296
0.8069766
-0.823534
1.7469059
0.843184
-1.4092153
-1.4562807
0.5334452
-1.0319836
-0.7568547
-0.6039834
1.1444765
0.83750737
-0.92484134
0.1548498
-0.8494319
1.571739
0.47317997
1.0291344
1.675012
-0.38945886
-1.4218804
3.7873716
1.6748508
3.5645473
1.4259702
0.36115924
1.7683444
-0.14639169
-1.0278616
1.9371532
0.73388886
2.1036882
4.9267035
-0.47646806
0.21371725
0.9983314
-0.07314166
0.6344913
-0.18010682
0.5667438
-0.17717129
-0.06312842
0.18424313
1.2456987
-0.8467407
1.2599076
-0.5550375
0.5738966
-0.32503477
-0.8076913
0.9030369
0.52549773
0.08137114
-1.0991902
-0.5262512
0.17148095
-0.29191342
1.0777167
0.34767047
-0.83675534
0.47176328
0.9783228
-0.5393235
-0.8073024
-1.041418
0.08647241
-0.59177476
-0.5737888
1.5845141
1.9129326
-1.2866575
1.6316
0.18004578
-0.08681879
-1.2589059
1.0443372
1.5264188
1.891144
0.009067981
0.7082304
1.9409075
0.92971396
-2.2173362
1.3957757
-0.56816244
1.7289541
3.933522
2.4298973
-0.39994267
0.40948072
-0.35739928
1.1627005
0.54371226
-1.4074949
-1.0175182
2.2076821
0.67292297
0.032638274
0.43260202
1.1746343
-1.379252
-2.5258512
1.6863264
0.56388706
0.72463274
1.173185
1.3387312
0.6087274
1.5322593
-1.1023507
0.710749
1.9521387
0.68742025
3.9009027
0.53092784
-0.4547262
1.9885025
-0.51854926
0.7613486
0.78896976
-1.4124888
0.97132134
0.5557332
-0.074944824
-1.6336762
0.37793067
1.0078535
0.058336258
0.14770888
-2.2054424
0.3245235
-1.4358752
-0.25037596
0.14006993
0.1905946
-0.66405135
0.41335604
-0.14303915
-0.5539709
-0.99849653
1.101201
0.12799323
0.32595667
0.5633411
0.5326972
-0.3549715
-0.7179935
-0.213416
-1.1357498
1.3606894
-0.84899676
1.4694757
0.43313548
0.08071789
-2.2383888
-0.11755388
-1.6272366
0.4384578
0.7022816
-0.6912636
-0.26381963
-0.46993336
0.81722695
-0.16985372
0.041301835
2.2373607
-0.14532967
0.87713
1.9783033
-0.7743699
-0.122757755
-0.5080271
0.23056921
0.5952128
-1.6604067
-0.05291253
1.7939124
1.4857602
-1.5601245
0.47743466
0.6226662
-0.98193616
-1.255827
1.7639041
0.18549271
2.340572
0.414323
1.3210963
0.09797689
1.7199959
-1.9107199
0.26174945
1.8585353
0.79391944
4.013833
0.86218446
-0.67090356
0.6447042
-1.2059774
0.305159
0.8277602
0.029119043
-0.37481466
0.18944493
0.9053355
0.31171867
0.3987735
1.8836801
-1.603821
-1.8212279
-1.3735378
0.84938556
1.1590028
-0.2326581
1.0327907
1.0243541
0.49203655
-1.1256416
1.4309832
0.6599737
0.4213212
4.611647
0.68200445
-0.63123316
1.0257515
-0.75073695
1.2237792
1.8789357
-0.73866946
-0.7057076
1.7594585
1.3534281
-1.4595126
2.0011985
2.0053658
-1.3781862
-1.4540683
1.0361642
0.88700205
0.9995445
1.7863654
1.9190472
0.65368193
0.9322299
-1.6016895
0.5491045
1.3927381
0.726061
4.8897176
0.9358018
-0.73440754
1.640203
-0.24280468
1.2978026
1.4065168
0.9686679
-1.0616276
0.9033542
-0.7434525
0.16754913
-0.8664617
0.08397423
1.0754248
1.0514303
1.2847346
0.33151415
-0.061402977
0.32335317
-0.58860856
0.12019149
0.84576416
1.038287
0.32821813
0.9533221
-0.26387998
-0.7082193
-0.10845381
0.14192891
0.39354086
0.3670241
-0.79665357
0.16713122
-0.8088108
0.12088743
-0.9358864
0.67927337
-0.6734141
-0.682635
0.94062877
0.90471494
0.2687709
-0.6672349
-0.49118257
0.19262232
-0.2800136
0.30065507
0.55267614
-0.63680315
-0.33250788
-0.8902807
1.1996009
-0.63153577
-0.87395257
-0.15189452
-0.95336324
-0.22070198
0.74446905
-0.16405943
1.2895557
-1.2179509
-0.62874883
1.5045915
0.07586639
-0.05964735
1.9378093
1.8890826
-2.4741673
-1.8359243
2.908461
1.359259
1.6253799
1.7589915
1.9559685
1.6353056
0.42171797
-1.2105603
0.8039709
1.4080031
0.65202856
4.3373923
1.3457407
-1.2958741
0.80635846
-0.6514471
0.3429518
-0.5384053
-1.4827325
-0.752113
0.05523485
-0.74312013
-0.61850363
1.9463781
0.96299714
-0.5347056
-1.4588459
-1.0717752
-0.3413547
-0.34840477
-1.2730112
1.3472773
0.34179053
-0.76646405
-0.99827814
0.57469916
-0.7177097
-0.6850165
0.11223416
1.6417397
-2.2040873
0.13846797
-0.48452958
0.67142266
0.79496384
1.0375764
0.5633809
-0.22526269
0.1359646
-0.22497793
0.55161667
0.1358381
0.67617273
0.3312789
-0.16533336
-0.3794336
0.69559664
-0.6941553
0.9760548
-0.34454808
-0.06793255
-0.5492743
-0.6024725
1.5401092
-0.82601523
0.008842857
0.33072814
0.41727418
-0.38905227
-1.0664285
-0.49351257
-0.8576601
0.7080584
-0.7763249
-0.38884377
0.39092377
0.28552184
-0.43662852
-0.40131944
0.4870889
0.35214448
0.50477695
0.6216426
0.5007311
-0.5556781
0.29382643
-0.16802627
-0.56860197
0.7801676
0.28597784
0.0343287
0.46042034
-0.6779449
0.7073812
0.19460523
-0.54960436
-0.71864593
0.3230578
0.027124336
-0.14571072
0.5436224
0.0062500234
0.72759676
-0.6364317
0.2508444
-0.7067741
-0.86045253
0.98549896
-0.9099158
0.52561724
-0.6181441
-0.019967446
0.5054353
-0.5606463
0.68238175
0.8282381
-0.43781263
0.03351613
-0.43586633
-0.8486675
0.04333139
0.5228078
-0.42800373
-1.038891
0.90565574
1.2108414
-0.5957049
0.3912083
1.1576762
-0.19321087
1.0673345
-0.58026516
1.0193628
0.5542937
0.638916
1.3616292
0.0843995
0.8562961
-0.06296028
0.82446206
-0.9538015
-0.10601819
0.9390454
-0.109065935
-0.37903258
0.69029677
-0.51686645
-0.05042751
0.41159272
-0.32782018
-0.21122307
-0.3794709
0.44535542
0.2663483
-1.024927
-0.6885629
-0.20775099
-0.30153865
-0.50484824
0.7189679
-0.73533845
0.34154186
-0.5814987
-0.8121171
0.39770094
-0.52509284
0.41766167
0.5312353
-0.518334
0.29538083
0.12805648
0.58380306
0.85883963
-0.6939926
0.18888628
-0.3179605
-0.8889886
-0.48242235
-0.9207436
0.16761817
-0.64833236
-0.351851
1.231981
-0.6681536
-0.14366429
0.162295
0.7494839
-2.0646534
-1.5178168
-0.31658113
0.1995886
1.8554575
0.056699537
-0.0150721185
0.0015785827
1.1196457
-1.8056183
-0.21930495
0.7111099
-0.45932204
4.7562265
1.0858183
-0.57323456
0.2708154
-0.91833943
0.019580731
0.49118093
-0.48632115
-0.47155267
0.8132527
0.10470815
0.016650278
0.22462514
1.0395101
-2.2407331
-1.7717975
1.1452922
1.230585
1.1648816
0.7424934
0.83228743
0.07374486
1.9872388
-2.2122657
1.1591731
1.8126879
2.1420312
3.4141483
1.4692832
-1.2123666
0.42767313
-1.5227902
1.2039424
1.2019427
-0.6076778
-0.40260634
0.53182113
0.43596599
-0.61759144
0.26180226
0.78629756
-2.4068701
-1.9173304
2.8798702
0.8669851
0.64341736
2.0300164
0.61291534
-0.04324661
1.5272927
-1.8111751
1.6171739
0.07174612
0.49627346
3.6289773
1.4881569
-0.546265
1.6131854
-0.48486128
-0.054885644
0.9551424
-0.5834002
-1.6170009
0.25407076
1.1569147
-1.9659444
0.48343304
0.17844447
-1.0298071
-1.9577745
2.517295
1.8706347
1.9020472
1.1689563
1.0395392
0.81180805
1.7783233
-1.7690464
0.5073566
0.4274722
1.4139254
3.671805
0.708491
-1.4386461
1.2225888
-0.7437342
0.31940642
-0.51927686
-0.3809771
-0.9593994
0.6247543
-0.05220431
0.31014594
-0.5218608
0.19957519
0.25585613
-0.4253896
-0.6762122
-0.85594815
0.38638374
0.7099395
0.19314234
0.067249954
-0.032096863
0.24630174
0.37952816
-0.0464077
-0.22755632
-0.7009029
-0.5591693
-0.6839749
0.21425892
0.68863994
0.112667084
-0.963309
2.4539218E-4
-0.07118531
-0.42891818
0.092258036
0.69472533
0.40991503
0.31901813
0.768811
-0.4160778
0.32525116
0.17998976
-0.14019707
0.4534098
-0.757777
0.28908467
-0.69293
0.5401236
0.67303354
0.68920374
0.038154453
0.16067083
0.08410928
0.49270812
-0.41946825
0.4115873
-0.15953994
0.9979315
0.70085716
0.38706458
0.3727173
-0.12633243
-0.12924764
-0.88747627
0.5901996
-0.78667897
-0.78589314
-0.5041754
0.1847862
0.33360294
0.8443863
-0.64304113
0.8379483
0.09832652
0.9171155
0.42785838
0.40341017
-0.5548261
-0.25794998
-0.74008363
0.06282529
-0.61862224
0.68102646
-0.67812127
1.2404424
-0.6313047
-1.7275013
1.3859022
0.47073567
-1.3333417
0.81575286
2.225163
-0.4252101
-2.2220013
1.1956487
0.42946962
1.3633717
0.7394117
0.88346636
1.7878983
1.4826978
-1.1405437
0.91552776
2.5991843
0.5203731
3.5239434
0.9297257
-0.5036754
1.403465
-1.4339397
1.1792446
0.44657698
-1.5531868
-1.6025401
0.21926102
1.423583
-0.79861397
2.1061907
0.5248167
-0.22888228
-1.0169928
1.7948889
1.2969621
0.98820454
1.5102797
0.95849454
1.4766669
1.3081096
-1.3957616
0.68395835
0.5672296
2.1597857
4.429076
-0.11745965
-1.2380717
-0.031147597
-0.1646271
2.2624004
2.1449702
-0.7749484
-1.8028117
1.6629109
1.2708223
-0.73060316
1.5011803
0.85319227
-0.8362619
-1.3355632
2.5502872
0.3173435
1.1803546
2.035776
0.4506679
0.45821783
0.9756293
-0.6179655
1.5479065
1.2205789
1.9446365
4.641574
1.901297
-1.1035731
0.99879956
-1.281342
0.97351193
0.47465
1.2768779
-0.81740344
0.6046849
-0.7261996
-0.91758174
0.93126696
-1.4180741
0.5044016
1.138182
-1.1869723
-0.29947108
0.4246266
1.190247
-1.2595104
-1.6395115
-0.10397026
0.4811905
-0.87771267
0.8452997
0.9705313
0.1732832
-0.53635335
0.223131
0.13454275
0.17912039
0.651397
0.3565743
0.7242775
-1.5345426
0.098610975
0.3456187
-0.13307875
-0.7312616
-0.71110654
-0.013957144
0.861231
-0.13382669
-1.0195237
0.36111453
1.7239221
0.055461753
0.22218412
-0.25809667
0.44851077
-0.11178269
1.4743648
0.9045793
1.243071
-0.5719368
-1.5153717
0.10052214
-0.61764216
-1.1706859
-0.5267206
1.2962348
0.101902544
-0.30840316
0.9585363
-1.3066367
0.09776654
1.4740435
-0.80900633
0.11559014
1.9011087
-0.06376306
1.4568055
1.5438433
-1.980345
-0.805165
-0.330226
-0.7743703
0.35499614
1.5116603
-1.2738255
-0.6631841
-0.09078601
0.12897198
0.53272474
0.9117388
0.6499286
-0.07263593
0.63245386
1.482595
-0.21755403
1.5258642
-0.30015695
-1.1657404
1.2600732
0.19241439
1.1639348
0.50578487
0.28182152
-0.16531688
-0.23368189
-0.81318283
-1.4014018
-0.54984903
0.5496502
-0.32203403
-0.23612528
-0.2454066
-0.2634657
0.31232417
1.1576011
-0.7019219
-0.009700161
0.34875798
0.97439426
-0.6587902
-1.5124042
0.19087602
2.0848906
-0.90652317
-0.6010369
1.1205724
2.4460073
0.23640297
1.2706727
1.7353479
0.3742173
0.9129503
-0.41002384
-0.003780569
0.33267337
-0.77066004
1.5423973
0.92842865
-0.5370839
-0.8401874
1.2708215
-1.3714308
1.112981
1.7055794
-0.08373432
1.5568601
1.7177495
1.3022336
1.1915183
1.1365658
-1.2255653
-1.7509093
-0.2272195
-1.8538707
0.722651
-0.658833
0.62703574
0.107135236
-0.54918414
1.2115256
0.16739053
0.66893244
0.60424536
-0.7528224
-0.05616363
0.8884126
0.33703315
-0.06949519
0.6511162
-0.12043989
0.7440697
0.212264
-0.018491542
0.7674548
-1.8057009
0.86406755
-0.31218237
0.35676926
0.0315847
-0.31406286
1.1903054
0.98927677
-0.049579985
-0.16646092
-0.52034354
0.12674402
0.66505617
-1.0596837
-0.1344265
0.19531262
1.0210476
0.24584606
-2.6926191E-5
-1.0046557
0.14906828
-0.008392769
1.2580626
0.88466513
0.73407906
1.929062
1.1125793
0.52124643
-0.4261379
-0.05231896
0.28704926
-1.1014795
0.5007382
-0.46416804
0.17657205
1.9388552
0.38913754
0.22258389
0.087412566
-0.13707335
1.3682472
-0.02877153
0.5677704
0.090670146
1.1816583
0.4329144
-0.26687932
1.6667451
-0.5687125
-0.105307266
0.34183002
-1.1150424
-0.4803482
-1.4193194
-0.19810157
-1.1941599
-0.4572142
-0.43927473
-0.062692545
1.0376055
0.3844952
-0.09929888
1.4498918
-0.3505745
0.9759498
0.7299236
-1.1141286
-1.0504214
1.1722221
-0.80946195
-0.4179964
0.80393916
-0.3652121
0.1862733
-0.46913886
-0.64918923
1.3048158
0.9009439
0.5978469
0.71853244
0.1358811
-0.34467012
0.60329455
0.39254948
-1.0000013
-1.1951095
1.368723
0.17571495
1.4627029
1.1774143
-0.81080765
-1.6352612
2.4119103
-0.15904489
0.7748659
0.37128618
-0.16642198
0.59123087
2.1887562
1.3558904
1.178005
0.5838767
-0.9811702
-2.188035
0.3186546
-1.812258
0.83863777
-0.31870207
-1.0259624
0.24564536
0.21260917
-1.022713
2.0558772
-0.07895741
1.5852561
1.2885109
-0.6935588
0.6536222
-0.27720273
0.35428035
0.85733354
0.8438003
1.2397715
-0.2476319
0.94173235
1.1596019
-1.3351258
-1.6453499
0.7749684
-1.5297302
0.41463518
1.7293223
0.5600729
0.31999263
1.1917473
0.8324593
1.6685159
1.1031134
-1.4810646
-0.90420747
-0.008558989
-0.9903772
0.5850457
0.2879382
0.6201884
-0.7964739
-1.0853056
-0.0035515537
1.026749
-0.43776253
0.28500158
0.46024087
-0.18664289
1.4366238
0.21125963
0.3026843
0.79398894
0.53834367
0.33174512
0.7615967
2.6361814
0.6875752
0.33835074
-1.0777773
0.41608524
-1.1700231
1.2091696
0.58750385
-0.5841063
-1.3133858
-0.51671696
0.49062997
0.53194827
-0.50864816
-0.2721372
-1.3990672
1.1117238
-0.73311204
2.126512
0.30268878
-1.0709424
-1.7116263
1.5600805
-1.7825085
1.3056403
1.3130848
0.14412105
1.4601816
2.193343
1.9169817
0.9202291
0.0280196
-0.89293873
-2.2334888
0.5600611
-0.75138193
-0.5276564
1.7990112
-2.174003
-1.1228751
0.018839978
-0.1877742
0.62305397
-0.15983245
1.9641576
0.8398229
-0.59381056
0.84636295
0.7441414
0.98360956
0.41599336
0.13658258
2.0872438
0.7331755
-0.16386206
1.0075636
-0.50201297
-0.8000178
2.085558
0.035088453
0.32754594
1.0357153
1.3375993
0.22787493
0.7482252
0.42503703
1.7452632
-0.2526227
-1.2708385
0.16797456
0.2582675
-0.78687143
1.088525
-0.5294199
-1.9186506
-0.6527255
1.037381
-1.2426208
-0.21874447
0.44507548
-0.46968496
0.823035
0.12494742
0.82723653
2.3313982
-0.56993175
-0.53390604
-0.55441
0.63827014
-1.8972021
0.45317903
0.93494624
0.8529938
0.3500385
0.16314028
0.6744326
-0.434738
0.067279376
0.6871935
0.36422786
-0.20923536
-0.42150652
-1.216293
0.76345164
0.73091096
0.053440414
-0.13320456
0.26379028
1.0797304
-0.5776607
-0.74739313
-1.8102175
1.352629
0.008271463
0.0438377
0.35524294
1.1529613
-0.056965988
0.8173146
0.36205068
0.13409667
1.1823725
-0.09083354
-0.46258354
0.6370031
-0.89584386
0.49408886
-0.7294514
-0.18132487
0.78682804
0.6293611
0.63103557
-0.52204084
0.54587895
-0.15801997
-0.7587039
0.6730472
-0.0884515
0.4951096
-0.44858292
-0.17239667
0.8049987
-3.668878E-4
0.008292684
0.26313004
-1.0092982
-0.53306496
0.4572875
0.29444653
0.104000494
1.3967521
0.8882128
1.158665
0.889637
-0.44200647
0.8914822
0.070834644
0.46346718
0.04950053
-0.1292292
0.3489756
0.24711628
0.8809482
-2.608558
-2.7340868
-1.7968854
-0.32928303
-1.1120155
-2.0779955
-1.5825846
-1.8543497
0.781446
-0.98052406
-1.5287832
-0.8886353
-0.40004864
0.82403916
-0.15439703
-0.9665273
-0.283838
3.8579414
0.0013369784
-1.1659347
-0.9198766
0.4295426
-0.44918236
-2.78046
-0.9794913
0.9910784
1.0101721
0.12842225
-1.850151
-0.64371526
0.49727705
0.06532
-0.37661862
1.0942297
-0.4517034
0.3720433
-0.5085721
-1.6957895
-1.8777153
-2.4253695
-2.439147
-1.8321809
-1.3675038
-0.83918047
0.72975147
-0.28071642
0.2892688
0.06866856
0.61605155
-0.2085684
1.0293133
0.063237175
-0.055262256
-0.8948799
-0.46233004
-1.4324605
0.005796226
0.29992217
-1.2613779
0.2395955
-0.90283936
-0.04961289
1.7325833
-1.7619483
-0.5298466
-1.8445508
-2.3676772
-1.9556655
-0.07040464
-2.5270576
-2.3534296
-1.0631341
-0.14014281
-0.10993949
-0.5267828
0.9431505
0.50637704
0.4595086
-1.2515494
-0.8645587
0.3709173
-1.294272
-1.123124
-0.14961444
-1.18607306E-4
-0.3062816
-1.1776298
-0.035379414
-0.4901423
0.20064877
-2.187366
-1.3157347
-1.4859828
-1.5558094
-0.2885895
-1.019379
-1.0433046
-1.8039844
0.31839943
-2.1302233
-1.7467076
-1.4112884
-1.9189352
-0.6661463
-1.1169597
-0.5976069
-1.6465671
0.03235799
-1.162711
-0.7864841
-1.7403712
-2.3808918
-2.862897
-1.7819997
-0.1199427
-0.74857706
-0.093468785
1.2879609
-0.10536254
-0.7872493
-2.2912426
-1.0070504
-0.5918226
-0.8312216
-1.1506122
0.60125947
-0.26308957
-0.23024315
-0.9610543
0.09735361
1.555652
1.3387191
-1.2432426
-0.9612758
2.0079887
-1.2205952
-0.78006
0.041812662
0.09816709
0.7771647
0.41768247
0.35888374
1.8961947
-0.96677625
-0.15698409
0.43866804
-0.030555876
0.57041824
-0.1988415
-0.40812328
-0.5355337
0.6829238
0.42537132
0.46430933
-0.72571766
0.0882518
0.8894531
-0.101061545
1.3667887
0.25480655
-0.59446365
-2.2331538
-2.6779337
-2.384872
-3.2485313
-2.6354985
-2.8483322
-2.4846935
-2.9356546
-2.4523146
-2.2221687
-2.6192503
-0.82074255
-1.0305555
-2.92931
-1.307505
-1.8361822
-1.710599
-1.0865263
-0.6439192
-0.751815
-0.9254557
-1.0453353
-0.9297483
-0.8582696
-0.6490211
-1.3959297
-0.842693
0.353099
0.7398569
-0.25680763
-0.24707158
0.38179028
-0.9415056
-0.0010901968
-0.47061664
-0.5423623
-1.3188571
-2.5401297
-0.860881
0.6911162
-1.8090925
-1.0702116
-0.88997865
-1.624974
-0.8123351
-0.6621452
-2.8384433
0.15192896
-0.9648747
-0.29598725
-0.118977405
-0.7202182
-0.5921204
-0.2547282
-3.9960065
2.0899477
-1.8730595
-4.0878363
-2.4678376
-2.800153
-3.1030207
-2.921084
-2.4024312
-1.1455052
-0.99967307
-1.5022041
-1.0062898
-1.5791345
-1.5571994
-1.5349519
-1.2609967
-1.3335292
-0.6681029
-0.4278331
-0.78374386
-1.1091696
-1.5052474
-0.9270212
-1.4093957
-0.81548935
-0.7772099
