0.0
0.0
18
3
36
27
18
9
3809.8066
-2559.5022
-262.89725
1541.9192
1775.9586
635.27356
-198.9006
-385.89667
-2127.3716
-262.6568
22.845165
-4120.865
-2553.7136
-1614.2775
-6896.792
-827.12885
-149.67227
204.0488
5465.239
473.71402
1252.6802
-126.16168
-547.50696
-179.03262
29.838549
-1274.04
-3282.759
-5287.6665
2760.7336
-1041.1686
-1713.1829
89.43173
1088.163
-238.23604
3900.5457
1213.9551
2774.8926
14.04426
-572.37756
813.2603
742.1281
648.79254
76.05684
-536.2527
-1787.8031
-304.39288
302.16943
-584.2192
1852.8713
-4024.2185
1266.6025
5729.1294
-1127.8499
346.46713
943.13416
-3089.8567
-1970.2472
-148.50925
5864.7236
-1946.0057
1419.8148
6004.8896
-8298.956
-974.1851
3328.8162
-738.261
-2654.52
-594.19635
4170.6035
1905.3773
456.7936
1735.3763
-1357.2367
3207.713
-6717.4556
1356.087
-782.0168
-1074.274
-54.388676
-522.19006
675.2392
-135.72784
129.41173
5288.486
-6388.0854
-1873.19
2269.1094
-1420.8695
-1388.0668
121.76739
4447.7856
10113.293
-3115.08
-332.72034
9141.688
-1092.5256
1637.0309
6852.0337
-5293.324
1634.8323
2322.7446
-697.7934
-6812.372
-569.31714
2964.2158
14.215371
3177.4233
2533.238
-2603.886
602.7294
-8254.898
1795.6063
-1171.5693
-1067.0513
28.745071
-435.0989
1928.5032
-291.80115
164.94812
3683.939
-7206.614
2327.928
2188.958
-2474.6833
-2177.862
512.51434
7696.027
10071.044
-1233.6002
-285.0346
7011.422
-1831.7075
2422.0322
8157.338
-3860.6575
-6898.715
2839.569
-1086.7509
-1125.4031
-723.8844
1016.3851
-1253.7871
3732.0388
1665.0314
405.4168
-3019.8225
-858.7864
83.11005
1771.0426
780.8859
-160.55171
-167.16055
-334.625
-70.24263
82.82614
-3512.3777
4519.633
-3725.257
-7265.1494
1918.6289
-1263.6271
272.38187
896.9353
-2209.4724
189.54971
85.907166
10243.619
-335.51163
408.9278
1316.655
-2633.284
-4960.576
3271.4822
180.59886
-177.5094
-421.63312
-6078.505
2097.5188
906.5622
411.03598
889.2395
372.38397
-4260.956
1733.5531
752.7374
1988.1903
-253.37396
-448.05768
-808.5369
-459.5488
111.31741
3340.0999
-1004.058
-3371.3245
635.32526
152.1859
532.5874
241.20972
9267.268
359.5872
-1152.592
108.08764
-1310.9354
-1681.5808
2723.75
2735.7197
-3864.4402
-1773.879
-760.4252
-1060.0664
-2394.5854
-837.2076
6466.862
348.88467
-44.91498
831.59143
2758.9553
-6074.1426
2436.0745
550.6464
1408.7006
1845.6245
-458.8718
-334.011
-2139.9084
78.016846
26.3619
-1172.7103
-3165.8708
-4841.8574
1030.6528
2368.5059
-1556.2806
166.19595
3479.6191
-1979.9419
-1093.1417
-128.52682
4710.6714
-1339.8402
673.35864
4159.143
-2281.0405
3543.0352
2978.9087
-743.57513
460.2651
-847.71375
2805.3882
1536.5322
1661.5159
-396.46194
5366.342
-2133.05
-3074.447
65.19037
295.88907
-558.44073
-63.436855
-468.9922
-2339.5
-236.80887
91.35625
-1885.9402
4190.247
-3178.5742
1651.929
4535.65
-1127.7769
184.382
-2921.0696
-1202.2272
-1508.3842
-120.56071
7413.2656
979.5048
1229.4573
917.1532
2235.4924
-4672.6504
-2946.3547
-242.11795
-690.1264
-985.20557
-4395.982
1126.3553
3536.999
1062.8208
5816.417
-3819.2869
-513.8461
-16.56984
2832.3374
1733.4333
-40.613132
-54.8253
-1331.7391
55.006714
107.87751
258.56702
3294.361
-1634.8414
503.1465
4132.3687
-1106.9089
14.6412525
917.0185
-1744.8909
233.62714
-137.07263
-2802.745
-302.8908
694.59094
-1626.3969
1304.3964
3662.8416
1286.7368
-800.51855
1671.9646
121.43323
-88.85346
1548.7351
110.234604
346.13428
-1853.6975
-974.0611
-5069.401
1040.3564
-780.3114
872.1251
-147.90501
-642.88544
-2109.3599
-441.0321
95.551926
3186.1123
4232.424
2897.9905
891.2454
-1509.6575
-2918.5483
127.748344
4494.5933
1309.0391
-2556.4812
-379.97592
13018.042
-2103.0125
956.88226
2636.2854
-3830.3557
-4866.5293
7058.932
-1868.5145
-130.25806
-1429.7024
3915.819
1072.8083
3745.8804
1169.5776
-29.465816
-3388.5632
-1026.9491
524.4078
367.88693
2653.9377
-452.00134
-334.52338
-4743.8564
-134.16597
-50.648205
4691.678
6232.3345
-5103.265
354.32263
-649.9439
869.19305
-74.51503
336.20474
239.51756
87.16356
-57.22409
-988.3193
-14.420547
922.01965
511.9664
1063.9131
-121.15899
-3550.3618
-389.14288
563.7385
-754.3981
-1225.4972
4272.5684
2270.5493
-388.3218
-91.74159
-2212.2424
-268.52606
2458.4363
501.90173
550.43787
-208.37279
-760.3906
-2245.2275
-109.61425
96.904305
-2464.7722
107.91962
-2673.5208
133.83629
-460.7298
-1655.247
111.73923
4072.3994
-333.00406
-1114.5094
-234.57675
-1575.7466
-587.26733
-630.16864
2134.3167
-7808.7217
6089.0493
3492.0488
-910.8777
-1778.9578
-419.14563
626.48157
331.28674
2236.4814
1786.8501
2505.233
-3490.118
191.40927
1192.5942
-56.874474
1839.1329
-51.56474
53.735146
-2728.3638
-263.45795
69.692345
-6465.459
-2196.012
-1161.5731
-943.03516
2491.3225
-1875.3694
115.35495
-1882.1635
-2523.2864
-710.83826
-193.73859
3091.645
269.3092
-216.1193
-4081.599
-959.2025
738.5068
-2602.9358
36.090454
-785.42566
-670.16895
2019.0052
-64.83215
-4370.343
153.47096
4950.758
-449.5971
-2231.9922
-20.879044
1694.8624
1115.6111
-161.76047
-421.92874
-3281.8264
-117.07458
218.57394
-783.01544
118.76105
-1987.8541
-130.99655
4484.6216
-2084.0862
180.57317
-1154.7919
1367.3274
-605.92053
-142.08347
2496.1106
-1392.5747
300.00565
3965.6113
722.478
175.58875
5769.86
-1334.3983
-4960.284
97.79773
-612.4949
2793.5442
919.5214
727.2341
1825.4062
-1411.9681
-3683.1301
-172.78555
1032.2675
376.01093
-284.95718
-312.663
-3500.2944
-171.20349
89.905075
-581.4238
13106.003
-1976.7454
-516.9529
3012.0708
-560.73846
62.10702
-2578.7856
1651.7393
-83.3518
-27.145828
7089.1167
-2173.9912
969.0467
2789.3599
-2418.808
-2538.0627
6398.121
360.4536
1146.6154
-275.62775
-2224.7964
1769.6896
1738.3351
825.48926
-1645.3916
-4371.5435
-624.6338
2146.9087
1596.3953
2138.6965
-160.36105
-136.66135
-1794.1019
-381.00964
126.346634
-332.21762
5070.7217
-4459.5566
-8313.957
2468.9236
816.0928
340.16077
5870.2007
5133.023
-121.523735
-144.36334
3053.7307
-209.16756
-314.27002
-406.93063
-3734.5098
1986.3412
-176.30527
-1555.0922
-1190.9888
-26.219229
2625.0237
815.8397
1290.2789
-912.4896
3377.803
198.59721
548.0617
989.1219
2410.047
2588.7866
-216.10968
-95.3593
-3426.5125
-133.30685
48.804
-3978.2974
12014.969
-1040.5199
494.08325
5504.586
1740.8442
-212.945
-1568.0552
4557.328
204.38869
-17.230259
-2050.786
-167.52599
-1151.9393
1505.3877
-1949.036
4431.243
147.22742
144.51114
-1523.6813
-144.3746
500.01523
3591.994
-4701.2544
348.07037
2590.9028
1127.7133
-1130.087
791.5431
385.6842
60.735073
-145.93217
-153.34702
4338.725
-176.93005
77.27077
121.91126
-1501.0634
-1210.4761
502.79456
1728.1727
-1427.2664
358.0537
1052.7186
4776.4575
-994.7553
-160.64966
2185.3892
-1811.851
1478.2119
2844.69
1123.4635
-2993.5586
1247.8201
-469.66214
-312.27603
-552.584
399.27155
-194.8598
379.6043
206.36414
-8.21658
17.220018
-2.3546903
-36.580193
-1.8360323
0.9121193
75.35366
-0.6599499
6.7718353
9.522299
-1.1609634
-8.1474
1.5896384
149.60553
4.666149
-3.5039368
-0.20640287
-2.4432604
-3.48662
2.5420022
5.4480405
-4.6233892
3.7542615
-0.8042791
42.26962
5.007525
35.838936
-2.8675494
-32.09994
-2.466688
12.517644
-0.48064458
-2.1687393
-114.0792
-2.0190313
-0.62455475
-4.343147
-16.319958
7.30474
1.7807775
-132.57513
-12.446548
18.575151
-36.654083
2.230134
-2.060716
2.52358
-19.124296
-1.0847642
-3.6409783
-1.8645551
-44.682068
0.15442203
-57.729073
-6.5971227
51.493237
-4.4947457
34.81234
3.8400075
-1.1763718
165.6136
1.8374827
8.077073
16.112698
7.4664555
-26.40722
20.746204
193.99396
9.075165
-20.706303
117.31869
-5.475545
3.4457052
2.8824406
15.252152
-5.3526273
-2.9646895
1.4577928
77.0399
8.350738
121.37084
-2.960456
3.8700778
-0.7214126
1.6726437
-1.5944259
-2.2951243
105.129776
5.56649
-9.382613
6.54345
-1.2044867
-0.6943396
-11.022839
64.10092
-11.492805
71.35754
34.009415
-5.8081017
-2.935997
7.212635
10.1101055
0.3522658
-7.609318
-1.3502584
31.235332
0.89415944
41.404156
-11.492815
64.150246
-1.0163128
-50.74936
-1.9541824
1.7876649
216.66208
4.9349594
-11.775821
5.2522
-9.360772
-12.433182
25.260958
183.61835
-3.8274975
-8.138711
169.70857
-11.523484
-1.8491096
-0.33758783
10.625104
-1.052886
-1.0839905
-1.9404114
93.23092
2.3314312
161.48997
-8.193153
31.34474
-2.2800124
-29.292429
0.36587378
0.6785058
164.65317
5.287919
-9.8536215
10.158145
16.176546
-7.577342
11.916575
186.71452
-2.302107
-17.024176
89.42299
-13.213791
-0.16093016
4.260983
11.101943
-3.851546
-3.095293
-1.7429504
66.52058
9.1312475
195.55208
-3.274008
-1.9712243
-1.2503623
-11.180693
-1.1951863
-0.8267608
-32.059353
0.79127306
-0.3238436
-7.740932
-5.793586
0.295277
-0.81463027
-10.466341
3.7424197
14.136997
-19.512358
1.5118634
-4.292711
3.6964798
0.34646934
-2.1216226
-7.507265
0.90539896
-10.199719
-6.1320906
2.4767272
-9.08738
1.2859036
-1.1549007
-8.48123
-1.6055176
-3.4535403
5.534925
-0.33976877
-1.4126889
9.783706
9.374132
0.045049116
1.5319369
17.51714
1.1052444
-23.411106
20.06258
-8.992438
-2.8454282
0.0875935
0.108639136
-3.7046025
1.59311
-0.5461107
-4.1187496
6.7250676
19.069836
-12.562542
-5.1579323
-2.7566428
6.4244576
-1.3792963
-1.9956876
-93.34954
1.9404684
3.5712335
8.675952
-16.670424
2.0378544
2.7543855
-122.61506
-15.041634
37.19552
-86.70769
-7.5475235
-2.7023675
-1.7342815
-7.9545417
-4.2095685
-5.5820885
-1.1670811
-21.72634
9.898235
-175.38509
-12.117127
5.4814634
-1.1048255
-3.849481
-1.6281044
-0.60261315
22.257917
0.9851422
-7.109158E-4
9.90147
11.893944
-3.7444506
1.1682034
-2.7272966
9.050613
-10.111489
5.1750193
-6.4636893
-3.8899033
-4.0119166
-0.14447244
-2.9253047
2.9770575
1.3534472
3.7403784
10.446097
16.751404
-9.144589
28.439514
-2.145713
-15.006235
-1.5118046
-10.50385
102.32414
12.059658
-9.176534
4.067081
-10.30258
-8.448303
14.0766945
114.4955
-12.989405
38.471184
45.9913
-5.587068
-4.6625137
15.347355
12.509655
-1.6916898
-4.9178796
-1.0337389
36.214325
2.7499309
95.65293
2.06313
-55.858604
2.0227427
-19.853722
-3.1888483
0.38041914
-171.31274
-4.0586357
-12.619564
-2.1495368
-17.585546
7.6134353
-3.4212985
-217.11302
-9.606262
39.944965
-78.438896
-4.6486583
-3.6076078
10.634688
-18.874788
0.93980724
-3.1321304
-4.4020123
-21.583471
2.6291842
-105.93791
-7.5961623
61.756413
0.043718282
0.6023327
-3.5829232
-6.368266
182.15736
9.554842
-8.042521
3.6522243
-5.454598
-13.163154
13.814322
286.34293
-7.804052
-24.40697
323.6595
-10.086684
-5.6777525
-7.275469
16.753265
0.50309575
-9.516253
-2.4202094
49.085476
5.639019
333.7987
2.569466
-36.666477
-1.6725583
-0.2188275
-0.85314536
-0.4370959
-44.705067
1.6971182
0.24636185
-3.9150884
-17.923807
-2.3889449
-9.02548
-39.551384
-20.528961
76.98481
-66.85092
-4.380344
-3.9873576
22.513525
-4.574897
-4.1074915
-13.018252
-1.7094988
-64.86745
2.9301474
-39.902046
-2.7644954
6.513955
-1.9463397
-5.8966804
-0.9011872
0.92887896
-82.93532
3.419262
6.6559324
5.1182437
-18.911606
-1.9801445
4.736164
-128.42836
-15.438495
39.263794
-24.261278
1.681618
-2.0294197
8.900096
6.927007
-1.1271662
-5.7776937
-0.75073797
-50.86016
-3.0368657
-82.99032
0.79966646
71.04814
0.94312394
-29.086304
0.2950834
0.30578342
194.98186
9.290313
-9.865811
5.06141
3.5753126
-3.5081007
31.03985
286.56454
3.6640005
12.48125
202.31828
0.6139753
-2.1503835
-3.6373835
18.757502
-1.351954
-1.0366112
0.013543584
80.17836
1.4200885
300.93793
-11.955985
41.047558
-2.9391086
20.66162
-2.8271308
-3.8893316
52.101364
-2.389045
-7.31339
10.31386
12.07387
-11.3676605
14.38408
137.46086
-1.7919738
-16.71846
93.43976
-9.343922
0.9890885
9.048241
17.482935
-3.0601778
-0.5076412
0.12894344
39.941265
12.289423
86.93245
1.4226136
21.616308
-1.4559796
1.4717414
-1.1950407
-0.06269269
103.67294
9.082268
-8.516869
0.37990692
-17.772856
-10.080636
11.068243
141.99751
2.389856
26.7238
36.98085
-1.3029906
-2.984017
1.6379418
3.4787035
-1.1160965
0.2129084
-0.21587974
31.288517
0.99130124
109.07775
-2.5205798
8.570694
-3.7196114
16.908527
-3.564189
-2.9672992
-18.489883
4.016401
0.77866584
0.7114735
-19.809103
1.7863283
2.6627278
-65.450195
-0.4921848
20.569862
-148.88377
-8.538736
-1.6309828
10.109177
-1.4519788
-3.7928872
-11.661794
-0.64364934
31.746021
-2.2128527
-99.893166
-0.09951168
-18.462067
-3.0121906
-21.355711
-2.6772866
-3.0729182
-209.2717
4.896489
3.743844
0.99713033
-9.736613
-2.778039
-16.247513
-329.71997
-1.2297225
45.144154
-239.41127
2.898863
-3.9127004
-0.8683066
12.586908
-3.597365
-0.23190773
-0.8864976
-47.39524
4.446892
-225.27199
-7.346637
52.15448
-3.4370573
-43.740425
-1.9238588
0.16351117
145.11838
-2.3707793
2.5945983
9.2194395
-3.3387868
-1.873258
2.1829703
210.89584
4.4466014
-1.9275177
123.40704
-1.398789
-1.0323632
3.474104
5.2506804
-2.0419004
3.6620471
-1.1540533
62.509674
5.210559
173.9029
-13.976239
2.4313357
-1.3895876
22.124844
0.73951125
-2.8486352
24.890463
4.3818007
1.094554
11.471177
0.24443144
-5.217342
1.7879479
-3.4482505
-4.1775126
-12.517179
36.585205
-9.260511
0.16549657
2.1903002
-1.9189415
-2.947944
-11.576408
0.51060593
28.733223
11.414125
54.517704
-7.6820903
1.6097908
0.18404856
-0.7697581
0.20484285
-1.082309
-172.20128
0.31469506
0.9166156
3.621911
2.8165197
2.1756532
-0.61808264
-116.353836
3.7737055
8.387628
-150.7323
-2.573203
-0.80191815
-3.0895073
-0.81933063
-2.3901505
3.1651208
1.301581
5.83372
2.829827
-132.82536
-12.274239
35.050106
-0.41626498
-33.441048
-0.033278424
-1.096582
70.568886
1.7791028
-0.8235078
0.54015684
-7.971074
-14.912289
15.684107
145.03891
10.174254
-33.352654
40.979412
-8.642658
0.73527944
-7.2469835
10.336013
-5.576873
-4.0485115
-1.4585447
51.76448
15.301021
67.273155
-7.083334
-1.9832525
-0.70662206
-17.66232
-1.6321213
-4.679293
-44.11861
-1.1485848
-15.021799
-2.539135
-11.213333
2.6438777
2.64659
30.130114
-5.1864614
25.390234
-56.670506
-3.04171
-2.211227
8.35659
2.8916817
-0.8482354
-11.994005
-1.530332
-19.522345
2.9644635
-39.32483
-1.2286803
26.814785
-0.868979
-7.5101466
-4.925759
-0.5058105
-143.37416
7.163517
1.67603
-2.3448982
-13.439784
-0.42263865
15.047684
-178.72536
-5.4213247
32.834854
-102.029915
-9.088874
-2.9969237
6.4440217
8.097389
4.480935
-7.1903014
-1.1208109
6.0211353
2.0802982
-243.79347
-8.812587
38.023354
0.23250683
-4.9449186
0.4618952
-5.0697465
58.755276
-3.991565
-9.073626
12.2145195
1.1586844
-13.484405
20.83006
89.33982
4.8849773
-7.085442
79.882545
-8.578615
-2.3929615
4.529206
9.941336
-0.8523767
-1.7160709
-2.2353294
50.095905
4.636217
247.72261
-3.1042542
107.75718
-0.21428798
-29.889929
-3.419146
2.456834
134.70389
8.417388
-9.283155
0.21747048
4.696348
-5.9100785
22.327932
77.05969
-2.0748854
10.468162
150.28583
-2.6728482
0.1917393
1.9093415
15.8603525
-4.224045
3.7792435
-0.61636627
129.28818
0.9731728
34.71275
-13.228586
3.4412348
-5.987533
-17.877169
-2.218162
0.7649504
111.95278
7.97642
1.1350168
-3.7988904
-19.008997
2.3922215
-4.3329096
50.34825
-19.194458
49.967667
-31.638021
-2.1007895
-3.064956
10.48354
-8.214357
-2.1881402
-8.139905
-0.42241457
21.660341
6.6889167
-35.298336
-21.92575
31.966316
-1.2266406
9.065056
0.11121873
-1.2241439
63.34714
2.409747
5.712491
7.756401
0.77730536
-6.4329996
2.0949466
66.579025
2.189965
1.9697928
63.321327
-10.40708
-2.0391996
-5.9471745
-0.8445934
-4.3369656
3.285829
-1.9538736
50.680424
19.766365
49.56627
-6.425567
54.532333
-1.3554549
-14.505739
-1.5111083
-3.2099555
97.04532
-1.4060595
1.6884218
11.558862
-0.9829606
-3.4440603
30.097534
78.63624
-5.29643
-11.840979
108.4974
-2.0902233
0.7626619
4.7845616
19.276337
-1.399852
1.1779118
-0.5418647
84.86763
4.9635687
94.41658
-4.4498296
21.079971
1.3615415
27.56739
0.7173888
0.33747074
24.706673
0.4044527
-0.408579
3.9492004
10.024683
-1.4407051
1.0243698
44.04265
-5.0184364
-28.41636
47.085953
-3.067529
-0.82338303
-1.9745772
0.17549498
-1.5593616
0.34017208
-0.39802295
24.006304
5.5667825
71.9994
-10.594222
1.1147697
-4.765181
17.055302
-1.6614999
0.08129165
-107.579414
4.069178
-11.635535
18.823843
-23.04244
1.6647396
-4.150099
-51.75661
-7.193346
28.875269
-59.06975
-2.250852
-0.89540136
12.816573
-4.340031
-3.083651
-3.3517563
0.6719984
-35.74115
6.1771574
-63.634182
-10.756718
55.25372
-0.23909982
-11.218692
-0.70428723
-1.4446677
158.77742
4.552202
-9.701706
13.222696
1.6977013
-16.371119
11.291835
161.97633
3.906995
-44.898117
101.16227
-8.946135
-2.5328674
-2.8983767
17.783052
-2.141102
-2.8698845
-1.2133242
70.81874
11.503145
113.717354
0.8024282
5.974518
0.32149363
-10.72275
-0.89816713
0.88803077
-46.113865
5.0273266
-1.0798416
-3.9708796
-16.129854
-6.3551254
9.889605
34.55773
-4.833708
44.238712
-33.350914
-1.4441185
-2.3175337
20.412024
9.419107
-2.4677737
-3.9707592
-1.4045501
-25.351297
-1.1778959
7.210376
-2.74097
-9.050387
-1.1605775
-29.013334
-0.61740077
-2.0455465
0.63823116
7.4928255
8.555157
-3.3756537
-10.2698965
-10.646625
4.7266226
-16.503832
-21.553413
27.649246
-55.29583
3.22211
-0.09512368
1.2050002
9.527822
-2.4062529
4.127793
-1.6648121
5.36279
3.7496362
-18.133244
-1.5026311
1.1880374
-0.04135369
-1.3282626
-2.2224932
-2.724703
-3.1370273
-1.6151342
-0.3722907
-1.8081183
-0.25628942
-1.283799
-2.2148051
-1.8524876
1.5130589
-0.27177405
-1.6890713
-3.0067327
0.54519886
-3.5932765
-5.7494187
-2.8391383
-1.2203906
0.58689666
2.5163405
2.3597775
-1.2135241
3.3448744
-7.53829
0.56023425
-1.9732708
-0.7430197
-2.0685577
0.842275
-0.8165194
-0.66480577
0.13253045
0.46436006
-0.16291638
0.7856482
-1.0224578
-0.22560403
0.42197666
0.032365352
0.06889564
0.10790665
1.5693007
-0.37293544
0.52925307
-0.0018421006
-1.1086439
-0.5240279
0.7674113
0.60316026
-0.44663063
0.19389068
1.1321614
1.9169279
-1.4672941
0.6322489
-1.4872192
-4.71305
-2.4203355
-5.1191845
-0.82503235
0.7771626
2.5834038
-1.6314803
1.1672478
-0.4581471
-1.3901997
1.9174381
1.7042108
0.35778266
1.0108565
-0.7248875
-0.88636565
-0.6807653
-0.8809208
-1.0135214
1.121114
-0.6155135
-1.2264079
-0.019900724
-0.31380507
-0.201301
0.4724338
0.16194056
0.3075394
0.6324467
-0.82417166
1.5454881
0.64297974
0.6382994
-0.57733953
-0.5254388
-0.22247909
-0.36967573
1.0973725
-1.7258686
-1.1710318
-3.1649015
-1.0013424
1.8931177
0.7899322
-1.1795233
-0.3767423
-1.0742003
2.3805547
-11.643671
-4.9144115
-1.4209132
6.932588
-0.36648506
10.00072
-0.42988917
1.642434
9.851343
-9.6225605
0.14764065
6.6302323
1.7802415
3.5084567
5.8126335
-0.46564388
2.9892693
-4.287749
-0.9289642
-0.023087762
-1.4247187
-6.479112
-1.9216468
-2.9904373
-3.801966
-5.785424
-10.4789715
4.735334
-4.555731
-3.718323
-4.1744494
-5.349086
-1.4719713
-1.9505594
-4.2366853
-3.2653384
-2.9007618
3.882909
-3.4782486
-0.80116373
-2.0262928
-5.3402395
-2.3661427
-4.9210916
-4.30945
2.172769
0.1435766
-2.2430449
-2.4237921
-1.9864728
-2.3793402
-0.82064027
-0.5831047
-2.4109585
0.30995318
0.84947157
-3.6309297
-2.317901
-0.549232
-1.7741941
-2.129126
-5.0976534
-3.8566008
1.0232632
-1.1298553
-0.71092975
-2.0519674
-2.4255261
0.12718762
-1.2185547
-1.8869601
-0.53564674
-1.4170438
0.764059
-2.0636826
1.6109085
-1.4640816
1.6049631
1.9190674
0.58127016
3.8242297
-1.5214568
0.090799205
-1.3972734
-0.79388857
-0.37433574
-0.64474934
0.23278289
3.1375446
-1.8273305
0.41616842
0.68971527
-1.2468753
-2.0057075
-1.6748279
-2.0304117
-1.8308263
-2.7571547
-3.1290393
3.8463013
-1.3421934
-0.5426822
-0.72452915
-0.79707766
0.66004014
-1.8367728
-2.1184003
-0.306289
0.7580387
-3.3971467
-3.2403226
-2.2487538
-0.7625035
0.26503536
-0.2955718
-4.361453
-0.63901234
-3.4045105
1.656881
-1.0381364
-0.2581216
-1.9305415
0.85538113
-0.9825359
-0.59749305
3.0166922
-8.592178
-4.727008
-2.0495539
5.4073954
0.8280262
8.342836
1.0325034
6.853066
11.127403
-9.404676
1.2716985
-0.8569896
3.1444056
5.3186545
0.17807797
0.6326472
1.874
2.07349
-1.5288271
-0.39351085
-2.444743
1.1162121
0.084645346
2.4258075
0.25656897
-0.9217652
3.6651728
-0.71383715
1.8161948
-0.33363283
0.24755456
-0.06975363
-1.9394848
-0.82651633
2.6039104
-1.897372
3.5858371
2.1603618
1.6579936
-2.391434
-4.646824
-3.1500065
-7.0065064
-7.882783
-10.966681
4.400643
-3.1426628
-3.2935255
-4.386328
-4.7880507
0.04310882
-2.0014908
-3.6338835
0.5309354
-10.121897
-4.013086
-2.7048917
4.696853
-0.9917578
7.3842235
2.3953416
6.046445
9.872613
-11.774095
-0.21436593
2.4819388
1.8828577
3.8034158
-10.731802
0.6301157
2.0357032
-2.901729
1.6112218
-1.1523868
-1.1253375
-3.9014347
-2.1159823
-5.0264583
-3.075304
-2.0893514
-4.9511285
0.0679646
-3.2718873
-3.9371893
-2.3391652
-2.06326
0.8165775
-2.8973098
-1.660998
0.5853475
-0.4130358
-0.17928112
0.011757898
-0.075868234
2.2838213
-1.8876076
-0.78992146
0.08369692
-1.2762625
-0.7232376
0.2346229
-0.06767532
-0.040259868
0.10155
-0.4438005
-1.1444123
1.0165874
-2.9305937
2.1005523
-0.8268596
-0.16073531
-5.009649
-2.8351066
-4.3099694
-2.855133
-5.6745663
-8.910522
3.359033
-2.8127468
-3.4295294
-3.928602
-4.470069
0.7954352
-0.8685996
-3.8016357
-1.8903763
0.9611395
-3.9662974
-0.25088304
-4.0896773
0.039213277
-1.1881706
-1.9893162
-0.6669611
-0.388587
0.24386539
-0.64702916
-0.8574805
-1.67623
-1.4111667
0.15252815
-1.0945551
-1.9281121
0.5231791
0.097288355
-2.2304668
-1.6421521
-0.8903419
-0.9678031
-2.3155363
-0.48765448
1.3105947
1.1110029
-3.9657378
0.682481
-1.255312
-0.5995627
-0.27367267
0.4763363
0.3635296
-0.4753109
-0.6691585
-0.44260073
-1.8470825
1.7038807
-0.7468453
1.8294463
-0.890701
-0.67426485
0.65122
1.668591
-0.67386574
0.48359194
-0.06967108
1.0745171
0.41755584
-0.5032064
-1.278595
0.5085704
-0.15874472
-0.9100195
0.05901767
0.024467507
-0.4627484
0.03606906
0.8772222
-0.856354
-0.7881718
0.45198992
0.49786517
0.732659
-0.41634762
-0.1547932
0.33786112
0.40752593
0.82643765
0.20950057
-1.2718985
3.2366164
-3.068593
-2.488882
-1.1297061
-1.0098597
3.9903357
1.0052502
3.8315692
5.1190133
-10.170466
1.5340214
-0.6648686
-1.2852824
-1.2804203
-0.25105307
0.03957778
0.62311256
-4.034453
-0.06245838
-1.3273259
-0.047287915
-6.0999255
-1.0094314
-1.2419943
-3.0723207
-4.5688705
-7.8454857
2.377008
-5.7362194
-4.5578303
-4.460687
-5.1787195
-0.0029097805
-1.4410131
-4.4366703
1.4457924
-8.626664
-2.5339992
-2.5686142
3.6507785
1.061485
7.580508
2.209981
5.284738
11.150268
-10.895293
0.79343396
0.055303182
5.27978
5.1541104
-1.8433026
-0.99024487
1.9611331
-2.5189164
1.5135465
-0.6970145
-1.8303406
-0.7362623
-1.1452668
-1.7936957
-1.1673342
-0.6422891
-0.96076894
-9.244513
-1.9139193
-2.1803133
-2.3630064
-2.0490339
-1.5053704
-2.6037202
-3.218079
-3.418152
-1.7883517
-1.1492335
-2.9606037
-2.238111
-2.0260487
-2.729726
-2.2226074
-2.74241
-4.343492
-1.0409073
-1.9057002
-2.8680923
-1.3885854
-2.6795588
-2.2387452
-2.6193604
-2.178488
-1.337045
0.8299397
-0.9618213
-0.86161554
-0.61466867
-0.5391774
-1.5059929
-0.99799323
-0.48504716
-2.0712364
0.019848572
-0.31569532
-0.8360779
0.9112634
-0.58472085
-1.5980178
-0.9203817
-0.7081917
-3.2662745
-3.7440436
-0.44414228
-1.5784771
-1.8228548
-2.2294602
-2.597504
-2.1503334
-1.9524105
-1.9949193
0.42322722
-1.5563655
-2.1533372
-2.0226893
-2.3810487
-2.702164
-2.2616334
-1.3451043
-2.6772745
2.0549135
-1.5669162
-3.6598966
-1.1884428
-2.8938
-4.012929
-3.0121279
-1.4122076
-1.0801766
1.4509045
0.36044925
-2.077407
0.45641723
0.033514693
-0.07792281
-0.6531903
-0.16857529
-2.4523325
-8.024813
1.9511273
-2.6605017
-2.578655
0.75267845
-1.7807399
0.7533724
-2.5035644
-3.0993087
-1.6895871
-1.5516766
-1.1056458
-2.172316
-2.2352421
-2.4842696
-2.220528
-1.6581613
-1.3957839
-2.6007814
0.062928416
-3.1583598
-1.0716914
0.4777727
-2.3643916
-0.7751042
-0.27003774
-1.4742887
0.26616272
-0.2658665
-1.6934446
0.35570094
-1.0434494
-2.3319201
-1.26795
-0.57502556
-2.7321115
1.4035368
-1.0321672
-2.445442
-1.4799745
-1.8229744
-2.3015196
-1.8127126
-0.98492986
-0.7060419
-3.2192142
-0.028791605
-1.6247758
0.00605449
0.7145008
0.051686022
0.64529455
0.36757204
0.21596457
-0.8709545
-0.22424251
0.33686456
-0.32075796
-0.28944406
0.16079238
-0.6736248
-0.10246751
-1.1234899
0.5909441
-1.5495611
-1.776802
-0.94427973
-1.5310869
-1.601114
-1.660544
-0.88422376
