0.0
0.0
18
2
18
18
9
2164.7383
-1073.7899
-306.0211
2146.826
1128.0742
-317.701
-2681.9292
1676.8074
-208.04207
1240.0962
533.1004
3280.6304
1768.5698
271.30258
1928.3575
-682.96124
107.99855
2100.4104
2745.6423
-461.64288
-340.24277
5251.318
920.46783
123.10887
-6655.8447
-846.7521
-403.07437
1552.0236
236.74019
4865.35
3300.8035
-2415.0815
3818.719
1739.7787
-58.16721
2875.9917
814.57416
1621.6116
1214.8174
-1650.6097
-115.06169
-86.02156
686.5502
-3800.154
-134.58264
-136.06607
-276.41852
-1090.4535
-4307.574
-455.41415
-2328.035
-229.41963
-5053.204
-605.29486
528.5608
1992.3594
1233.0581
457.55814
-761.2227
436.05252
-2064.2334
-5011.0806
-2033.4878
103.8164
-19.879332
764.7269
-3411.325
-2276.9219
568.4848
-382.29208
-5864.9897
-37.05677
-348.58298
-2415.0625
-171.55722
-1332.4647
-72.53873
-93.43563
2820.595
1266.0294
802.23083
-243.6564
132.49559
-724.18097
-1023.87494
2072.2957
-2472.2903
2859.6794
584.4765
-562.1124
1014.98193
-2009.2069
-228.6027
2164.8625
506.4122
383.6097
-2860.3547
-1827.8666
725.58136
233.0386
16.109426
2130.6716
626.595
-768.3802
1331.8461
3388.9524
-3440.6296
-230.83876
255.129
1370.425
-149.90599
-822.4093
1705.8212
-137.02704
1211.5568
1294.7032
2156.6528
-260.23093
411.70145
-51.365448
-872.3781
-1548.5358
3257.2266
-156.61897
1515.2053
-482.54752
596.64343
1132.8735
-81.97531
2175.0173
2228.2703
292.65103
-2773.159
-511.72562
1665.0497
112.82119
322.75305
1886.5621
486.10773
-3692.046
1204.489
149.4057
-927.5054
-28.80705
-632.96124
-1736.9381
-145.4518
-2501.42
1288.0642
-139.11371
2920.9297
2047.1061
-358.41873
-187.9669
360.26627
-1644.7615
-879.36194
4261.8384
-912.93445
-405.2152
-945.9358
-646.6605
694.77094
-1093.951
-183.09201
2883.2925
713.92206
471.39194
-2165.3315
-1970.8279
1699.43
-1528.2231
332.65125
2358.5833
-3265.7988
393.4649
-6132.1846
1828.3741
-4722.9766
195.37247
-407.84485
489.14334
100.3342
-885.5346
-2292.0774
143.87544
1963.5564
1040.4447
454.6545
-395.8499
-2179.798
638.62866
-1003.80365
2951.8218
2478.1821
305.6661
768.7722
-548.12964
1106.0945
452.33548
83.871216
2063.5833
-459.3084
576.1924
-2105.1177
-1660.1718
481.9298
58.217247
-2202.702
765.85034
686.279
1935.0901
441.96
616.9889
-1885.733
26.0542
-410.73157
451.55774
33.02561
-851.0431
763.30884
-86.2465
2654.3577
1123.546
1454.6979
-366.37958
612.2377
272.32904
-781.9469
667.3571
217.40448
-54.78062
233.18805
-263.51517
1096.3203
873.9947
-46.01718
1923.4095
327.42682
290.50604
-3965.6746
-867.1205
2010.6768
-197.95319
536.7137
2962.6272
268.49527
-1157.6508
1855.8246
803.6998
-2526.0798
-61.3948
-1151.5587
686.4809
-144.6065
-1536.5508
-1102.1282
-1557.8032
1719.022
554.7971
2554.569
-483.40714
-155.71329
-880.34894
-208.65042
1334.7406
412.64734
-975.34595
-932.8184
-523.3881
370.40692
447.23956
-152.00677
1928.884
-443.65088
-1074.4926
-1357.2708
-694.06464
-107.808
-76.16091
130.74077
1481.502
-93.93474
-487.90128
-77.38637
1359.8152
-556.6451
106.754166
-171.5244
-183.08983
-104.34653
-2674.6338
786.1248
76.20428
3567.5598
2006.1412
1154.876
-363.79132
65.46265
-1333.0092
-829.4361
2018.2229
-7.963708
-1551.8837
1022.1716
-125.14103
1163.3684
1119.2726
-155.48373
2096.2437
-48.088688
209.30562
-2822.773
-1859.8123
1501.59
-75.683464
415.91513
1969.587
-244.27237
-1500.6337
2340.2139
639.47034
-4270.467
137.64398
-10.602915
-49.03103
-25.027887
-2.8228533
-31.432795
-42.7844
-79.13454
-9.302109
-3.237055
-7.6902394
-60.356472
-38.010258
-37.99392
4.695429
30.746714
-62.50146
-7.142536
-10.150364
-6.827932
-21.051338
-14.108855
0.8171753
31.417498
-17.158663
-31.749481
-4.698794
-20.155619
-4.0988455
-7.5888767
-2.4932263
-20.506992
14.963691
36.152294
-8.272068
-6.10581
-13.206518
-7.4180937
2.5227542
-12.527312
-126.18388
-4.1205363
-38.48944
96.699165
-63.18906
-2.3293953
-3.4675045
16.344067
5.520888
-21.103447
23.704231
96.50507
140.08829
-4.004034
-7.2080574
-11.093508
-18.005375
-31.08139
-0.18438129
-46.667263
-74.132065
28.19222
3.340346
-29.61402
-12.458165
-46.732037
-44.644127
-68.1551
6.7861
-51.1392
-0.22925106
-6.533931
-4.7944145
-0.06302716
-12.005633
0.4987253
-3.5057206
10.238468
-4.9514666
1.432553
14.593991
8.091696
-4.746865
-7.0259867
13.576795
-7.4573355
-14.857292
-3.5768616
-5.7615533
-6.295745
-7.2011704
1.5741403
32.650063
0.61023724
2.9135985
35.301865
12.446337
11.23332
-5.275826
-18.942944
-5.245387
23.18458
-9.273362
-13.569317
-18.135237
-7.4065204
-5.52771
-9.554783
-44.61777
8.406401
28.670048
-11.411648
0.71222544
48.950645
57.36022
31.405333
-8.36303
16.361118
0.7790781
30.615082
71.44563
21.62471
45.92784
62.81394
6.549928
3.5894787
-3.372688
-4.0471687
0.6204068
-6.209951
22.746742
23.468866
112.7917
-45.590416
-8.521481
12.17808
-9.277115
-2.4321392
-12.5756645
2.1601434
-23.213474
-90.65443
-20.969667
-4.802531
-0.9084455
-14.811616
2.9118407
-34.434917
-49.046215
-36.68064
13.76826
-18.315275
6.4820585
-26.783966
-5.4329324
-35.66707
-38.357815
-19.182228
-23.219278
-33.887108
-59.037266
-3.7281756
-24.854727
-10.059498
-32.804005
15.163418
-10.663676
-31.904335
-30.884527
-62.124836
8.116245
-16.040419
-15.151174
-6.8122444
-31.40231
-13.711911
-15.998974
21.294302
0.27945948
14.391485
-7.1208262
-7.704743
-25.915802
-2.4008613
2.5428727
-27.030699
5.7957687
-135.05643
-1.9646032
-29.813221
-7.6137238
15.621478
24.173079
32.427288
-24.904917
4.3835344
-7.899832
-2.9250753
14.966875
-19.163746
20.550573
-26.542288
-24.034456
-75.37279
-28.46401
-79.5374
-20.373758
-35.16351
-13.780814
-24.136272
-34.73741
-117.8542
-37.820786
-29.341583
-62.59266
-10.106301
-5.8521266
-15.217724
-4.353307
2.851348
10.55144
-24.561182
-21.172186
-43.715252
0.30459875
28.780474
-8.610861
-16.03894
-18.09409
-41.67495
-37.40625
-28.567904
-44.471912
-7.395288
-3.602892
-5.164971
-14.965229
-16.567644
1.8648676
34.84847
-0.0965063
30.35814
-9.209301
17.806644
-1.73166
-2.7847862
-13.147092
6.9885015
-4.61192
17.328863
-3.3801186
-6.27068
-3.7872431
-43.34915
1.817536
-3.9255342
-1.2284248
0.9109098
23.428694
-0.8076059
-4.694679
-75.08631
-18.295858
-2.3695264
44.511494
31.982487
-50.177006
-9.749372
-16.926258
-44.44192
-18.098755
-12.400545
145.19371
65.36864
94.660416
-24.873762
-71.568985
9.269423
-70.89212
18.2976
-10.014457
26.374565
-21.7243
-68.300865
-38.10106
-91.801834
107.94908
-9.648839
-0.2284034
0.38627058
-23.953552
104.44157
-100.19386
30.777956
50.612087
-18.257114
-69.6367
-54.121693
-7.7413044
-5.6777253
37.719063
3.120692
0.8866301
11.607301
-98.12458
-17.594818
-22.18623
-7.587953
-138.06023
-4.888049
-81.16718
-22.15145
-72.360535
83.53304
122.44026
-9.949594
-13.845228
-20.788555
-45.432938
-27.256227
-23.74837
-8.38147
-10.097925
-7.0695553
-7.275808
15.295055
-3.1768312
-3.1343224
-2.0718791
-2.0658998
-2.1396148
-1.8491691
-1.6771497
-2.2972991
18.643278
-3.0008342
-20.34401
-0.38679463
-1.4384304
-0.7209665
-0.2947026
0.11687851
-0.1054241
-19.923645
1.4329878
-2.7963824
-4.1780443
-2.801178
-4.1531796
-3.3518376
-4.218028
-3.4661193
-19.272541
1.9393649
-21.585215
-3.2761478
-16.490793
-2.0730379
-2.9908123
-2.6987808
-2.3912504
15.402789
-3.3228295
-7.262486
-3.0036912
-2.1849518
-3.3254137
-2.9294164
-2.5718598
-3.7867258
3.4247117
-2.9083922
-20.17038
-3.7879932
-15.080683
-3.05276
-4.6432548
-4.5844665
-7.359843
0.8846712
-16.553808
-0.19813627
0.26886776
-4.9813223
-50.536175
1.3584727
0.8073655
1.1643443
-18.955755
0.27875486
-2.5357614
-2.9658375
-2.6641784
-2.8129663
-2.605709
-2.7051418
-2.044177
15.331801
-14.904335
-12.92444
-2.9043407
-18.408655
-3.044773
-4.201907
-3.7006166
-4.1781454
6.0791264
-3.2379677
-3.1963801
-1.9056833
-2.228532
-1.806893
-1.662866
-1.4369123
-1.6396887
18.17762
-2.5238178
-3.0679514
-3.4823174
-3.120421
-3.7190309
-3.625485
-3.679173
-4.1911182
15.277109
-3.9994178
-13.730186
-2.5351985
-3.8883152
-2.442985
-2.416656
-2.6316326
-3.6640475
24.460142
-4.05726
-8.367029
-3.8101861
-7.642178
-4.6908164
-3.672439
-3.6071827
-4.79972
20.27035
-5.7207737
-7.829535
-2.4137897
-2.7118964
-2.9438307
-2.3585486
-2.64821
-2.6139169
1.4490513
-41.040466
3.5778847
-2.3671484
-1.8083854
-2.5266972
-2.7621453
-3.0347545
-2.6424437
-18.66874
-68.61933
-0.41702557
-3.1266992
-0.92607003
-1.5522178
-2.8008902
-2.5334222
-1.9327106
-4.522295
-7.8256683
-0.8609022
-1.354783
-9.201681
0.043144397
-1.3149635
-1.6396022
-1.2726729
-4.6203504
-1.4163071
-1.6544011
-2.1365716
-2.7913017
-1.1648006
-2.9358249
-13.044643
-2.1700451
