0.0
0.0
18
2
72
36
9
-1.5545908
0.2864883
0.15029901
-0.75520843
-0.7127256
0.5779678
-0.124424316
0.32466283
-0.9736196
-1.4232836
-0.16450024
1.123311
-1.2992451
0.57669044
-0.06239048
-1.2121339
-1.0309432
-2.8879635
0.27954492
-1.0050538
2.629955
-0.3746061
-2.9682612
0.11587149
-4.5793033
2.605333
0.01843816
-0.31621146
-2.004671
-2.153041
-0.51807564
-0.7582427
-2.4112625
0.7184722
-1.2081039
3.1074023
1.2041961
1.0147289
-0.7188086
0.6609615
-3.8377597
-1.2197974
-0.32494578
-1.2644411
-1.841893
-1.7080525
-0.80120826
2.3461075
-0.5678901
-0.67291665
0.44538844
0.60965496
-2.5237687
-1.1022469
-0.4250362
3.7995007
-0.3485142
1.3296796
0.46994352
-1.1589428
-2.2777193
-3.6791956
-1.7161263
-2.498464
0.42526096
0.06223777
-1.112883
0.34028667
-1.5546108
0.6225513
-2.9729953
2.591425
-0.30226025
5.6864595
-0.73978955
-2.0921605
3.235213
-2.1247954
-0.6968231
-1.8508513
-1.4239639
0.32729247
-0.14755549
-2.1946783
-3.1425877
-0.18109617
2.3514385
-1.6845425
-0.92013264
-2.190085
-2.3825312
-5.0798693
0.94532925
0.4507893
3.31808
-0.8148833
0.7891265
-1.5079459
-6.493201
0.72618765
-0.20455945
-1.1731105
3.0619192
-1.2479732
-0.9188727
1.4627417
-3.3890436
0.1915796
-0.0040084734
0.9759141
-1.5085618
0.5163898
-0.750607
-3.3226693
-1.5340668
-2.8895593
-1.882073
0.48334593
-3.0561917
1.5506898
0.40136218
0.16972291
1.4341266
0.46751174
1.2655112
0.8062146
-4.3368125
0.57718456
0.96714854
-0.542864
1.0995975
-3.3076077
-1.9072846
-3.1550274
-0.66069144
0.46480057
-0.5167468
-2.4197762
-8.001057
-3.4150088
-5.4290566
-0.68592304
-3.0289674
-2.2339463
-0.3769416
-0.5055238
-1.709504
0.9522969
0.6634871
3.656793
1.0302087
-1.6226501
-0.88134676
1.583241
-1.9715962
1.5703385
2.2720723
-1.8380252
1.0597467
1.377586
1.6442932
2.8397138
-2.4441507
-4.816262
-1.3729559
-1.334757
1.5405878
-1.3652202
4.836322
-2.720925
-1.1078516
-0.83564013
4.4489226
-1.7792202
-1.306714
-3.6375387
-0.8750711
4.5045786
1.1547148
1.2363662
-0.6942345
-0.4039305
-1.2185231
3.6561642
-1.5428208
0.074823394
2.2039406
-0.12001903
1.4563481
-1.2289945
3.763628
3.1320653
-2.5351038
-0.7992979
-1.924057
-6.4752684
-1.4178988
0.6133889
-2.1274154
-3.3643866
-2.2925813
3.889399
0.57836735
-2.2373457
0.48304448
1.453369
0.35727003
-1.9095945
-0.6173318
-0.15374094
1.681142
0.4822236
0.48220268
-3.8604207
-2.7035506
-2.1300094
0.7230951
-3.0502582
1.0146893
-4.5854964
2.0087352
-0.50707525
-0.34338903
1.8943222
-0.9820398
1.2016268
-2.2563918
4.998094
-2.6530526
-1.1269772
0.9305845
0.93846256
0.37153238
1.1796849
2.138625
0.12356662
1.2963356
-1.1730264
0.8499608
-0.79666257
-1.7903792
0.809696
-0.5124452
-0.73328245
-4.7903905
-2.9689872
-0.27209786
4.6783047
0.9924193
5.2599664
0.7599334
-0.20487778
1.9986783
1.4649898
-1.582035
1.4128164
-4.664812
0.7979516
-0.962536
-1.2019495
-1.615902
0.3230937
1.0576551
0.7622417
-0.22451049
2.4134896
-0.24226393
-4.15459
0.75351936
4.9885354
0.64200646
0.7124749
1.8926914
1.6184609
0.7632096
0.32912293
1.2020036
-0.02353169
1.2397728
0.45373467
0.63445514
-3.097212
-0.29812992
1.5818186
0.47382602
3.8834364
-1.1066839
-0.8187415
2.614625
1.2556472
-3.4732928
-1.0291797
1.8443881
2.5985463
0.47841874
-0.86407524
0.9954385
2.734437
1.8161596
-5.385771
-2.9842372
1.9219929
-0.16574101
-2.7422159
-5.288345
2.196207
-2.365233
-4.211243
1.1808665
0.65161467
-0.39089936
-1.2213372
-2.1784394
-1.0692304
-3.5636911
0.18980345
-0.38194367
4.083089
-0.60059047
3.6732223
-0.5098966
-4.69575
-1.3350135
2.1885302
-4.816595
0.60147405
-1.562504
-2.3464396
0.86221266
-1.644578
3.3515809
-0.83471876
2.042093
0.36991435
-3.7495322
2.3099108
-3.374144
6.8036523
-1.0246053
1.2836428
-2.1158426
-1.3381307
-3.442593
-1.9308058
1.0444134
-3.4992366
-3.7960184
-3.513715
0.13835654
2.4790092
-2.0403075
0.9133364
-6.113022
-1.5456853
-3.8114617
-1.1508849
-2.2450273
-5.051321
2.5169997
-0.48182344
-4.100011
-0.21816532
-3.1539655
-7.512267
5.7025595
3.082578
4.9101467
-1.5828277
0.6714302
-1.8686113
4.4730067
-4.1780076
-6.818051
-2.3711548
-4.9134684
-0.86754394
0.11802316
0.22242235
-1.1876587
1.9651796
-6.081306
1.4123274
2.981721
-0.80113065
5.4461513
-1.7758492
0.12980047
-1.7395602
-7.4293303
2.9547615
-2.8735902
-3.8335502
0.9592164
-4.1732473
-0.7295358
0.1290801
-5.169187
-2.715878
0.5239488
-0.04142996
0.24372162
-0.8427722
-2.3411155
-2.3669925
3.5278327
-3.8451128
-5.1838655
-0.3596638
-0.63650036
-2.378282
0.057444125
3.014681
-4.7239466
-4.320847
-4.00601
-5.2420754
-1.936057
-3.5645387
-2.4584026
-0.8877819
0.05936797
1.1399578
-1.9170016
-2.9546883
-4.6744714
2.0264583
-1.6136655
-0.65732694
-1.667855
-2.8826642
1.2872608
-4.464259
-1.5285795
0.33054072
-0.3595076
-1.2658714
1.1164111
0.6969922
-0.49562147
2.3206995
-0.3483896
-0.60448503
-1.3963925
1.1718905
-1.163764
-0.71824217
0.29605895
-4.0977674
2.6891599
-1.825074
-2.1523645
1.5027106
0.9902702
-5.0350246
0.9211822
-0.64076585
-2.8158627
1.297314
0.1990019
-3.7337334
1.9191151
-2.3698845
1.1538367
-3.2179327
-2.5388522
0.2581001
-3.3334942
3.3306499
0.78085166
-0.70083207
0.6266936
1.6738789
-1.0991511
-0.075551145
2.3433135
-4.495541
-0.94880426
-0.05651672
-4.575594
-0.84323275
0.3409133
-3.09166
-1.6503973
-0.2786516
-4.295076
-0.8242725
-4.076997
1.6423664
-0.31546995
1.4121833
-5.55849
3.5763118
-1.5839379
-3.016547
-2.1661918
-2.7269502
1.923971
1.8282028
0.9752219
-0.96375996
-0.64004004
0.5005397
-1.0560004
1.505162
0.7061549
-0.4184499
0.18256089
-0.8791676
0.8852742
-1.6415509
-0.17194748
0.15331124
-0.35036847
1.3281279
-0.93571013
-0.96363425
0.15822273
1.4235547
0.3576603
-0.5552549
0.19958638
-0.32558906
0.2817005
0.57839227
-0.83720934
-1.1785651
-0.34440753
1.2014657
-1.8626175
-0.586834
0.27184522
-1.7128596
-0.6090977
-1.928113
0.570441
-0.37966555
0.20055899
1.0486625
0.34290913
-1.498186E-4
-0.49661833
-1.0884551
0.110911064
1.0910982
-1.8801416
0.036497753
1.0729889
0.32535452
0.26086068
-0.9912861
0.12645385
0.46833968
0.7435792
0.39214754
0.7630524
0.32824376
-2.4268115
-1.6182977
-0.9616542
-0.8377558
-0.5336562
0.39254218
-2.2769947
-1.0287782
-1.5703782
0.042171482
-1.4831086
-0.7134013
-0.31471428
1.1196865
0.27231672
-0.58178383
-0.4501433
-0.09032058
0.6674811
-0.48339945
9.284966
2.2806587
-0.4923421
-1.3794385
-3.1698313
1.4025878
0.08218028
-0.07702768
-1.2369891
-4.533813
-3.4104106
0.53304607
1.0047256
-2.9044244
-1.9805766
2.2041092
1.4170425
6.1988683
2.2220798
1.9326347
-1.4003004
5.4659653
7.414217
-1.408967
6.7723117
-0.666291
0.06606395
2.1112735
3.4023454
6.3741584
-4.7112823
5.963223
3.4847684
0.73122513
2.681871
-2.6784542
4.434104
4.9649525
-0.8280746
-1.756772
11.686535
5.1781416
-3.0841963
5.2119536
-1.8579879
-3.6024997
8.233107
-8.251907
1.550583
5.994706
-1.8334732
0.053690687
7.393677
1.304803
5.128976
-4.0867004
1.3105552
-5.6741643
3.1435077
8.491694
7.427501
4.789208
4.6326656
-0.6320603
0.68822396
-5.124963
1.2533034
6.8037815
1.868402
3.8023138
0.3810363
0.68622386
2.4800997
4.966075
0.47745246
1.7445906
-2.1758764
6.409551
5.0277033
-1.5565927
-1.0804942
0.25946572
-5.427681
4.3571224
1.3549665
-2.7023263
3.1951108
0.85385567
0.8964952
6.9600253
0.6485062
-2.0766177
1.1789237
6.3908706
1.047683
-2.2220125
4.850632
0.8312222
-3.0695775
0.18033966
3.7270622
5.599937
-1.50558
2.1899378
1.2770375
1.1199994
-0.37958348
3.766931
0.06053099
4.2422457
0.4312488
0.49836665
3.3685007
3.892625
3.7934978
1.8673656
-2.780585
1.3642064
5.9963217
-7.9730744
-0.6187444
3.3488789
1.5727476
4.2316675
7.3819637
8.610948
0.682437
1.3424209
1.4498607
-5.858087
7.2163615
8.342011
7.2308793
3.4297006
6.575815
-4.7566295
-2.487811
-2.6835752
0.5183074
5.9768767
-3.364378
4.8592806
0.7453114
2.7340624
-1.5817446
2.5760927
-1.0210738
-2.8497772
-0.22715963
-1.0604707
-0.38048407
-2.339336
-0.45669928
0.37579846
2.478354
1.2019849
-3.000494
-1.3007175
0.039817266
5.0308156
-6.140384
-0.18095073
3.606298
-5.473023
0.1626662
1.7830943
2.066417
-1.3622539
-0.043695126
-0.17706984
-5.399649
1.5363408
-2.4649453
-0.15595107
1.6582657
0.2505095
1.2253684
-0.94176596
1.7787696
-2.3749354
-0.64685947
2.6902795
-1.8453308
-3.1640196
-2.4105475
-0.28881437
-0.8712072
-1.0414314
-0.71697825
2.2779772
2.845143
1.1293921
-1.6380249
-2.4601479
-2.1604078
0.77389574
1.5840001
1.2940795
1.4902453
0.99257
-0.57199967
-1.0697094
2.3464994
-1.6617931
-1.0755417
-1.6839765
2.2205427
3.1754968
-1.1139264
-0.5375778
-3.7630832
-1.2341976
0.96250063
-0.9393035
-0.024003986
-0.8628968
1.7988455
-0.7618883
1.4858884
-1.1386621
1.324651
-2.283396
-1.5009636
-1.6822953
-1.538443
0.041621417
-1.2551634
0.3104719
-0.80307233
0.6094959
-2.959965
-3.2721229
2.8331702
-3.2765355
-0.13688385
-0.9618695
0.85517937
-5.0690045
-1.2207867
-0.56597465
-1.147923
1.7089927
-0.10126531
-4.870354
1.2547653
1.6882851
0.4215854
0.76586735
1.5909381
-2.4614727
-1.7247393
2.316768
0.82306826
-0.16666555
-1.1959908
2.4342268
-0.44701788
2.5262465
3.601014
-1.665271
3.141968
-0.6175015
-0.115629554
0.9659064
-0.799432
-0.54139936
-0.12952563
-1.5369457
-3.295125
-1.1535962
-0.15966456
1.3032427
-0.6027802
2.131525
-2.6947274
-1.1782179
-1.437608
-3.5964465
-3.8555071
-2.1000974
1.7412096
-1.9862115
-1.0845993
-0.3505056
0.21955308
2.1028752
0.3683393
1.1566483
7.1186657
-2.440025
1.3238693
1.9778283
-0.22282913
-0.56233704
-2.0529294
-0.34099823
0.04521458
0.97581095
0.25398287
0.8433487
1.3094536
0.77100784
1.1189989
2.99524
3.3061666
-3.176083
3.9612846
2.71666
-0.10286492
-1.7878731
3.3188248
-0.6650511
-1.7763915
3.9271736
2.8937972
1.3353472
1.8662252
-2.0395381
1.3982272
1.9486495
0.8215216
0.34781775
0.97989523
-3.1857343
-2.7010717
-6.084503
-2.7348518
5.980514
4.6396356
-0.31802717
-2.769964
8.152452
-0.566239
0.66242826
-2.376147
-1.1740685
-0.29786098
5.7773366
3.0177782
-0.78233945
0.55458766
0.2805441
3.0315332
2.3832304
-0.41574454
3.8115735
2.381632
2.9138873
-1.658699
-3.4985578
0.5199503
5.573351
-0.35372737
-3.5000074
0.40445516
-1.1031672
-0.109259844
2.187119
-1.0596113
-6.8764815
2.3173985
-1.8676832
-0.54771554
0.5378701
-1.5187758
3.7190847
1.8067383
0.08998759
-2.158867
-0.81102264
-1.4500206
-0.21861866
0.094860815
-2.0653462
3.4039478
-1.7026972
1.6240711
-1.3724542
-0.40141383
0.036657624
1.9034302
-1.2124776
3.76017
1.0004153
4.6301155
2.4678247
2.254816
2.235945
1.467052
0.050248686
-0.61106074
-1.8782878
-4.625881
1.1515722
-3.6541429
0.97136813
-1.5146879
-2.322939
-2.1686823
0.78155786
-0.24129783
-2.7621047
-2.5149167
1.6236074
-2.6431282
-0.60706556
-0.30835277
0.32859305
-0.77454954
1.619669
-1.2672263
-3.9058352
-0.98757833
-0.15559238
0.088617235
3.5333211
-1.1369126
0.32924765
1.0082096
-1.697246
-0.84676754
0.29764405
0.11041612
1.0218138
-2.3427973
-0.04565249
2.1718767
-2.0404997
0.7757464
0.69086015
-3.968853
-5.1966968
-0.98485184
1.3776113
1.8180326
-2.3556507
1.3532814
1.6703026
2.3680766
-1.4097323
0.30612382
1.5734601
-2.8506222
0.70668715
-2.0797763
-0.81971973
2.1691232
-4.0928135
3.1950712
0.02846585
2.4966922
2.1585145
2.017343
0.81419986
3.5499046
-1.5931845
4.6400275
-0.6444853
0.96702546
0.8916087
-3.3112714
4.4730287
3.8299477
1.5943964
-0.75757045
1.56182
-1.8379395
2.746363
-0.07139169
1.3124174
1.9056504
-3.7532804
-1.5472237
-0.09419361
3.7817502
0.48588926
-0.9045095
0.19998896
-0.49847597
-0.4045049
2.7036276
-0.9212319
0.07861757
0.46243235
1.8368887
2.9610298
2.7113693
3.04467
4.6543627
-1.1273183
1.2039814
1.37206
0.7943309
1.4262025
2.4178996
-2.5626833
0.27948758
2.138406
0.5039907
0.056531824
-0.16472493
4.6913133
1.4445103
1.4562458
2.0430837
1.0316696
-0.48696303
-0.9928411
0.14372821
-0.9947376
-1.3000447
0.5174933
0.15090317
-2.7589626
2.603818
-2.2497365
-0.7411109
-1.0919901
0.49050385
0.07659576
-2.8948367
1.1553845
2.68642
-3.2853894
2.4272153
0.19716537
4.114894
-1.1848056
-3.6042655
-1.8140746
0.93694913
2.3301005
2.5021794
-0.4792918
-2.3138454
4.8182316
-0.06738338
3.291198
3.4770153
0.9925616
-0.2453641
3.530957
-2.0346167
-4.2264194
2.0753567
-1.8115071
0.80487543
3.9248648
-2.3731525
-1.9774754
0.3741746
2.9833195
-1.6537971
2.5307908
-5.1497765
-2.2416902
2.6051793
-2.0426137
3.6850429
1.1643842
7.4806423
0.8687021
2.4746377
1.748769
0.60163844
1.9542774
4.2149158
4.1143417
-1.3693763
-4.287311
-1.0614674
1.0867641
3.6727934
-5.794426
-1.239997
-0.39244905
-2.884463
1.1501685
0.23048365
-1.7907212
-1.3776436
-1.5057411
-9.281126
0.8723296
-2.5185714
-5.368374
1.5186737
0.44576463
0.11586698
-2.2839377
-0.45375443
0.6982613
-6.6160154
-0.53402615
-1.5972023
-4.382356
-0.9237289
3.1156895
-1.1483124
-0.41559196
-1.0146921
-2.8312616
-3.5978017
0.0089754425
-0.60853386
-6.491561
-5.8310866
-0.30143297
0.66042644
-4.5398936
-0.60756624
0.18531455
9.962061
2.5822182
1.312903
-2.7169254
-1.1353779
0.19924243
-2.175407
-5.363779
2.9558148
-3.082632
-0.002412185
-0.4581742
-0.57321984
-6.1076646
-4.632898
2.6559231
4.417346
2.3062363
-3.7403288
-0.78170365
-2.238736
-0.5700384
0.03746175
0.84522766
0.9219684
2.2111483
0.09459104
2.7943518
7.1169863
2.8614433
-5.572941
0.68209904
-1.0118358
-5.284696
0.6658011
7.8683023
-0.21439505
-0.9763069
0.9860014
0.10715544
-0.18506658
0.862304
0.5131265
0.7703546
0.078860044
0.27953017
-0.23259127
0.28788245
0.7111473
0.88943076
-0.5406976
-0.43037546
-0.31103206
0.30886877
0.542315
0.0566442
-0.68137693
0.8461226
-0.41518962
0.63304913
0.11647737
0.6082852
0.33412838
-0.20592868
0.65452707
-0.89878786
-0.03702593
0.64465785
0.08910012
-0.17025197
-0.19778788
0.8265009
0.39713657
-0.124794126
-0.28877437
-0.98821425
-0.8391824
-0.5351993
-0.26399934
-0.85465956
-0.42222226
-0.2815951
0.88146555
-0.56909645
0.39675188
-0.8427155
-0.8900094
-0.8092822
-0.99044025
-0.68562484
-0.08976793
-0.4893142
0.94830394
0.55433345
0.70382166
0.12721479
0.6763532
0.68353534
0.1221478
-0.29078686
-0.38591874
-0.67392766
-0.15170276
-0.28669453
-0.24727058
-0.38641596
-0.2569958
-0.20271528
-0.6931634
1.1814256
0.79312897
-0.17660962
-1.1783277
0.7727386
0.06821615
-0.3175717
0.315335
0.6733317
0.50921315
1.011458
0.59394246
-1.25764
-0.80312407
-0.38348466
0.8198689
-0.060725372
-0.6659947
-0.6787265
-1.375194
-0.13420619
-0.7326491
-0.89455825
-0.69713414
0.109327376
-1.445181
0.18397532
0.28072014
-0.49644497
-1.1233765
-1.0888888
0.8176563
1.0327066
1.054779
-0.031689215
-0.220451
-1.2850554
0.04250298
0.6622814
-0.27940637
-0.96175665
0.20858926
0.46349475
-0.5291342
-0.0770011
-0.85791093
0.546761
0.8087044
0.26356363
0.21617761
-0.53905797
-0.32694465
-0.75059766
-0.8045016
0.50129336
0.4145937
0.23551205
-0.025852224
-0.34465584
0.21807107
-0.51280546
-0.8649316
0.40584636
-0.2630312
0.6669707
0.3184838
-0.75021374
-0.4732474
-1.0912826
-0.3818142
-0.019073417
-0.19480175
-0.5483989
0.092365764
0.07060012
-0.79279
0.11215135
-0.17029625
0.022757716
0.3759836
-0.76901686
0.8534807
-1.153382
-0.51852304
1.0230585
-0.93585044
0.4851431
0.39637595
-0.3125842
0.88626415
0.5291012
1.323147
0.04078852
-0.45291737
-0.53977466
-0.6232596
0.7366304
0.41492787
-0.5860451
0.16880703
-0.10937906
-0.88574284
0.12836166
-0.15628314
-0.06941571
0.63963664
0.2532916
-0.31788725
-1.4553866
0.51096
-0.9366316
0.06275103
-0.21973693
-0.6024127
0.007811643
1.0657647
0.8376425
0.97147185
0.13046989
-0.6174008
0.8463056
-1.1047609
0.2930558
0.14712837
0.5072357
-0.3822208
-0.15885824
-0.5447007
0.15873344
-0.51038986
0.34583962
-0.9870831
0.6439828
-1.0564198
-1.0379163
-0.30176893
-0.53599477
-0.36883375
0.10255897
-1.1566674
0.47609398
0.15667002
-0.29897454
0.27744263
1.5220025
-0.23018023
0.8534113
0.6694819
-1.4061271
0.13702679
-0.17033306
-1.1389873
-0.16845539
0.64615655
-0.9181029
0.62242514
-0.21160606
0.44921607
-0.40128568
0.96789235
0.16044283
0.33548707
0.69605076
1.7130212
-0.9414961
0.12487518
0.013289348
-0.0362038
0.044014767
1.1597953
0.8341689
-0.20346099
-1.1471782
-0.9032673
-0.66776586
-0.40998662
0.081492424
0.06110419
0.3608768
0.9421913
0.35241824
-1.091917
1.0857459
-0.5304691
-0.73939615
-0.61748266
-0.40783352
-0.6475334
1.0933437
-0.7169576
-0.27158645
0.5533856
-1.3239113
-0.006931962
-0.318549
0.72831655
0.4944233
0.5659199
0.4487894
-0.19320609
-1.2900753
-1.1668407
-0.5748576
1.043596
0.2787593
0.4927237
-0.2432679
-1.2780348
0.068194956
-0.003886219
0.42058808
-0.15351972
0.6606109
0.1252034
0.28643885
0.9884747
1.8456323
0.08146381
0.18299872
0.18323193
-1.2714945
1.6753254
-0.32770377
-0.17119282
-0.8417242
-1.2852451
-0.57082844
-0.018266683
-0.15585457
-0.78743845
0.76538855
-0.36213577
-0.74109626
1.0986097
0.39785248
0.13149707
-1.1451808
-0.2928906
-0.8287425
-0.35809278
0.36184955
-0.91382164
-0.21375383
-0.5264429
-0.62869984
0.102834
0.40815714
1.4680246
-0.27195826
-0.24450201
-0.4008143
0.49882847
0.85958475
-1.0245095
0.98124456
-0.27060443
0.7704708
-0.6809002
-0.19874047
1.0273647
0.41520897
0.34053373
-0.6194586
-0.5050671
-0.56651145
-0.1986396
-1.2162206
0.5443344
0.6529131
-0.55123454
0.8291064
0.34513217
0.29652822
-0.026855873
0.36663595
-0.25502464
0.57258046
-0.24158522
0.8226821
-0.41622287
0.3890123
0.7188162
-0.5614449
-0.027634531
0.69259536
-0.8830693
-0.20466983
0.5870917
0.7005251
-0.08724469
0.99249965
0.04139199
0.2062886
0.31448224
0.89174575
-0.3394599
-0.9430709
0.56090134
-0.11483868
0.066214696
0.041044753
-0.57799536
0.1512067
0.9188175
-0.9538493
-0.587668
0.50700676
0.43582457
-0.14830954
-0.8792631
-0.16448255
0.42910656
0.7177993
0.89548904
-0.41743997
0.4888256
-0.46085468
-0.5518093
0.6466409
0.4112105
-0.74918985
-0.39037445
-0.52966106
-0.5720404
1.0313118
-0.77109617
-0.076581344
-0.124485455
0.5119548
1.4159702
-0.12087799
-0.8647395
0.7254675
0.7445676
-0.95937544
-0.0340627
0.7222828
-1.3495561
-0.24927106
-0.4816194
-0.7314073
0.48844442
-0.25616547
1.4698855
-0.19447394
0.5343912
-0.4501156
-0.3323031
0.013821624
-0.2603726
0.40835074
-0.36214188
-0.5505945
-0.04274964
0.47089985
0.3081932
0.080017574
-0.7277495
0.6057521
0.29200786
0.6499127
-0.38841936
1.4073939
0.40576896
-1.1540537
-0.7184636
0.47859085
0.0900645
-1.1587812
-1.0528859
0.58369124
-0.88828474
0.08601811
-0.7917488
0.93007624
-0.1732647
-0.38395685
-1.0555326
0.7721866
1.3883512
0.8492868
-1.0600961
0.60033333
0.24439158
-0.10922021
0.4044626
0.50939006
-0.92441964
0.33770245
-0.44518143
-1.1289301
-0.6529836
-1.2269291
-0.9932496
0.7430224
-0.46935344
-0.16500963
-0.27629519
-1.1212431
-0.43679088
-1.0156733
-0.8021673
-1.5587716
0.63037807
0.18462493
0.19731364
-1.0018479
0.18372491
0.6596419
1.4101772
-1.0881027
-0.07187446
-0.20036243
0.9819691
0.2977666
0.025690252
-1.1095159
-1.2913454
-0.8511098
-0.49649853
-0.24907523
-0.15874426
0.43410206
-0.3039757
0.5227939
0.54167706
0.2392325
-0.13472776
0.29916066
-0.253615
0.77257174
-0.6720837
-1.2224195
0.042824946
0.20817259
0.57592416
1.3440837
-0.62381196
0.49203366
-0.16265552
0.6451098
0.83808976
0.39519414
0.3582578
-0.3377446
-0.677559
-1.1986779
0.36910412
-0.0596594
0.04263041
0.53895676
-1.1357299
-0.69983786
0.07504809
-1.0545716
-0.28638953
1.0041274
-0.27001005
-0.83360934
0.6902012
-0.044713065
-1.1324897
0.2125654
-0.217341
0.77261984
0.73631513
-0.36253133
0.41149044
0.93010116
0.6143981
0.028822184
-1.1650765
0.3938825
0.5941959
-0.06320078
-0.8582151
0.15578716
-0.26654822
0.783501
0.39530843
0.41455698
-0.77150714
0.21707009
-0.49675015
0.7407716
-0.29311225
-0.29097542
0.24425218
-0.10137376
0.6906709
0.38784698
0.37976608
0.8357703
0.94187355
0.8019973
0.86807853
-0.70995504
-0.061378047
0.33237058
-1.2333165
0.6156974
-0.40944138
0.31854853
0.8775764
-0.48810884
-0.5148613
-1.0339321
-1.0030489
0.014200158
0.5168593
0.21793136
-0.03788079
0.95487624
-0.4945795
-1.2344725
0.47195196
0.32971638
0.4868333
-0.56146544
1.4654293
0.37568647
0.37311357
-0.20320784
-0.50707626
0.19292222
-0.2757474
-0.13395314
-0.9217836
0.59281325
0.04129271
0.9548551
-0.713523
-0.7906375
-0.059124134
0.40571666
-0.92337567
0.60112214
-0.16971661
-0.43746945
-1.2956761
0.8547431
-0.4526625
-0.09539163
0.050883174
0.57237417
-0.8073373
-0.58572954
0.17333245
-0.7780898
-1.0815779
0.17229359
-0.82168394
-0.39297858
0.039575916
-0.2927949
1.2175795
-0.8363497
0.5646536
-0.662344
0.4410785
0.6456104
-0.8900754
-0.2822582
-0.4295768
0.18192647
-0.48938367
0.7902054
-0.9784379
0.4987749
0.28310683
-0.7317801
0.30229118
0.02455998
-0.40304115
0.18144667
-0.2298239
0.39576504
-0.27568308
-0.15471318
0.6089744
0.018194208
-0.7087459
0.574575
-0.032902062
0.6299534
-0.69845694
-1.188998
-1.1904912
0.08997047
0.25731084
-0.90618354
-0.61823934
-0.58660674
0.20229754
-0.18604706
0.19715361
-0.97876084
0.12586881
-0.16326067
0.5290418
0.56646806
-0.5651074
0.6383665
0.3275289
-0.5636591
0.20923057
0.73876715
0.3773497
-0.6483509
0.7798796
1.3510972
-0.5555669
-0.18602529
-1.0548033
0.077826366
-0.5036386
-0.57509834
1.0027914
-0.9728928
-0.8258667
0.07082983
-0.07767853
0.6852055
0.41023806
-1.3705666
0.8207293
0.71953994
0.8032564
0.27292424
0.52401525
0.43880764
0.22180252
-0.22266981
-0.86394924
-1.0410346
-0.19696423
0.88084733
-0.6671311
0.24815504
-0.21667302
0.26271456
-0.56868124
-0.45449218
0.57187575
-0.7983236
-0.9503197
0.2628421
-0.32701793
0.75768656
0.8570326
-0.3042182
-0.20675412
0.2358026
0.55654687
-0.31509665
0.46158087
-0.097665615
0.7637635
-0.3750826
-0.2349635
1.2084447
-0.85955685
-0.013795668
0.3383111
0.097896226
-1.2602895
0.70875347
0.046602372
-0.83695024
0.61884916
-1.0467634
0.42322052
0.6699869
0.74630076
-0.39672667
-0.69725806
-0.40530726
-0.8061308
0.04753369
-0.9076852
-1.2093763
-0.0020263013
-0.7723397
0.4685636
0.10614892
-0.654759
0.14239472
0.6107922
-1.002116
-0.16879179
0.78398705
-0.56188726
-0.9239562
0.5353278
-0.29019988
-0.89260375
1.0452199
-0.63682926
-0.3911039
-0.09889266
1.2918401
0.1709967
0.058347493
-0.9152804
-0.98390585
-0.26305953
-0.198674
-0.78317845
-0.1480577
0.0075912727
0.24822342
-0.6788771
-1.1122057
0.7229687
-1.1444086
0.41636184
-0.39980513
0.33857688
1.0130031
-0.11707187
-0.95992386
-0.011492251
-0.12609279
-0.101717986
-0.2600094
-0.40504548
0.8758853
-0.36997533
1.2175792
-0.49220318
-1.3596942
-0.8004854
0.7430837
0.4118508
0.10428972
-0.386805
0.40117177
0.39978197
-0.61268586
0.47210583
0.40197858
0.15553753
-1.3204632
-1.4896708
0.27934265
0.14320472
0.50597095
0.6755386
-0.06861021
-0.6945357
-0.20254312
-0.87743765
0.25662142
0.25112006
-0.2928106
-0.59159493
-0.8233971
0.9488506
-0.8744433
-0.52250844
-0.99795794
0.2884946
-1.3470361
-1.4380839
-1.0630503
-0.8193761
0.86167735
-0.39315492
-0.89902246
-0.6166777
0.6816499
1.1688572
-0.63866174
-1.092031
0.106159545
-0.9816874
-0.5318875
0.003032951
-0.57031953
-0.44029987
0.4508471
-0.49647087
0.02724126
-0.55145645
-0.14611155
-0.052803338
-1.330627
0.35392213
0.08692697
0.3015634
-0.32988694
-1.2147716
0.80029434
0.5523748
-0.76594174
-0.72500825
-1.0918204
0.7950373
-0.17375588
-1.5367109
0.5956159
0.6576232
0.70939595
0.18361223
-0.22109723
-1.3472757
-0.7457059
-0.49691316
-0.7276001
-1.1026713
-0.7172633
0.23326668
0.058516663
-1.0789421
-1.0404272
0.70826733
0.5833539
-1.2312082
0.7357554
0.66903394
-0.58071536
-0.43283096
-1.0608684
0.5430908
0.5901808
-0.3416133
1.3627441
0.79516464
0.74984056
-0.7531109
-0.41634548
0.7343286
0.7808071
0.45484814
-0.082459256
-0.5205358
0.55963856
-0.55640674
-0.2688397
-1.0943873
0.9660107
-1.0770795
-0.19533858
0.41515464
0.2518914
-0.1419244
0.17359437
1.1172618
-0.5208929
0.2433166
0.6853902
-0.19262984
0.46857408
0.11135438
0.7983154
-0.3800094
0.6890675
-0.43868
-0.9149123
-0.6983668
-0.34125698
0.5371738
0.09542986
-0.037317302
0.9545377
-0.66924727
-0.78194165
-0.633589
-0.9487426
0.24339484
-2.0305903
-1.1392282
0.4521032
0.2942079
0.11999214
0.4599504
-0.30890477
0.85188645
-0.4173944
0.53981084
-0.7672932
-0.20885612
0.076858625
-0.8666885
-0.9415963
-1.2325697
-0.27387094
0.717591
0.3170754
-1.0799428
-1.5589641
-0.8411537
-1.0572947
-0.19731693
-0.25462136
0.8183396
0.21362235
0.21810526
-0.42021543
-0.09349038
0.22165811
0.21743868
0.6203996
0.10784676
-0.06870392
0.07104092
0.37794352
0.6184204
-0.1705514
0.46755788
-0.25142622
-0.26300192
-0.01676346
0.22476478
-0.08552939
-0.4205863
0.7980799
0.46989748
-0.59524953
-0.3119399
0.062880926
0.23560053
-0.362109
-0.29308093
0.71820754
0.6819804
-0.52323896
-0.8935895
0.3089215
-0.6259377
-0.8374717
-0.7136544
0.023251642
1.0120738
1.2656498
1.0151818
0.79580534
0.58886725
0.2781917
0.15194127
-1.0129645
1.2878584
-0.1792272
0.552522
0.32006097
-0.38447934
0.6791057
-1.0949457
0.90470755
-0.38585836
-1.0448635
-1.3871431
0.44045177
-0.6335657
1.0823652
0.862131
0.28892955
-0.22088371
0.25518054
0.90905565
0.069203466
-0.35207844
-1.0715833
-1.0930178
-1.0130397
-0.45014745
0.7473421
-0.80234903
-0.18946318
-0.31398174
0.8213047
-0.7792397
0.73427767
-0.15019405
0.59918255
0.56666964
0.35524306
0.7394532
0.013796255
-0.75619954
0.31226996
0.8334499
0.19104864
-0.88581204
0.60378385
-0.94381225
0.9284743
0.6213438
0.83041596
-0.23861273
-0.049963154
-0.45873228
-0.14837272
0.3638333
-0.808218
-1.3328171
0.54072976
-1.3434194
-0.49900982
-0.55087787
0.27643687
0.62331676
-0.6785771
-0.5465048
-0.6356683
0.019976892
-1.313675
-0.6792481
-0.8512292
-1.1080164
-1.134817
0.59291255
-0.018523077
-0.68998736
0.9402197
0.63447726
0.027319105
0.8783886
-0.6259887
-0.23172164
0.6007668
0.23044801
-0.4519491
-0.42975032
-0.50689435
1.2474433
0.38396767
-0.8579965
-0.78542775
-0.35079202
-0.15108022
-0.27441955
0.9169581
-0.5785837
0.63871133
-0.088622965
-0.7567583
-0.7578845
-0.6380285
-0.17436846
0.5671759
0.19201824
-0.013903421
0.62136143
0.3417408
-0.042832788
-1.0311798
-0.69107354
-0.69117326
0.59002745
0.14189593
-1.4673511
-0.99939704
-0.86115366
-0.26754087
-0.45160204
0.50413245
0.056225356
0.3046177
-0.986313
-1.0106622
0.94398457
-0.27980593
0.15154417
-0.39812082
-0.10914352
-0.12284316
0.9432847
0.14883915
-0.112910666
-0.27569628
-0.1190037
-0.7083475
0.6263963
-0.26954043
1.2192731
0.39164132
-0.633385
0.7919453
1.2777803
0.50283563
0.44593835
-0.1770161
-0.92268515
-0.10822618
1.4327812
1.1308365
-0.39816234
1.3236598
0.7168531
-1.563348
-0.5010311
-0.09515757
-0.82578653
0.6592802
0.1476029
-0.68057185
-0.5344755
0.5523482
0.8494876
0.22794285
-0.10368464
-0.7892287
0.09066939
0.5912226
0.6408378
-0.21867792
0.7318378
0.3146111
-1.1000049
0.083993115
-0.899926
-0.46650502
1.1360832
1.1110564
0.6838847
0.1464908
-0.7255165
-0.28167754
-0.71638143
0.903115
-0.8685821
0.61719656
-1.0148557
0.86000836
-0.2291746
0.48017883
-0.3434323
0.6353958
-0.39893037
-0.0032194867
-0.29378805
-0.6756362
-0.15268515
-0.09093887
-0.8038315
-1.1404455
-0.3459725
0.51130784
-1.0096407
-0.42384917
-0.28796455
-0.21556811
0.14906324
-1.0174923
-0.33640382
-0.7247226
0.51036036
-0.20672946
-0.51997244
0.0017045442
0.13385971
0.08922324
-0.04998348
0.14474875
-0.5320388
0.37978327
-0.32604158
0.015647858
0.063109785
-0.61987484
-0.66952026
-0.076353095
0.3589539
-0.0566198
-0.64048326
0.756134
-0.46883097
-0.15720682
0.36198658
-0.46777752
0.066753395
-0.13215986
0.55624604
0.41562223
0.86387414
0.74129236
0.7186115
-0.28238398
-0.84760827
0.20161542
-0.8270127
-0.6996241
0.12142613
0.4858699
0.04304577
-0.067057826
-0.7710108
-1.1615915
-0.14645275
-0.9928547
0.7412528
-0.80919445
0.46880144
-0.6178968
0.2724757
1.1971269
-0.35861334
-1.3098942
-1.3983836
-0.42280772
0.641079
0.22747089
-0.069549724
0.6621639
0.036611598
-0.084203854
0.053168945
-0.4060388
-0.33484903
0.37972486
-1.0096138
-0.21838802
-0.5780832
0.115991734
0.66967106
-0.72815126
-1.1287539
0.48586315
-0.8150985
-1.2077049
-0.49092755
0.2976368
-0.06535472
-0.18954015
0.6430311
-0.0791394
0.11470339
0.04042607
0.115965046
0.32755038
-0.29541984
-0.15819357
-0.8181159
0.19893456
0.102917165
0.22876184
-1.1775213
0.34357646
0.19942397
-0.893428
0.93099797
0.051654678
0.06674124
0.674155
-0.07317265
-0.3835563
0.8183013
1.1109259
-0.1411157
-0.8246457
-0.43434727
-0.086966194
-0.1473648
0.1384335
-0.8628791
-0.7969011
-0.820856
-1.0825373
0.4893287
-0.7014422
-0.3112225
1.2141252
-0.84990764
-0.52355665
1.2426337
-0.24103647
0.59135604
0.09325745
0.61560774
-1.3835825
-0.40657482
-0.47700965
0.5094543
-0.9044398
0.48427513
0.3855818
0.03829116
-0.087714404
0.59440845
-0.8712022
0.66236675
0.19050874
-0.50162613
0.3183213
0.034522675
0.14682768
-0.36629525
-0.8078694
0.80708516
-0.020969639
-0.37785593
-0.42849356
-1.0222145
-0.40532818
-1.9047469
-1.1732534
-0.9758293
0.10479309
-0.8792899
-0.5302429
0.044228576
-0.14220873
0.9878717
-0.6546408
-0.91809946
-0.15678616
0.47741702
0.98558426
1.6288469
-0.9521564
-0.16229224
-1.1688297
-0.6246755
0.16748784
-0.09625851
0.07778995
-0.9149621
0.64557874
-0.31167862
-0.6541982
-0.24634577
-0.6746456
-0.09233711
0.4313142
-0.8333122
-1.0250534
-1.1591179
0.8432344
-0.632726
-0.70149183
0.29349357
-0.45147845
-0.759464
-0.4782454
0.20304087
-0.3983877
-0.5797179
-0.98277795
-0.6406105
-0.5713185
-0.4941379
-0.56983376
0.059860505
0.564596
0.8427245
-1.0278043
-1.1710976
-0.14812988
0.89409816
-0.17909335
-0.13096619
0.32357806
0.48933324
0.36348057
0.2819876
-0.16826281
-1.0010273
-0.99168164
-0.99681145
0.86845654
0.41564098
-0.28799763
-0.9940222
0.30637866
-0.8781015
-1.0702176
-0.77051413
-0.41987848
-0.3032567
0.2439317
-0.7507455
-0.44471705
0.5131607
0.42257524
-0.46557117
0.5371657
0.39444208
0.8430633
-0.9257898
0.9551959
0.20939203
0.30275324
-0.41427842
-0.90696865
0.8131171
-0.47812155
0.64212817
-0.48976728
0.1967982
0.12821658
-0.30985004
0.7291877
1.1744783
0.096262835
-0.096714266
-0.042651676
0.7179572
0.4315772
0.54678136
0.6007789
0.03531623
-0.716639
-1.07699
1.2164528
-0.11895771
-0.39097658
-0.81521815
-0.026963854
0.11639185
0.76808995
0.016907863
0.6475667
0.493311
-1.0410398
0.6127099
-1.2242104
0.41575727
-0.7487039
0.4002485
-0.2652175
0.47536018
-0.72029704
1.2622471
0.32580978
-0.99141175
0.5175701
-0.6226343
0.64469874
-0.41042128
0.28316092
-0.40196273
-0.10360931
-0.12260808
0.26173553
-1.1933707
-0.316643
0.8889263
1.8586386
0.069937505
0.8142719
-0.16992699
-0.2464147
-0.42563835
0.20489393
-1.1883801
0.22935304
-1.2875835
-0.1535297
-0.49318627
1.2531074
-0.4783512
-0.32013807
-0.4426654
-0.26796505
1.0685929
0.6479721
0.117339365
-0.10960012
-0.7725597
-0.049062986
-0.8446877
-0.9134843
0.5071521
0.8986484
-0.20535949
-0.901135
-0.34609917
-0.2725736
0.35554156
-0.994103
0.99064773
0.823945
0.8266933
0.7244767
-0.7970064
0.666213
-0.31167105
-0.71285385
-0.6658019
-0.1477157
0.5031762
-0.08405283
0.5992786
-0.37023443
-0.8260714
0.64578205
0.6439062
-0.92643106
0.62362134
-0.09235677
-1.1526428
-0.8783386
-0.13334288
-0.522833
-0.4120703
-0.72528315
0.6570906
-1.139924
0.32780063
1.2149128
1.0970609
-0.18895343
-0.8833897
0.3962372
-0.62803173
-0.21448241
-0.05514335
0.61538196
-0.36610422
0.28092393
0.29520136
-0.53922325
-0.66475785
0.6031897
-0.2794681
-1.0611094
-0.45773876
-0.019599896
-0.22059892
0.54844797
0.027935816
-1.1957365
-0.0237652
-0.40713465
-0.12906927
-0.7175552
-1.3724326
0.7075667
1.1375548
0.031738833
1.4116899
-1.1782945
0.23333794
-0.38581726
1.0949154
-0.16088238
0.49292228
-0.1272243
-0.30545747
-0.1479382
-0.90332365
-0.4197572
-0.74607176
-0.12832257
-0.8492153
-0.27794737
-0.051968634
0.78750896
0.5194332
-0.77557755
0.1009808
0.051592357
0.23017704
-0.93080324
-0.63757414
-0.25789693
-0.07965125
1.1430454
-1.2481251
0.44465512
-0.35819092
0.5623016
0.46049988
0.7462424
-1.0674546
1.0138357
-0.059134796
-1.0225888
-0.7432438
-0.7846518
0.89349425
-0.64038944
-0.05899782
0.652919
0.34638986
-1.0628251
-0.9460793
0.31440693
-0.071813926
-0.10567436
0.30199498
1.1208562
-0.75790125
1.3206838
0.112026945
-0.6169754
-0.41681772
-1.2480813
1.0708818
-0.72717756
-0.8033358
-0.7618863
-0.47242868
0.9250366
0.7794053
-0.010695819
-0.9540931
0.11890013
0.104039095
0.85623276
-0.7358357
0.7494866
1.5257375
-0.14174598
0.44198027
0.28116912
0.3444521
0.89793265
0.105598964
-1.0637847
-0.24172236
0.54375917
0.008135112
-0.6264041
-0.2990247
0.7957524
-0.07522549
0.99528426
0.9174936
-0.6723742
0.9423813
-1.0324082
0.49674514
0.0714305
0.007671008
-0.2853465
0.5340793
-0.0120440945
-0.026703676
-0.14497013
0.4448216
-0.8385412
-0.027535846
0.40896133
-0.6827902
0.18565685
0.02005613
-0.561855
-0.24829146
-0.61780465
-0.32306904
-0.43545425
-0.030451141
-0.1849361
0.8555454
0.8222423
-0.87422305
0.68567604
-0.8274333
0.25292963
-0.80331796
0.17572026
0.23452316
1.3315428
-1.2904943
-0.16538887
-0.19626471
-0.9559801
-0.7084674
0.22206748
-0.3823365
-1.1607891
0.20724767
0.8772734
0.55741084
-0.1222601
-0.4178836
0.62729436
-0.003652608
-0.35358286
-1.231399
-0.5362905
0.7384895
0.78964174
-1.334651
0.5540804
-0.9056181
-0.4779387
-0.7860663
-0.32208923
-1.2265289
-1.1511823
0.39924988
-0.4033579
0.123173885
-0.63742995
-0.71551466
-0.4589853
0.07678011
0.12635966
-0.5077247
1.0659813
-0.1722965
1.5295265
0.5261194
-0.046948135
0.32937396
0.29266652
-0.58330584
1.6632557
-0.66193223
-0.69022834
-0.28684485
-0.004528645
-0.58580804
-0.56080014
0.9180981
-1.0231016
-1.0899673
1.0619048
2.3562
0.25327063
0.084772855
-0.067629635
-0.16900668
0.08220146
0.7875365
1.0326844
-0.93771076
0.17926644
-0.2323952
-0.180264
-1.0335552
-0.9825693
0.5150147
0.6686447
-0.0153676625
-0.94747907
-0.065830454
0.71428645
0.27009252
-0.045349043
0.37922862
0.7073975
0.4281025
-0.48470435
-0.053611595
-0.017708307
-0.13665241
0.6384814
-0.069547646
-0.24986409
0.22449914
0.5552441
-0.021991443
-0.1832984
0.053176522
0.033912048
0.3821638
0.671149
0.5544739
0.096818656
-0.6390163
-1.0506216
0.7828909
-0.2776022
-0.63391405
0.13324831
0.83646387
-0.66881776
0.78498936
-0.098068275
1.0040699
1.2510725
-0.08535276
-0.99282914
0.5674795
-0.49175534
0.63468957
0.19452159
-1.0228834
-0.26462853
-0.06097005
0.056943946
-1.1110117
-0.6021893
-0.2951466
0.5225322
0.48638156
0.40935883
-0.3214384
0.5915691
-1.1583307
-0.16639575
0.2557516
0.30975705
0.1584698
-0.16893877
-1.2154609
0.10227487
-0.6250477
-1.0682513
-1.0688787
-0.2963657
0.663394
-0.89726275
0.2281734
0.6886789
0.66559756
-0.007362085
0.7600961
-0.0066867135
0.79763585
0.23612136
0.025177874
0.7277787
-0.3015691
0.17301936
0.70503277
-0.43233037
-0.24965243
-0.22295874
-1.0054784
-0.9810845
-0.69018406
0.28135833
0.50945055
-0.8105396
0.49993753
0.35853928
-0.020414554
-0.20043752
-0.62014896
-0.56067765
-0.6146029
0.9438576
-0.67386085
-0.0705648
-0.73223317
-0.004997946
0.69451624
-0.14134006
0.72304976
-0.27169624
0.3942307
-0.5830572
0.59206486
-0.01570338
-0.73226273
0.3436481
-0.72160625
0.31708246
-0.92827815
-0.73092186
0.3053653
0.6610128
-0.27453154
-0.37521607
-0.34465
0.9783193
0.45308265
-0.52230555
-1.0277423
-0.5041669
0.1737434
-0.8730828
0.49745136
-0.09570259
0.2990538
-0.6786933
-0.36292776
0.45402837
-0.57555455
0.8048213
0.5941852
-0.23664641
1.17796
0.031068584
0.89465225
-0.4196435
-0.38433734
-0.77562433
-0.7211432
-0.2664765
-0.20951693
0.071830615
0.29214624
-0.14631948
-0.7115356
-0.78563756
-0.8684729
0.43716815
0.987848
-0.15304822
0.60962516
-0.7138844
-0.80841583
-0.41727573
-0.8657007
-0.44843033
-0.76383734
0.69425094
-0.9794252
0.22203535
0.25146875
-0.2782355
-1.2881801
-1.0576524
0.22182697
-0.4993483
0.10238511
0.45944446
0.3904226
-1.0050627
0.4219141
-0.216415
-1.0055505
0.41913283
0.6039322
-0.67114055
-1.0304123
0.96440774
-0.54777527
-0.55753016
0.3950365
-0.34708953
-0.9376209
-1.204534
-0.61966115
-0.85967314
1.1459265
-0.62323105
-0.5932373
-0.47331533
1.1190281
-0.13860619
-0.9513881
-0.90938
-0.80894774
-0.62540895
-0.1225921
0.22187391
-0.19099638
-0.83914703
0.1018863
-0.10233091
0.480577
0.03693967
0.054115698
-0.18913163
0.20151855
0.15330097
0.73312575
-0.07200993
0.83169615
-0.8047764
-1.071695
0.12724489
0.29978225
-0.29879764
0.5305862
0.4141209
-0.4695363
0.19761671
-0.17077827
0.013662393
-0.3243158
-0.34925067
-0.5173464
-0.051240746
-1.16621
0.28747666
-0.7090003
-0.60971385
0.07387047
-0.4526905
-0.65151864
0.7307597
0.43971354
-0.5755815
-0.8965444
0.34863186
-1.1248201
0.010549574
0.34671664
-0.9844721
0.26183063
0.50253963
0.5832854
0.05987961
0.23157439
0.896539
0.17613105
0.33668074
0.5564006
0.18817371
-0.113591455
1.6076546
-0.19151221
0.23950756
-0.9814457
0.3847456
-0.033157527
-0.6771654
-0.7671157
-0.024671534
-0.13710187
0.0047737313
-0.35071653
-1.2064953
0.7633872
-0.5651957
0.2454114
0.4471274
0.40307832
0.746164
-0.15933444
0.6951324
0.27659047
0.51824266
-1.3365085
-0.29042318
1.1634244
0.27224755
0.45694777
-0.3362361
-0.8706266
0.5198794
-1.1487137
-0.02920784
-0.07968899
0.5400386
0.59992874
0.118999645
-0.15925619
-1.1773691
-1.0171025
0.28209418
-1.2426072
0.70512384
-0.90108067
-0.4097786
-1.1301887
0.7729765
-0.3673629
0.24350972
0.32673448
-0.05367477
-0.4216467
-0.63791746
-0.24925654
-0.014815291
0.3046718
-1.0580791
-0.9178781
0.14532731
0.9798135
-0.54567116
-0.40464035
-0.4197647
-0.8639527
0.327422
0.87427557
-0.2130177
-1.0075243
-0.2828855
0.7839445
-1.0423974
0.90683395
0.40261802
-0.18869662
-1.3108522
0.34163857
0.7759361
0.01837131
-1.4914519
0.74726605
-0.6379258
0.27755955
-0.20913222
1.4932429
-0.46493366
-0.7378169
-0.3056175
-0.8484485
0.5987157
0.99797136
0.71088475
-0.017813545
-1.2207469
-0.19425017
0.5502454
-1.8939455
0.90739524
-0.6292665
-0.20237206
0.28494844
0.15807337
0.5352041
-0.62561727
-0.4752756
-0.080493174
-0.8784378
0.34724802
0.6774549
-0.4461673
-0.24319023
-0.7782858
-0.2616463
-0.045164395
0.23876502
-0.4286026
-0.23561491
-0.56248677
-0.2994211
0.37849298
-0.5364844
0.33913028
-0.64825404
-1.1304046
-0.521225
-0.61579996
-0.7110415
-1.1418649
-1.1567798
0.41973695
-0.6335643
-0.1327598
0.54984283
-0.5248937
0.859888
-1.0275213
0.32134414
-0.36036277
-0.94198537
0.31529012
-0.5863723
0.24477696
-0.6892594
-0.09356201
-0.16984472
0.21076486
-1.2724347
0.9562498
-0.4543274
0.18131341
0.89215165
-0.53301287
0.23754726
-0.36192274
-0.043567825
0.7444569
-0.4047612
-0.26962602
0.81536645
-1.070274
0.31442922
1.0444719
-1.0756118
0.06992639
-0.21509096
-0.2593501
0.4645887
-1.0739397
1.2871797
0.56532604
1.3708001
-0.53010863
-0.27025697
0.5882037
0.4672154
-0.64088446
0.30039826
0.2369512
-0.57010406
-0.14874949
0.41737497
-0.34252265
0.42451748
-0.8077394
-0.41880855
-0.5421709
1.3139151
-0.1313559
0.36065754
-0.90819573
0.15145895
-0.491053
-0.8023643
0.07266983
-0.5555455
-0.8679021
0.6013159
0.45269752
-0.56690085
0.013053408
-0.23290078
-0.7429812
0.8073565
-0.6972338
1.4331115
-0.96542376
0.32822114
-1.1427809
-0.635643
0.89374036
-0.6057597
-0.48407683
-0.9646414
-1.4388894
0.36395866
-1.308085
-1.0129839
0.45210233
0.03445473
0.2282441
-0.7097782
-1.1307032
-0.56388247
0.27341467
-0.5671397
-0.050597344
0.14053799
1.0390059
0.76962495
0.93241805
-0.9564722
-8.971859E-4
0.24566095
-0.07448495
-0.83908767
-0.3929158
0.053632848
0.16813536
-0.07791699
-0.38235477
0.9887301
0.57910335
-0.335461
-1.0646217
0.66868657
-1.0343537
0.5140572
-0.28813836
0.26400608
-0.2163581
-0.48010737
0.40824065
0.44995293
-0.40967697
0.71946615
0.76325446
-0.49596694
0.0076112957
0.6213079
-0.38077855
-0.82746285
0.15080118
0.27573556
0.6245285
-1.0815204
-0.019122818
-1.2546749
0.45892558
0.006534091
2.9238375E-4
-0.041241817
0.02836956
0.1561084
-0.1958249
-0.33966458
-0.0313913
0.33029327
-1.0838033
-0.5864859
-0.42213303
0.17042543
0.7397973
0.09722299
0.09082432
0.52825415
-0.086707085
-0.60553765
0.912899
0.28006387
-0.25659198
0.34900594
-0.57626796
0.45073837
0.40158138
-0.39636636
0.44283968
0.3540221
-0.88210315
-0.69720036
0.51442516
0.07037795
0.63861936
-0.84476715
0.28066158
-1.0833423
0.37903133
-0.069337636
-0.016122028
0.53621304
-0.90199596
-1.0370927
-0.8305337
-0.57355285
-0.49308738
0.3479241
-1.130681
-1.0144862
-0.18825004
-0.68855673
1.022797
-0.8507776
-0.08059077
-1.5821877
0.112843744
0.18327296
0.629151
-0.7569535
-0.32154074
0.7750716
0.63067317
0.5949525
0.25571004
0.6713065
-0.9059302
-0.19274968
0.40692326
0.61771446
-0.9336624
0.41408083
0.6064349
-1.0160402
0.08276814
-1.0423084
-1.1465373
0.30170256
0.10560359
0.66053915
-0.23284885
-1.3379129
-0.28603128
0.48120922
-0.5482918
-0.32117787
1.0380778
0.53866374
1.3097999
0.07407634
-1.2062364
-0.74957806
0.20702337
0.8771083
0.19362551
0.5046679
-0.65267813
-0.32274008
0.5994653
-0.26912788
-1.0028398
0.23735228
0.35595772
-0.33304098
0.8883509
1.6125283
-0.27490422
-0.091112696
-0.26214138
0.3408624
0.5817701
0.33024344
0.59019876
0.63759845
-0.07112212
0.5654539
-1.1133987
0.3995666
-1.0896944
-0.31599748
-0.27232423
-0.046438985
0.4853023
-1.0050141
0.04696324
0.25840604
0.13943286
0.7808658
-1.0740914
0.18913536
-0.7379341
0.32133546
-1.1566762
-0.51703346
0.61915255
-0.856556
0.043025654
-1.551711
-0.10144656
0.7136327
1.2107171
-0.27939758
-0.7679317
-0.73014534
-0.87541986
0.19914961
-0.083482474
-0.44432074
0.6058507
-0.105920866
-0.5030056
0.33618298
-0.3051852
0.29348448
0.38974848
1.0131687
1.152772
-0.5015633
0.38793638
-0.9163163
0.10333249
0.30810872
-0.5272366
0.2160281
-0.63656414
0.49562967
0.07661522
-1.1387634
-0.27425504
0.80190057
-0.39486468
0.24941052
-0.3666783
0.2532564
0.8317775
0.28326544
0.92115533
0.85234636
-0.55717623
0.56061167
-1.1535696
0.74963707
0.37490627
-0.93470347
-1.1166241
0.07685523
-0.4460437
-0.31179672
-0.937562
0.8293944
-1.047952
0.4456402
-0.6572043
-0.41412324
1.3007346
0.17640534
-0.11236174
-0.6560882
-1.0644475
0.8893126
-0.33809417
-0.45122954
0.7452491
-1.3794677
-0.3183746
-0.3217834
0.5701953
-1.2180976
-0.0075620282
-0.71153766
-0.19230886
-0.30768755
0.8614564
-0.70065045
-1.1388263
-0.9172702
0.5922168
1.0113199
0.57927996
0.050827377
0.09909282
0.55631226
0.05045335
-0.20529488
-0.510748
-1.0446081
-0.4780527
-0.24430248
0.40574014
-0.028234744
0.2756749
-0.5838891
0.81769913
0.33051232
0.7338584
0.019052966
-0.06906263
-0.2129169
-0.7764264
-1.0605419
-0.05704748
-1.3514439
0.99977344
-0.06691783
-1.230573
-1.0582601
0.67798483
0.59764636
0.21855031
-0.66660684
-0.25070548
0.28165644
0.5991323
-0.054784298
0.38944831
-0.5501587
-0.31557438
0.3705271
-0.8902395
-0.61741185
0.37431377
0.93147296
-1.0184227
0.8420402
1.6131846
0.48642504
1.0589771
-1.0536081
-0.5518472
0.0372025
-0.16008642
-1.0153201
-1.0578339
-0.5577434
-0.8425343
-0.092202865
-0.3442012
-0.72615975
1.4549942
-0.37291852
0.7446126
0.6399039
0.040592536
0.54229087
-0.1887928
1.256928
0.1238561
0.23029235
0.3115311
0.73488384
-0.0726753
0.6716597
0.18448251
0.1405579
0.19537023
-0.12334074
0.6261849
1.2741787
-0.70058966
-0.59581816
0.122035384
-0.2666456
-0.10010107
-1.2660663
1.1688887
-1.1659192
-0.75353265
-1.2604032
0.17834184
1.0403465
-0.32048622
0.43261832
-0.31523177
0.672122
0.39340642
1.8113723
-0.81577325
-0.53538746
0.081299946
-0.3217845
0.06223361
0.13674478
0.36845824
0.3468946
0.36139044
0.6754105
0.7866728
0.96941185
0.044403993
0.105581164
0.76005536
-0.20019247
-1.0851969
-0.34456563
0.35025662
-0.36556754
-0.9941491
-0.8059183
0.65938187
-0.886583
-0.32637092
-0.13506679
-0.4564791
-0.7171692
-0.8385001
0.06363367
-1.0575455
-0.9243609
-0.8787085
0.33503836
0.55511737
-0.8554624
-1.1462934
0.11543845
0.04354808
-0.8456812
0.23380785
-0.39686698
-0.14872326
0.5547296
-0.9157007
-0.97391886
0.2342085
-0.1893677
-0.6266728
0.5980476
-0.44342953
-0.6634844
0.9509479
-0.22397582
-0.06121468
-0.1966048
-0.05358098
0.4447631
-0.76387274
-0.053379003
0.2153553
0.94189024
0.4061113
-0.3405797
0.25085986
0.33841923
-0.3070941
-1.1821095
0.42676455
0.77925354
-0.96256346
-1.2247274
-0.68089086
-0.41201133
-0.19571918
-0.26103735
-0.04476532
-0.21718249
-0.29976025
0.5985126
0.66632044
-0.05445627
-0.2430762
0.61632055
-0.3867245
0.48920125
-0.34124604
-1.076812
-0.002865565
0.7046081
-0.85339415
-0.6350866
-0.26621133
0.21766438
-0.95809454
0.587697
-1.0804551
0.30634218
-0.540748
-0.841532
0.43496644
-0.6964589
0.59820396
-0.8171376
0.3757392
-0.27486116
0.38493997
0.36079696
-0.76938826
-0.64080834
0.068639226
-0.090666756
-0.31587848
-0.82025963
-0.81927776
-0.3032406
-0.20111853
-0.62369967
-0.5407448
-0.7128784
0.20067123
0.4670701
-0.2692808
0.9009264
-0.7954239
-0.23779064
-0.18738683
0.64589715
-0.6631168
0.36672717
-0.38538486
-0.53335863
0.311913
0.83110845
-0.29587054
0.64425296
0.8058997
-0.8816341
-0.011988531
0.574111
0.64418095
-0.5147594
-0.62018514
-1.198269
-1.0970893
-1.5946586
-1.0747144
-0.6834373
-0.31122243
0.72754765
-0.17128989
-0.30047423
0.7634048
1.1112252
0.66864413
-0.31724027
0.28733107
0.68156517
-0.1215955
1.2034642
0.9362424
-0.18283583
0.58205837
0.3719286
0.35456187
-0.75577265
-0.8085018
-0.814381
-0.24037732
-0.43708465
0.08175277
-1.2029208
-0.22130288
-1.3846748
-0.75149673
-0.20372322
-0.4035472
-0.68484527
-0.5047631
0.4433601
-0.80020434
-0.9938891
0.08893137
-1.0169891
-1.3038894
-0.26189628
-0.6693918
-0.5305111
-0.95558035
0.1723622
0.3622434
0.4049627
-0.5280094
-1.2670547
0.07629736
-0.020436093
-0.17194086
0.39816794
0.36026657
-0.68551034
-0.91584384
-0.812809
-0.74946547
-1.1200545
-0.81130594
1.1334925
-1.1218258
-0.013074896
0.15544315
-1.0527612
-0.59103614
-0.09242074
-0.23165794
0.68818045
0.37731332
0.18962172
-0.057895042
-0.2772883
-1.0038502
-1.0265826
0.9571273
-0.23669814
-0.9069566
0.7726986
-0.27829587
0.65279824
0.27556226
-0.7364833
0.23999596
-0.14073068
0.13045539
0.17724806
1.0643784
0.16154857
0.37250638
0.49532342
-0.64907175
-0.7623817
-0.2536667
-0.9015778
-0.6125734
-0.98383796
-0.27776656
0.38894683
-0.44896564
-0.42690682
-0.41322362
-1.3356866
-0.6875971
-1.1437932
-1.149898
-1.242995
-1.2243036
-1.2285309
-0.79660404
-1.0083818
-0.59416485
-1.2436537
0.10083407
0.88409203
-0.9195826
0.11005327
-0.98511815
-0.82251143
-0.53216285
0.26500052
-0.09006187
-0.9730107
0.9189791
0.1352294
-0.3310378
-0.088360325
0.14912532
0.6518211
0.9023893
0.66008025
-0.38195935
0.8162278
-0.11147796
0.8810971
0.3194404
-0.7808747
-0.3095362
0.8761578
0.5768374
-0.28014544
0.82004416
-0.52141446
0.7557013
0.8548041
-0.9706151
-0.22148287
0.2883663
-0.6261189
-0.25942513
0.10619539
0.8939808
0.6673392
0.20771307
-0.7588736
0.012215415
-0.09731579
0.45037565
-0.76348454
1.0171232
0.8607953
-0.3277903
0.5521325
0.7569931
-0.2550288
0.6028764
-1.1025231
0.6559081
-1.3778512
0.10500061
0.58617157
0.0063718013
0.5705464
0.8490754
-0.25896716
-0.4560118
-0.7171112
0.04839602
0.85179293
-0.59970844
0.39258224
-0.07625941
-0.3877665
0.72166747
0.589505
-0.24183887
-0.0760011
-0.22230917
-0.94609565
0.64351183
0.15968227
0.23519534
0.27640414
0.20216483
-0.62382853
0.3663484
-0.66519076
-1.0435914
0.6462553
1.005756
