0.0
0.0
18
3
18
18
18
9
60.584915
-136.80566
693.47327
38.20632
739.27356
-311.97702
-758.95044
-91.793655
-1062.7805
-617.5703
-2313.6147
486.3429
-680.79755
24.665491
1885.9818
76.86577
1477.3625
-249.87352
817.2222
-53.509365
65.91499
-117.56089
-1896.4972
-636.4529
-1118.7439
-1735.4607
74.105316
-210.66548
-915.6272
602.2295
408.06882
-652.5699
-844.11255
312.67334
-1370.115
-552.8639
899.0906
-150.5144
310.1767
318.45007
-1110.6089
-365.94836
1133.4469
-1221.1826
1589.5425
1001.5986
698.7155
263.94324
-378.20886
-527.1262
592.27594
122.14816
-1504.9625
-2406.5676
520.111
-139.7924
-42.14038
1002.5053
-513.0198
-566.1393
404.74588
2875.7166
-2107.108
-1844.3182
-105.2529
1778.4911
-759.98474
269.91183
271.25638
109.78262
-1380.49
950.34644
272.079
-0.033296976
15.905399
-310.44156
530.65656
-564.2951
1986.2737
-1300.4052
-3048.6714
-1436.9667
-154.8481
1583.1038
-363.48965
-356.53882
-605.68365
-36.897274
-2261.08
2388.6406
671.1238
-129.83755
193.93124
316.7024
799.84216
-733.8569
-634.4507
-579.1284
284.21356
187.61414
-1736.7612
507.1575
-203.41649
153.72758
573.5879
132.80228
4051.632
-1806.4701
780.252
-226.70901
-0.69557476
37.750347
-996.0006
-405.29663
-89.46794
1345.1176
-2848.4453
997.8588
327.22058
-699.27576
-224.58138
-241.70465
-538.4094
273.6571
1922.259
866.72125
818.9269
-72.81818
671.0454
168.96832
-360.15012
-232.16759
3762.81
1351.602
1223.1332
-2121.4194
1433.9016
185.56079
825.2051
-347.0876
64.9929
-59.829243
68.42975
706.3615
-391.52695
104.021126
470.83017
1771.072
1466.0741
3632.2898
-6299.7188
-2413.0796
3816.183
3406.4517
-4167.955
1155.4807
-1804.4492
-562.45996
2625.273
235.61713
-2474.6575
-833.1512
-330.35513
12.837905
263.0367
1729.639
2326.454
3057.2795
-5626.036
-3818.2026
2677.3005
1721.259
-3380.1987
1874.5691
-1564.634
-559.86017
1429.3286
112.92544
-3707.6008
-346.8544
548.31683
-59.165417
225.03525
-37.833023
804.759
597.47375
-474.46045
545.29596
626.09424
257.28256
-163.14847
1349.993
-433.37637
-556.8467
1434.1573
120.53554
15.245758
-284.70825
1569.728
-328.3353
564.76
808.41815
1111.5917
-388.40134
-1164.0352
-936.9378
282.16098
737.6491
-2338.5813
312.90372
-674.85693
-1004.1176
440.9437
280.3672
-1843.6086
-249.28511
736.6147
-219.82594
76.52706
1712.2166
-469.3711
-319.82977
1950.8586
549.1584
399.90848
482.43854
-2046.5574
161.98128
-556.06116
-505.68427
-815.09875
-88.02082
-851.3817
-53.21965
-17.962519
-314.37787
242.3332
369.56577
191.87637
-239.22177
-296.7885
609.9
655.75226
-1881.0435
-407.0523
1197.2439
-272.35248
-579.1285
1647.6561
358.6452
-402.46906
1050.5524
853.69037
-34.5121
26.691645
288.5213
1325.6375
-303.46667
2074.7437
-561.57153
-604.60236
-1235.0342
-893.2559
17.884302
311.40515
-538.733
-968.95984
1.8920864
-121.83678
-42.00144
574.68896
-65.59122
93.19951
614.12036
212.50374
-122.69806
-2326.391
-2587.2542
-127.15848
5043.4375
-588.6862
-243.02185
-1592.4016
-575.7787
523.72284
120.45267
514.92084
-1945.488
475.3897
-88.14001
264.6127
1239.1365
-34.917484
-87.34165
-1879.5454
-3854.6724
3132.5088
1532.4534
-307.7925
76.57708
-559.8594
299.9848
2364.1367
537.032
521.74316
-834.3428
-0.27890992
0.2532065
-0.96167064
-0.88932717
0.6505383
-0.58828986
0.33777547
-0.7249161
-0.9765588
-0.10449314
0.9735197
0.7843571
-0.00240314
-0.45008087
-0.08580315
0.80502963
-0.39586556
-0.4132092
-34.680454
48.13345
3.788064
-3.87459
-0.62946635
79.45606
-4.232356
9.432274
62.775345
18.191084
8.962723
-7.967311
-1.5219233
50.363083
31.617191
62.47037
-56.585564
-24.9129
0.19710284
-28.67293
-1.9247127
10.083699
-3.846439
-10.6611595
-22.70389
7.697051
-15.92872
-11.3778715
5.4932756
2.7553809
-8.994818
-8.97453
-0.7528194
-4.4902544
23.591087
-0.26831064
-26.983438
46.22082
9.987561
3.9509943
-3.924074
37.760376
-16.006086
63.25183
72.064354
12.843342
23.452967
-8.830174
-5.7396703
22.128386
-5.5796227
49.68282
-48.63753
-20.555277
-6.8679943
30.61481
3.4143753
7.639727
-2.7224581
0.4438341
6.294526
22.627764
40.112617
10.493842
12.90352
-8.874588
-0.41593456
-7.246587
12.915835
76.31958
39.851917
-16.297567
34.426517
-78.11261
3.8231363
8.284563
-1.4880918
9.5806465
-13.796333
17.923143
-65.67831
11.919884
12.597472
-1.1068861
0.1906112
-19.286789
6.7936354
-18.909626
6.856089
1.3911457
20.590605
63.8289
12.139756
6.0217648
-4.046963
-4.7499514
-15.766658
18.970304
35.269474
14.859168
18.7595
0.9545462
-0.22280042
8.990593
-9.292193
-289.35034
-17.038954
0.36868668
-10.290986
50.089607
-8.831652
-0.093541205
-0.80368966
64.00329
12.740862
-26.536484
61.26374
26.063442
-20.694998
-4.170816
-4.312536
52.640987
14.85994
9.427249
-85.6193
-36.277214
-31.055973
9.363392
-0.7786728
1.3057519
0.49021867
39.71374
11.427856
-24.52543
-80.49603
19.48371
-12.846248
-16.58731
1.2277775
7.2675714
12.625385
-16.742884
-61.980957
-20.631693
-16.345892
-2.0379097
12.806825
6.290245
-1.8937517
-13.178404
-23.000408
54.140114
41.514194
-5.2730775
13.14674
-3.608891
-0.34064674
-2.443541
-3.3409483
-31.681913
23.75609
-2.601133
23.270525
-74.058815
8.541688
3.9969218
-5.5235777
-24.892551
-11.749867
31.308863
-18.864311
2.5174396
19.294174
2.1493168
-2.2860134
-0.33282137
-0.34357667
5.335481
46.462498
1.8850226
-34.016747
28.886194
1.6000525
0.81572056
-0.6260741
50.239788
14.006714
-9.807659
68.69841
22.554924
3.487002
2.9459908
-0.32226405
32.968063
5.3387394
-184.98969
-67.54696
-7.6969438
-8.272281
53.554996
7.893061
2.747996
-2.532182
-23.902796
-19.726816
47.85221
37.854397
19.043137
20.741419
-5.8982944
-2.3496933
6.777833
8.937654
46.245693
14.223322
7.287288
-37.817833
9.761155
-0.9949971
1.6924036
-2.4125035
52.14756
6.5857825
-5.900075
14.366018
8.091433
-2.5264628
3.2837245
0.74960715
23.37046
6.6292815
41.676567
-41.985992
-17.229744
-28.048279
-32.318825
-15.405307
5.293066
0.44782138
22.034122
1.7718766
-4.087949
-3.2276862
-7.144999
-9.154047
1.2501336
-1.4640043
4.124868
7.5534153
38.487614
-44.9502
0.12736669
-15.971124
-85.42124
-11.989344
3.0059617
-2.5462532
-21.22313
-9.170054
60.76769
-91.81903
-3.3451993
18.600197
0.91036654
-15.581227
-43.680668
-19.887684
-120.085945
-12.450071
4.843904
-10.862237
19.846912
5.949176
3.8348408
-2.2029119
3.6367373
-19.28217
35.67639
35.51669
-8.121128
13.460971
-8.587848
-7.968378
18.323908
-2.6187398
0.73718804
-62.512196
-15.958986
-52.543636
53.38071
7.2831
0.19023632
0.56147873
56.603394
5.023691
-11.168436
19.807528
7.9837418
-4.0537224
3.338242
-0.46093652
31.747005
12.092378
165.03436
-77.27026
-21.048517
-2.3061416
9.067465
7.951241
7.3196745
-3.130663
22.57841
-24.715574
24.211714
18.70996
-6.8961244
9.332555
0.36249393
-2.338244
32.910477
0.8176603
26.175608
-40.829227
-15.784453
0.20436984
-0.912379
0.3311897
-0.32673985
-0.7153948
-6.7849436
-0.960629
0.50308037
-0.031195287
-0.7723431
1.1873517
-4.9943986
0.12764336
-0.15274303
-2.2246397
1.478287
-0.4634588
1.2000215
-0.21963376
-0.99976754
-1.8946402
-1.0361065
-1.2732215
9.594838
-1.399109
-0.40385273
0.5797189
-0.7177421
0.65669394
6.076781
0.5586383
-0.020794164
5.166531
-0.7337389
-0.8116637
-2.2905028
0.172388
-2.3403318
-0.28580764
0.13967983
1.8958896
-5.0793867
-3.2979238
-2.4048269
-2.1255512
-0.7776655
-3.1867757
-4.9312305
-2.224161
-2.489803
-2.3363283
3.5969841
-1.1852303
-0.054018762
-4.768746
-2.9487202
-1.4787047
-1.3060699
-1.7832603
-6.228924
-3.7203522
-3.6746924
-0.14436913
-2.9917476
-3.815733
-1.6955074
-0.56087023
0.5964555
-2.6383545
-2.2723238
-0.96360356
-0.8233925
-1.3648975
0.15041752
-0.31665194
-1.5032943
-0.42379445
1.6339215
-1.2299372
0.577131
1.6147981
-0.7958721
0.14520247
0.66328293
0.42047977
0.50861305
0.36234996
-0.09381633
-0.23201768
-1.5922381
-0.75292015
3.2476666
-2.187154
-1.8098783
-1.2696161
-0.73892397
2.2903543
6.5895896
-1.5595722
0.044095132
3.8498445
0.61254627
-2.4081755
2.342772
2.0543225
-6.192126
-0.15810871
-4.1572556
-3.1069655
-0.34287634
-0.06134379
-0.8464554
-2.3094108
-0.8140099
0.32439184
3.3151028
1.3551148
-0.3587119
-0.43527246
2.5693474
-0.99974823
1.317177
-0.41459486
-2.183367
-1.4266073
-3.4088266
0.88131857
-3.7775466
-0.60475814
-0.6274889
-0.9017651
-6.583086
-3.1765718
-5.4821916
-4.3399463
-0.59404945
-3.5037494
-7.133734
0.27919215
-3.078276
-2.5121672
6.805916
-1.2748538
2.0187478
-1.4907483
-2.072506
-1.2734193
-2.1694102
-1.8260088
12.192473
-2.4763184
-1.165172
1.2335877
-3.2758386
0.7892908
5.463422
0.65549505
0.39893544
1.0540143
-2.2099116
-0.6314106
-1.6391814
-0.9337958
-3.6843212
-3.666878
-2.164868
-1.4780009
-1.1858876
-2.8646169
2.993533
0.8227913
-1.5411288
-3.0326805
-0.0412592
-2.1121142
-2.743109
-2.5789754
2.3861458
-1.7497324
-5.560426
-2.0142725
-0.9320978
0.13738532
-0.19219893
-0.6755048
-3.8409262
-2.6206827
-0.55283636
-5.6625447
-0.275687
-3.014628
-5.2071395
-2.7136
-3.0118682
-3.4644358
2.8069246
-1.6636244
2.605704
-4.3379455
-2.0754156
0.32130665
-2.406743
-3.523992
-2.881217
-2.9446685
-0.08017723
-0.8308794
-2.9593673
-2.8493862
-0.38158447
-1.1047316
-0.87411565
-3.0687199
-5.02023
-1.1920912
-5.0378375
-1.0431304
-1.2580854
-0.6740189
-1.0917975
-1.2128601
0.66978025
0.20582147
1.9534498
-0.12876892
-1.101837
-0.43005815
1.0831294
-1.3642448
-0.84044737
0.086305894
0.6342826
-1.0528046
-2.7189896
-0.6914059
1.6580456
-2.0121038
-1.1012682
-1.8301367
-1.6223451
3.7648625
0.39153823
0.91890466
-2.3703141
0.18521583
-2.020317
-0.6337934
-1.0042317
-2.8922951
-0.49780366
-1.6477103
-2.9808614
-2.5659485
-1.5671177
-0.38587344
-2.4324522
-0.41166252
-2.365505
0.40341333
6.686571
1.1059071
-1.4192988
1.6319174
-1.475767
-1.3683748
-1.5743687
-0.9477056
-11.049099
-1.1433247
-2.7629092
-1.1779256
0.52802414
-0.059060268
-0.8778977
-0.3123734
3.458941
-1.2653264
-13.883225
0.29607514
-1.1179556
-0.78026503
6.0988417
-0.74656993
-0.693121
17.928267
-11.476055
0.16858521
-0.9381117
0.5674499
-5.9487543
-0.49571732
0.23129521
-0.41614813
0.4806853
-5.3753295
-6.605922
-3.448784
0.13840894
-2.3364725
-3.9088101
-2.5618358
-1.6579323
-6.0601764
6.260167
-2.4346423
7.4914207
0.6318587
3.140247
-0.53657216
-0.1161594
1.5130231
0.47353578
-5.1037893
-7.0410047
-0.6182405
0.23080865
0.031531066
-0.80119
0.1699638
0.87927073
-0.23947203
0.32928696
-0.4303539
0.57906914
-1.8087006
-0.5088386
-0.54299253
1.7466515
-1.3307474
-0.14822471
-0.8994142
-0.608133
-0.9763675
0.62524927
-2.9527185
-2.3154461
-3.2135527
-2.7683501
-2.8759642
-2.7042003
-2.920253
-1.776962
-0.86834645
-0.3096482
-0.42361805
0.6571788
-0.7473188
-1.0014255
0.61708426
-0.30528578
-1.1069224
-0.81196076
-0.3322177
-0.7951967
0.45292994
-0.5750968
0.2491009
-0.6903954
-0.90167344
-0.8921521
-0.8321313
-0.65197504
-0.11204181
1.5439931
-1.0231286
-0.1417975
-0.2176047
-1.09798
-1.3391454
-1.8101029
-0.38070747
0.0054794108
-2.5385535
0.08810446
-0.7899026
-1.0954071
-0.95359945
-0.15785933
-2.1204705
-1.2269236
-1.1517792
-2.9773521
0.20188375
-1.3701425
-1.2521265
-1.2420291
-1.6364692
-3.4502733
-2.1713493
-1.6112735
-2.7840316
-7.6366487
-2.4116664
-1.40964
-2.526066
-1.6221541
-1.5808902
-1.5400255
-1.564463
-1.8183451
1.2642924
-1.0079484
-1.0329549
-1.3618684
-1.099071
-0.99392796
-1.1138546
-1.0272442
1.5326045
-0.99743366
-1.2237804
-1.0648264
-0.5037029
-1.1690124
-3.6096737
-2.2651849
-0.7772561
-3.759691
-0.46902007
-2.6293066
-4.4020143
-2.813323
0.7346942
-3.6455228
-0.79005533
-0.30798835
-3.1190405
1.6864377
-0.5089626
-0.5498742
-0.23851268
-0.4827557
-0.9662798
-0.15974315
-0.21966453
-1.3795975
0.9803155
-0.5436974
-0.30160847
0.36214158
-1.9369488
-3.389747
-2.2746437
-1.184184
-3.4150574
-0.90156454
-2.3504188
-1.5577576
-2.3518476
-1.0125694
-2.9477437
-3.1640112
-2.0337512
-3.276713
0.018217437
-4.0353146
-3.107164
-3.560726
-2.089175
-0.7971297
-1.5281271
-1.7961603
-4.3547583
-6.291545
-0.6747343
-3.9542413
-3.9496186
-3.486451
-0.9021453
-0.9919009
-0.5537314
-0.59517574
0.16777565
-0.41680545
-0.6108823
-0.50133884
-0.3479101
-1.4493313
3.824886
-0.21386856
0.59689325
-2.336861
-2.1738904
-0.18584666
-0.79885036
-2.371229
