0.0
0.0
18
3
27
18
9
9
-6.6937504
3.7623472
9.792608
2.391889
-14.627214
-2.06728
-3.09502
3.0774686
9.978163
2.4310093
4.362506
4.676777
2.1484678
-3.5207489
2.8141668
1.8878088
5.0584226
2.7938852
3.9131534
2.2466152
3.260508
48.263947
-3.1008792
12.612981
3.6623776
-2.531278
-2.6856976
-8.442083
6.5440464
18.6065
5.7520733
-8.8839855
-4.3937755
-5.1793165
6.479002
8.977883
5.36425
5.013391
6.3631845
5.602041
-5.6995745
5.8433795
27.461515
6.65924
6.0588155
6.595013
6.3431716
6.5197144
-49.10434
-4.5939393
5.677132
6.651546
-4.238056
-4.7351704
-2.1948826
3.4792776
0.69819397
4.3220735
-14.2937355
-2.331658
-2.349383
3.076233
0.46273032
3.9818933
2.4456913
2.3238437
11.374297
-3.882113
2.7095895
4.560019
3.5256178
2.4220848
3.985888
6.087043
3.511743
11.689903
-2.9526684
4.0824428
3.1404076
-3.0976288
-2.8814895
-6.2968297
5.7742133
9.450387
4.7291317
-19.14239
-3.749626
-6.070851
5.877804
5.2055883
5.469234
4.3340096
7.548972
9.0596895
-5.1745954
5.2352734
16.15035
5.884925
5.228111
5.841483
6.8410735
5.900777
-0.8961355
-4.1507
5.076517
6.0222874
-3.4603937
-4.3373194
-4.990471
4.2934623
15.104411
6.4008193
-5.706446
-2.2856388
-3.033807
3.1566882
5.7225595
2.311661
2.9457288
9.296824
11.96833
-3.4801898
5.1505404
7.025072
3.630996
4.3341355
3.9772754
4.380984
3.7345424
-2.6519032
-2.4023123
2.525378
3.5702906
-2.3261478
-2.643819
-5.375068
6.650663
20.970451
11.329307
-9.630305
-4.4155765
-4.4618998
6.292588
15.621987
6.7334027
5.2636633
6.176904
9.97265
-4.794312
5.5336065
7.1930213
6.3529572
5.991204
6.236015
6.1876473
6.1783867
27.867743
-4.370352
8.634168
6.173994
-4.9716563
-4.5970993
-3.6721663
2.8363047
21.40056
15.411521
-6.2599273
-3.9756343
-2.8652189
2.393617
13.947999
1.821289
2.95348
11.522633
10.066341
-2.9548907
2.7364593
12.776137
3.5813985
4.7601733
3.4418259
5.917103
3.6274283
-10.779064
-2.3889678
6.938255
3.7557364
-2.7725616
-3.5556545
-6.268456
5.7929397
12.453005
5.027251
-10.582883
-4.578811
-5.5784035
5.814807
11.514992
7.779534
4.7971187
14.717795
9.150017
-4.6216044
6.139944
10.800391
6.025423
5.3180265
5.74098
5.74956
5.679385
11.075615
-4.6265078
5.0051346
5.75168
-3.917703
-4.1593237
-2.4941926
3.7892258
13.388114
3.6596882
0.7176023
-2.9907055
-4.7735143
3.132938
1.6172293
1.304367
2.6012955
1.6145613
9.189889
-3.4080684
2.8593862
17.665367
3.3311048
4.773607
3.875543
4.170456
3.5811033
53.179726
-3.4577465
4.9038515
3.5518825
-3.3038306
-3.0450487
-4.192172
5.5816917
21.467186
11.544271
-8.940389
-3.6424413
-4.498303
5.6540194
7.201831
5.0039005
4.399755
5.2989326
17.260525
-3.9657326
6.422088
6.290788
5.635359
5.5962787
5.636307
6.186461
5.702055
25.265047
-3.9194503
8.999472
5.7435203
-3.9960172
-4.381232
-3.7475502
4.6663284
-5.0628705
2.9981008
-8.021337
-4.5874624
-3.1552153
2.9840736
7.5664415
11.097207
3.3072495
7.2344
2.9308507
-4.0100484
5.41498
15.562685
4.229249
4.559514
3.3656836
4.3930054
3.292965
-19.220774
-2.497016
2.3791206
2.9494588
-3.1540532
-2.902032
-6.7218685
6.005419
16.78141
4.7501493
-6.4861217
-4.544113
-6.583909
6.015445
6.194916
5.644511
4.8766847
6.7648044
5.33399
-4.2034492
5.489233
11.915639
6.2532177
8.716963
6.0317006
6.0241113
6.1316113
4.679502
-3.4969313
5.5455165
6.201205
-3.2125907
-4.7091045
-2.8954773
3.8463306
26.92076
5.345244
-10.320665
-4.1790047
-4.865792
4.709344
1.7685513
3.5566792
3.478537
5.8354526
5.249003
-2.0172243
3.0550094
10.33848
2.8938243
1.6260998
3.259326
4.665879
2.7226672
22.558659
-2.1080654
3.995174
2.5892427
-1.9096142
-3.0485911
-4.056807
6.3399587
14.221151
4.5774417
-9.499936
-4.326129
-4.100629
6.1697493
12.658853
8.973776
5.468571
9.375588
17.716457
-4.0512834
5.6061625
10.032177
6.3636036
5.290029
6.0062656
6.414409
6.2771416
27.745787
-3.3629212
10.245887
6.328405
-3.168703
-4.759555
-6.1195264
3.197359
4.2175736
2.3214705
-7.8739333
-3.7039967
-3.906093
3.0362842
7.7836614
5.6473923
3.740748
3.085872
16.148716
-3.248497
2.8240006
0.21253777
2.7586555
2.087855
3.2093375
4.7532487
3.2735
-10.439509
-2.7724607
6.253816
2.722715
-3.2743182
-3.089756
-5.500754
6.3643303
23.097614
16.461008
-15.908759
-4.7914095
-4.5891953
6.4949856
6.18795
5.3132753
5.126924
7.323269
10.768622
-5.6275887
5.647694
14.412505
6.373972
5.3055644
6.327513
8.770145
6.1713543
46.124454
-4.1170845
14.302254
6.221039
-3.8547647
-4.5102177
-4.565465
5.2213783
28.206104
3.4288635
-4.0034947
-2.6328888
-1.3168812
3.0989075
8.34172
6.72026
4.9595885
4.511664
6.682829
-5.5569263
4.126631
24.55355
4.041818
4.037385
3.864184
2.6203218
3.1274302
-16.543299
-2.2381756
2.523178
3.2897835
-2.4972353
-2.567934
0.8676679
0.24903286
-0.47799897
-0.12669992
0.76445127
0.7527281
-0.5399375
0.86967194
-0.306908
-0.16112065
0.80800223
-0.5268942
0.852476
0.46520662
0.10580683
0.66346073
-0.46102118
0.984023
-0.71954274
-0.37456286
0.44042695
0.99689615
-0.6375128
-0.9418956
-0.33146
0.09988117
0.18988287
-1.080816
1.0037888
0.7056133
1.1471754
-0.3385938
0.9468923
0.9086188
0.8201305
0.97685146
0.93016845
0.7395559
-1.1237776
-0.09679069
-0.9517152
0.6812517
0.7022526
-0.60796154
0.624512
-1.2360271
0.083743796
-1.0443642
0.24264924
-1.2692232
-1.1926172
1.0272431
1.3594527
-2.1252174
0.9189387
1.1959913
-1.2881176
1.4189739
-1.2950042
-1.9218285
-1.0327059
0.82731867
-1.5889642
-0.9862665
0.6548326
0.3026325
0.2492933
-1.608157
-1.5516002
0.554499
0.008509804
-0.06383798
0.2485446
0.29616508
0.40561935
1.0597523
-0.6095195
0.22245555
-0.76560485
0.009102669
0.35435253
0.64468795
-0.19610736
-0.18018666
-0.844827
0.02561151
-0.18770458
0.87526613
0.9075362
0.27244696
-0.015875915
1.1364943
-0.50655967
1.1060748
-0.39537045
-0.39448738
-0.9612222
-0.14488547
-0.37740245
-0.3242385
0.86985856
0.9139622
0.88662666
-0.6027727
0.77707946
0.43792668
1.2682006
-0.117192924
0.49043283
-0.2104519
0.90272486
1.2452073
-0.80268705
0.4105301
0.5995355
-0.71583366
0.96129435
-0.033860024
0.2635235
-0.98958975
-0.96169716
-0.89404005
0.37635097
-0.32380852
-0.02848396
0.85081565
-0.27441487
-0.36604184
-0.55130637
-0.62674695
0.8617576
-0.41571954
0.9664343
0.7031032
-0.72241366
-0.050983496
-0.4277365
0.40607172
0.31090024
0.20812596
0.7207167
-1.2119621
0.73154634
-0.59831977
1.3658974
1.0479435
-0.4447371
1.2250284
0.4551639
0.75990474
0.4719097
-0.44423798
0.7083697
-0.31637722
0.23047687
-1.3331103
-0.11745538
-0.74960697
-0.540538
1.9528348
-0.14082432
-1.4662645
0.74490833
1.0954397
-0.76819223
0.40191942
-0.45186815
-1.5663736
-0.54004407
2.1709619
-1.399633
-0.9672384
2.04313
-1.2703859
0.454084
-0.16742091
-0.19744031
0.017772255
0.23457383
-1.0463415
0.65502596
0.57891953
0.27051532
0.38843635
-0.8278911
-0.20291382
-0.29588276
0.41708004
-0.15756918
-0.052647922
1.3655772
0.07841837
1.371089
-0.15119399
0.4134818
1.0064373
0.16621493
0.43746892
0.4650302
0.5989175
-0.84822047
-0.18100326
-1.2211757
-0.96864563
-0.59542745
-0.067941286
0.6424374
0.35452068
0.06375429
-1.0926839
-0.32669395
0.093340576
0.049503375
-0.18247065
0.6933197
-0.80207944
1.2882591
0.643006
-0.9569472
0.50030285
-0.6787511
0.30197072
-0.6236584
-0.28021866
-0.11268481
0.31569135
1.1505969
-0.8916064
0.76915306
-1.4955599
-2.0284002
1.1575011
1.6516751
-0.9228065
1.053599
0.6721259
-0.57476234
0.2708077
-1.9678205
-0.05286629
0.013084489
1.1993463
-0.2588873
-0.8054242
0.16139387
-0.7179629
1.3358359
-0.3406154
-1.2292393
-0.2120798
1.7882987
-1.0557865
0.3528994
1.2999824
-1.4596219
0.14244533
-0.89499855
0.31163213
-0.16884023
0.102245376
-0.7207084
0.81169367
1.1061953
0.38585198
-0.28069216
-0.4528707
0.6170776
-0.7650099
0.22196731
0.8130293
-0.074641265
0.6874737
0.86130154
0.41638216
-0.37522992
-0.5790777
-0.74142754
-1.3323213
-0.15593411
-1.0162494
-0.98425424
0.22181924
0.051318966
-0.29881775
-1.4441788
0.40321934
1.243932
-0.8998223
0.99603987
1.2005008
-1.2170675
0.28405488
-0.20592935
-0.51866645
-1.0079564
0.8808239
0.14055474
-0.3650804
0.23829615
-1.2422206
2.5728009
-1.0705702
-1.1116203
0.62216663
0.7942461
-1.0006683
0.11851791
0.4027555
-1.352879
0.70945823
-0.7877759
-1.1441257
-0.36983615
1.4091822
-1.806579
-0.8923443
0.52910024
-1.8308496
1.8051574
-1.2551297
-1.3621402
1.5326899
0.37090498
-2.3518112
1.3169824
0.6097852
-0.36778894
1.6851292
-0.9729165
-0.99427176
-1.4615431
1.6061
-2.0262566
-0.69066334
-0.346358
-0.044814467
0.8592843
-0.6039672
-0.37975386
0.9421558
1.3395525
0.20687999
0.5165392
-0.44234043
-0.60441595
1.0615709
-0.7654865
-1.2700808
-0.91325444
0.31861854
-0.25234932
-1.5749421
1.8472799
-2.2101202
0.32325506
-0.5881177
-0.9552056
1.5635203
1.4467868
-0.6392919
0.27218932
1.2814631
-0.9684437
0.20151049
-0.7134344
-1.9038657
-0.28235802
1.5139233
-1.255602
-1.2023659
2.2463431
-0.68896586
0.28122416
-0.8155433
-0.88799125
1.568475
0.38486087
-0.41002092
1.6713543
0.8257795
-0.88174254
0.63554484
-0.06679754
-1.6534405
-1.3388586
1.2128904
-1.1188757
-0.37740877
1.8595376
-0.72489977
1.3735666
-0.5832203
-1.1208133
0.7163967
0.44375435
-0.9884085
1.4557667
0.72215205
-1.1521066
1.7472314
-1.2791985
-1.5577537
-1.4397367
1.5331342
-0.83888096
0.35831854
-0.18269396
-0.98820126
-0.31249318
0.39244643
-0.15137213
0.025977597
0.7481826
0.26682687
-0.6896829
-0.8209438
0.61241496
0.555614
-0.41126227
-0.08659366
-0.7875892
-0.22184509
-0.33171758
0.44063172
-0.6693979
0.32937256
0.53810656
-0.31713971
0.17882355
-0.33087894
1.0748703
0.48331216
1.1702056
0.25599873
-0.9541395
0.14995061
0.5001914
0.43958682
0.15577205
-0.06969149
0.56877184
-0.13172142
1.5358732
-0.69350487
0.6728586
-0.40817925
-0.2702572
0.5943669
0.46157062
-1.0819948
-0.017497212
1.022697
-0.15474789
1.0485934
-0.40235916
-0.04817289
0.7777999
0.6914377
0.33139896
-1.1612144
1.7007239
-0.63168025
1.6798782
-1.3597442
-1.0287162
0.89391416
0.8337508
-0.79622763
0.8488484
1.1577759
-1.1716739
0.7414879
-0.18452573
-1.0680566
-1.5552303
1.9904765
-2.1869006
-0.8242787
0.6007084
0.21043992
0.7609287
0.36737844
0.7684884
-0.40747768
-0.7375476
-0.45991558
1.2480061
0.083787814
-0.8548964
0.33448657
-0.11377098
-0.15672725
0.4403863
-1.0094565
-0.9243293
0.7362877
-0.1650364
0.15065588
-0.037627067
-0.28850454
0.2859117
-0.78297937
-0.7289311
-0.9477042
-0.6856846
-0.032224882
-0.6487508
0.5113157
-0.02483318
0.872493
-0.7253858
-0.5674618
-0.32753447
0.012167747
0.58705294
-0.71498305
0.27037635
-0.4303032
-0.40705135
-0.09429168
0.6338935
0.5858026
-1.8443923
-1.4683299
-2.3319602
0.6203773
-1.5417731
-0.5267191
-1.1481502
-1.1816715
-0.8951247
-0.36725384
-0.7867267
0.8166777
0.7568637
0.48603922
0.02787482
-1.1453781
-1.0422319
-1.1326498
-0.6070469
-1.8365283
-0.5938116
0.90918326
-2.2344384
0.07749293
-1.0356886
-1.9700587
-1.7140219
0.41626424
0.660057
-0.35616174
0.12566788
-0.016265066
-0.44906232
0.3110043
0.96724594
0.42918324
0.17572346
0.36476055
0.53991264
0.18934432
1.1752137
-1.1101298
-0.30451941
-0.28335384
-0.6690401
-1.1338435
-0.30994728
-1.1996487
-0.12714021
-1.9333892
-1.6280127
0.071045354
-1.7000651
-0.61762416
-0.44553417
-1.1642555
-1.6875659
-0.16461334
-1.7200164
-0.89503515
-1.1845388
-0.98633116
-1.3425957
-1.3102252
0.43796396
0.041368954
1.2790713
1.1435001
0.4114349
-1.1325592
0.1396479
-0.68351686
-1.5695544
-1.5250368
-0.970803
0.73638093
-1.4359617
-1.3830009
-1.5561855
-1.4539868
0.054817997
-1.2581468
-0.42583513
-0.63065344
0.15159418
-2.067927
-1.403729
-1.0977316
-1.4925145
-0.8833435
-0.3190685
0.021884307
-0.43523338
0.83922416
-0.08056986
-0.9084807
-0.6556191
-0.49457976
-0.15901625
-1.922552
-1.3343824
-2.1036382
0.44090304
-0.31842342
-1.7692182
-0.51486206
-1.3046225
-0.9895037
0.32623297
-0.65248346
0.2035579
0.585067
-0.4412187
-0.37460575
0.0705266
-0.46770304
-0.26066425
-0.9140005
-1.1362791
0.729174
0.65448433
0.8699538
-1.1082232
0.07766104
0.41926602
-0.21008652
0.09931085
-0.33932838
0.9511587
-0.2044739
0.08063999
-0.5303617
0.1604725
0.7105161
0.13873373
-1.5186609
-1.5625316
-2.2503521
-0.12327461
-0.66300493
-0.75604886
0.09266052
-1.2446505
-0.49645603
0.13497317
0.36521435
1.0106448
0.017642701
0.3518455
-0.67256165
-1.0986097
-0.7222197
-0.34144804
-0.342382
0.3128616
-0.19544764
0.2717163
-0.93230927
-0.9958223
0.3210672
0.29428276
0.0071670474
-0.51126486
0.15067409
-0.7688923
0.3177328
0.22899319
-0.25181055
0.5326304
-0.07013712
-0.36851686
-0.73723555
-0.78225434
-1.1506147
-1.373254
-0.7834184
-1.416387
-1.3768865
-1.7298095
-1.2133795
-1.6445534
-2.954374
-2.170027
-3.0019543
-1.6700486
-3.2314339
-2.6578867
-3.3383076
-1.6124692
-0.7503137
-2.056517
-1.5423243
-1.0951363
-1.126906
-1.4580289
-1.7350187
-1.7841171
-0.82518756
-0.69304186
-0.114997305
0.4691662
0.8971165
0.40906325
0.5534061
-0.9145588
0.115779296
-0.34133193
-0.055913273
0.1413081
-0.09562558
0.121523365
0.12490291
0.16405159
-0.101653166
-0.47039315
-0.02295194
-0.6343118
0.31258345
-1.1078972
-0.5479729
-0.8842761
-0.19015153
-0.59786487
-0.60352176
-1.0204265
-0.8276075
-0.6463942
0.67198765
0.13635328
0.21701878
-0.9019255
-0.3405052
0.6866393
0.80693
