0.0
0.0
18
2
72
36
9
-142.75706
6.658223
-197.10918
-20.302038
-56.86446
41.38953
-83.62173
-18.386578
-55.406357
38.06721
-41.25784
-9.869026
-12.262105
98.00329
-114.40412
8.2549715
-78.21576
0.50048447
-11.274949
98.06907
28.715105
86.81711
51.728497
3.485621
8.836155
32.79456
-36.41972
26.726599
-35.994354
150.89632
-37.700844
111.08781
-36.51026
102.3507
-7.38152
-89.221985
66.75127
-84.29874
-48.801834
-272.5361
-42.853603
67.40557
16.679428
9.308119
-76.89473
109.819435
-62.631645
33.301434
-31.002527
-11.572524
77.89084
15.235512
55.055798
90.1761
93.13028
-105.08525
-30.082764
74.685715
-46.678604
41.31513
-10.430337
6.875544
-58.893333
-138.46536
79.55981
101.807495
-149.9463
-133.25603
141.25287
-1.4503725
151.97678
43.68326
-189.26785
-22.695333
-207.1317
-45.51007
-66.64174
60.768845
-3.9650943
-37.278706
-43.12813
-82.96336
-29.542774
-78.37513
6.2833405
69.201065
7.2747335
2.5828931
-85.09874
-5.696671
-0.43389937
20.628687
70.01465
2.3321168
-12.01885
-123.732796
-11.441636
-163.07732
-34.389008
19.394228
-0.9717287
89.88296
-60.199314
111.57803
-12.080937
123.53972
-3.6730833
17.830109
81.6515
70.07093
3.42574
25.094997
65.15852
138.51543
-95.14338
104.07233
170.14522
-80.76342
-44.084244
-68.10294
-81.35918
4.266359
63.354546
-91.84925
9.024709
-11.66303
-3.9743028
83.94861
-198.14165
66.59146
108.738205
-35.59747
-25.45755
-2.8084064
190.1883
86.76411
-17.172264
90.78196
-158.40904
-120.21375
-14.338758
-121.87305
53.03713
73.27162
2.8762171
48.795044
46.29042
1.6407745
112.01313
154.93904
-76.001945
31.693914
23.118853
-47.90899
-27.672009
-176.35828
51.156624
61.773636
20.479818
30.045954
-76.874344
-65.79973
-34.792274
103.88603
-153.0384
7.3431983
-40.601524
95.89132
169.08499
-34.686493
-29.490715
139.76398
49.237827
67.546
-146.22418
-13.381006
5.399693
-58.957806
-31.90036
43.800575
67.760666
15.915159
-85.70411
110.25108
21.68762
-21.93296
101.64758
-26.849907
91.18174
28.733116
-20.863443
-9.066533
62.968605
-0.37573922
-156.635
-10.494428
43.672318
-157.78532
16.34673
-104.209564
144.03403
-106.2671
44.069847
3.2562737
-61.62239
-52.40202
17.3653
88.20197
113.23937
-22.45667
54.50483
18.572716
-30.526062
44.502506
-133.98143
-26.942558
-1.1312394
51.443546
70.087105
-2.604027
32.15155
61.852936
22.828793
6.0879316
-85.22658
-16.054733
34.764084
57.342567
-32.847317
-23.870972
-7.1809373
39.150528
27.978285
-56.281193
10.373529
36.543434
-101.61489
-41.07471
8.043562
140.7051
18.06259
-78.89263
44.790813
-19.128147
-20.146648
-66.89348
164.38846
20.108873
-35.155464
-49.20734
-23.540432
-54.62639
-91.600555
46.691833
20.396576
1.1307621
6.950939
-4.463938
31.95058
56.627106
-59.66456
-50.54283
-45.44253
59.42005
-32.496532
-12.16669
148.44826
-128.55937
39.87006
59.470333
-55.21049
-13.120666
186.65662
44.811962
61.472923
-109.746956
-18.741713
-114.99087
-117.890564
-95.04153
-92.7974
64.80599
34.56434
74.917435
-68.509705
-84.23624
24.283596
-7.4189434
64.923386
48.09824
59.36273
43.968388
-46.43278
-70.19668
11.802667
-96.06629
-8.741926
-75.79831
24.986633
124.27512
-34.96267
-44.48468
33.779976
24.962412
-46.184795
-79.72879
11.290822
97.83039
-5.198086
-134.14722
76.933586
-86.43732
18.139267
-2.548197
-50.093384
59.174595
-93.884926
-14.79924
-5.5621676
106.9412
-33.37678
68.18372
-29.042011
72.58502
34.63996
104.27831
150.34798
-47.86605
35.101597
-106.09347
-62.574116
74.126175
-31.194534
-124.52669
-33.784164
-73.46029
51.415005
-8.981109
2.1662507
-8.40271
-6.288025
115.26622
-79.39181
-110.051125
5.41634
-28.37067
-35.681072
-83.46742
-92.37332
-4.46041
-54.446598
116.41381
-29.851364
19.326426
-136.87177
24.892105
-67.80643
-36.158047
12.243468
-39.55436
-118.73938
2.2008185
34.1095
49.684166
24.177563
79.167404
-151.85982
76.2309
165.94296
-3.4073684
137.78603
-56.981903
-16.67493
-173.23999
12.202752
58.347404
48.17454
97.410484
-70.61256
-24.714605
-36.314785
44.658394
-81.85861
11.190044
-92.99703
5.692955
-102.098404
126.93979
-111.22695
15.921539
-41.447422
139.63387
-79.45507
-72.081406
-46.021053
-48.493553
46.780544
134.5909
-197.1112
17.00531
-209.06718
-28.878653
43.503277
77.57978
-88.9771
-97.115524
-73.44309
89.83815
-173.00743
-18.496756
183.94145
-107.03852
-67.61255
-89.73801
-99.95972
-2.0582292
44.85267
-202.181
-42.44925
-34.527966
-86.22062
4.8680162
118.67724
-42.683704
180.44145
107.3588
-125.47593
-67.88352
-139.187
18.720911
19.553102
-261.20544
-121.99921
-17.319122
-99.38667
0.32342425
-53.63433
125.69716
24.430542
-122.368095
-103.98984
13.894274
64.46024
-27.06139
8.2282095
-169.35428
34.796886
9.320071
98.37813
-99.502785
-46.240803
-15.833171
-68.0716
-0.6623143
-65.56044
113.05065
-27.476116
-95.61702
-71.99235
-3.3079448
-65.042015
34.524094
80.19947
21.927578
-25.136154
-218.06752
-79.32457
-25.630646
-151.6649
-21.71935
-107.69642
2.6059906
-70.709885
48.0014
19.7429
-35.5496
-83.91351
33.621426
-42.48647
-240.76225
34.07885
-18.589542
51.658466
-10.881211
54.80462
-84.24421
50.612114
15.271236
19.365406
-44.54418
-24.570799
-7.451724
-18.608099
-71.0722
-55.45323
1.2362602
18.408876
-41.75186
-92.942085
11.106975
-63.17733
17.483118
64.50273
-190.75621
45.093918
38.506336
-36.526657
-64.07028
-20.864412
15.553693
-10.867204
-11.052623
23.156565
34.038254
28.528698
41.723392
-2.0910976
22.498472
-10.355799
4.295582
-17.982027
-17.66017
1.4698212
-2.20797
57.165104
14.679405
-46.42403
-30.328785
7.622076
217.57887
-100.673546
43.503338
43.69296
29.224665
13.133009
-17.984245
-5.382596
112.69007
21.698595
-0.6289625
-2.9234512
6.267928
29.859371
-31.192678
-13.869827
38.089428
1.8266464
-13.01963
26.735392
-68.26598
-39.28985
-15.046841
-4.474175
1.7041876
-10.06258
-31.203197
26.284866
2.2984948
9.181261
-42.648888
31.982803
52.98945
-19.650843
-6.405983
18.070818
-19.114368
47.30523
42.175323
-22.182043
11.027027
-59.65551
-69.31601
-70.34057
-43.068405
-76.84717
-51.357788
100.43781
-44.65494
-50.49509
-15.801857
-181.29134
-81.8904
-62.363445
43.384747
-194.8616
-106.0422
-75.33747
68.07145
-16.624166
-59.85628
-124.10488
2.567914
167.79756
-99.22359
-62.724396
10.62271
-69.921646
47.311672
-60.861725
-52.008957
-28.168636
32.643578
31.101793
116.637146
-59.456245
-113.26318
131.89618
10.828714
28.560259
41.84227
-18.678024
150.86748
-1.0512466
-12.689668
65.98475
66.41422
96.47406
-85.24597
-138.59775
-29.048191
51.176235
-85.47519
-84.44245
-116.72292
-124.416885
2.1822894
-18.69579
-13.839903
-11.495557
-164.6541
-72.85682
96.73813
22.702236
-143.92299
217.37671
-39.01548
-96.05265
-52.80877
-12.970547
-40.18496
14.101987
35.176674
51.530228
101.036285
-152.48466
-123.81434
-235.75514
-77.13407
101.868454
15.705237
41.400593
210.88861
-168.91678
18.22703
-61.832855
-99.99053
-102.028305
-77.82611
-37.130272
150.09541
-72.57092
-14.082278
-8.010092
9.069128
162.4749
-103.89364
-25.840801
20.107878
78.07594
151.61694
7.3556523
-172.09578
1.0112321
-127.51185
137.25223
16.210651
137.02202
-7.9883065
-7.386699
64.50064
33.250694
-36.507786
-25.439604
19.64677
75.5518
27.019945
38.005863
47.22639
87.81407
-88.92931
-3.0273123
-290.37857
-129.06204
116.59955
-51.50016
61.17749
40.66248
-18.580214
-114.69644
10.963406
44.659897
-72.988846
-17.56435
-176.58704
46.48365
-56.590843
77.73349
39.83097
-61.904343
-78.30553
-49.685055
-13.83715
68.64798
62.46924
-25.611511
34.79893
198.73045
53.796864
-64.00798
-43.740585
-68.34706
-68.5753
-86.902374
85.50731
28.695215
126.98976
45.743256
-13.213041
-18.025013
-2.0581446
-54.672623
-11.279242
-7.250058
-243.33269
18.664978
64.21436
-98.764046
98.671265
-38.95703
-11.331787
0.6640684
-86.99851
-67.44182
-2.8253386
151.42487
-215.19058
80.18097
-50.900776
31.115099
-54.499638
12.541567
73.070694
6.0712285
-30.664541
-0.27998486
-110.33475
7.0684137
64.510895
-13.963695
24.149172
51.306763
20.365265
17.198074
56.517014
88.86909
-109.42174
-3.950106
180.02127
-59.7864
2.6712828
69.74559
8.036337
26.852573
37.57916
-25.760168
-0.18696253
-50.24069
51.234585
4.561407
5.644719
104.58109
20.351316
-1.0081174
-113.81875
-26.522455
33.447067
104.266914
-5.3483663
-39.58027
-95.176285
-83.44301
73.2604
124.30363
114.809586
83.75225
-116.44826
62.938377
71.2974
-113.72228
-21.423649
67.019844
-87.682
130.50388
73.590515
9.510525
-23.924059
10.765294
7.4711013
-44.957554
12.127739
-19.062881
176.46063
-23.40585
33.289448
11.871105
-19.209196
67.73158
-11.905896
-57.779243
77.347855
-134.68654
31.945032
43.029762
64.54491
-63.589317
144.09798
9.45359
-3.5363996
42.51833
30.533329
17.124329
15.502811
-75.99216
144.67992
-13.881473
68.604416
-70.25911
-76.30762
-108.93127
-69.78289
-48.586025
-6.1623545
-75.61009
33.079582
-52.889233
47.108253
-41.61874
-41.901836
-29.183134
-53.788788
-75.39458
7.6107693
-135.33656
-0.08419671
89.20017
9.978793
-3.3912182
-27.752007
-13.781481
172.25279
99.76416
6.2512345
-84.22526
41.898655
66.92623
28.255096
149.72112
20.062498
81.573
63.329575
-33.870777
133.54694
205.35732
-82.84033
48.63281
197.82245
-68.69111
214.65057
9.623524
39.249565
-14.251085
-3.3491473
-27.475
-59.408684
89.92661
124.26754
-16.99282
18.706596
23.044067
-149.1891
-109.07964
-195.2449
70.22371
87.71565
15.033879
-160.20262
-33.27597
92.92194
-27.028297
-131.55934
68.38816
17.298092
-43.824223
69.4703
-159.62387
177.74892
7.225691
-7.1205645
15.943353
31.870024
-33.086094
13.272277
-92.22458
-4.946768
99.195595
1.4237292
-48.910248
-14.080523
-26.160969
14.965142
49.79106
51.302204
4.3658543
-74.4024
-46.372116
-61.433395
80.05273
100.725746
-0.8651946
-40.740353
114.51863
98.00749
-44.469025
-90.536575
94.727005
87.24893
48.27873
25.427525
-121.84689
27.15653
38.405453
13.741323
5.3351502
100.30815
0.29580393
-6.081071
-182.33942
-66.56176
4.5819054
65.991196
-7.782513
3.6743088
-107.03906
-103.393524
-79.942566
89.34554
-42.367016
-85.8947
-105.99729
103.02879
122.88234
44.612316
-149.85754
146.90317
-44.682014
52.045036
-69.49858
-170.55359
-19.517876
137.25876
-63.80105
-22.055412
-11.555789
-66.483765
110.92092
-8.192184
103.59492
44.410904
61.774776
18.271456
-41.934547
-39.906548
-41.38552
83.91961
38.54837
-6.8556933
29.927765
54.64985
-5.6539536
-103.720985
146.35681
112.723625
87.6454
-53.84926
3.593887
2.2685726
-85.95987
36.58115
21.623247
-56.037487
133.00496
-35.13167
52.58954
-22.796457
-100.612434
96.391174
-54.886383
3.4023662
-45.179134
-111.17304
51.275955
28.37867
94.322495
-36.4784
6.072391
87.1588
166.34364
45.21293
52.433674
84.879326
-1.488462
-51.938698
33.42616
-25.811476
42.70473
122.106285
-84.088165
93.656075
86.69803
-157.21814
-34.863758
-60.27643
-33.089596
34.102367
1.3003899
168.92645
-46.125137
16.756626
8.432892
38.310806
6.9544206
51.777637
10.07498
38.238483
41.807713
49.961365
-23.353193
61.590534
-3.38933
15.070171
107.50991
11.990675
29.424175
-10.624985
63.970596
34.37405
64.356766
-5.669168
-32.71299
-53.164658
-77.297325
-74.67591
12.78209
21.797987
-135.37154
-49.35217
55.15325
84.85892
-29.155272
34.559082
-3.2141569
-66.338356
-0.0029459123
100.3352
17.915064
-73.40367
159.20227
45.144726
-168.39935
71.59444
-91.23632
-259.54092
16.46972
24.738464
42.450787
-16.743315
36.75605
-17.73896
-43.16963
-97.413605
-11.986712
-90.13381
-74.82985
-180.86044
3.9971619
41.50966
-0.500467
-82.66555
-53.08154
29.206541
-94.30336
-150.89532
-63.021526
89.70222
49.21017
32.88111
37.162537
-184.11337
-65.275345
103.358604
-76.25054
74.23218
-41.295467
-98.863075
-5.857868
-181.20493
45.282677
-21.974041
-30.75949
-17.389036
-47.70969
-220.3298
-160.94821
50.60341
-59.97914
12.672653
-56.42099
-2.2651737
-97.55421
-11.630728
74.13304
16.90372
103.06364
-61.812965
-67.59264
-20.91491
-105.7852
17.736816
129.55774
-82.47559
-0.6690189
-39.962563
-82.52823
3.1534135
23.954466
-7.600257
139.63824
-35.628796
47.38754
-238.25035
91.66297
21.493578
-87.82835
3.4405727
77.092476
158.34074
-13.863548
16.326683
53.007946
-60.41175
36.043495
97.176506
89.081924
-57.85068
-5.655314
-11.022752
-120.0976
26.264622
43.097343
-127.524475
-17.532482
-45.960526
-1.2881652
-185.16624
37.39122
1.236386
118.36889
50.939796
79.24748
-147.28679
-0.6893819
23.34464
15.703262
83.2049
10.626148
42.006157
0.5545382
105.39687
-111.79877
36.044636
-120.59171
-1.8968526
-37.688244
-99.89076
58.181507
-12.435918
1.8993174
4.600672
83.90559
-108.30938
33.39214
-0.23668346
-161.30562
112.69589
-9.464768
-9.348072
0.27448192
13.518246
33.390415
-65.097694
-49.808178
-1.8024096
130.15828
-84.24601
-25.622768
55.83614
5.0907774
11.652161
0.28328308
38.95461
-90.68509
145.53029
71.761765
-93.86997
4.25079
-7.477349
-1.022507
1.5714935
0.5958473
-5.4296303
0.2027544
4.3733797
5.8088274
0.73557734
-0.2559038
6.058581
-7.5738006
12.609621
-1.4249988
3.8794916
-0.3103987
-0.22389321
1.1311988
1.4975799
-3.185183
-5.6447225
3.761673
-0.0484769
8.961146
-0.12482534
19.327051
0.38177428
-11.844852
1.1443338
-8.030287
8.547682
4.2271767
2.955092
-2.6997898
-0.79682547
0.93893653
7.320625
-0.2742172
1.919477
1.0280205
-5.7406745
-0.9461519
23.075792
8.379135
-0.07370541
0.23558319
2.0259964
0.2212252
1.9021549
-2.4848104
-10.107941
-7.779661
6.24258
-3.2804143
-0.26101205
0.63959545
-6.056464
-0.5517437
-10.40421
-0.15347068
20.870079
-12.6375675
-4.9195676
-9.333361
1.1492941
3.6009665
6.0364237
0.61760247
-0.66842115
-0.24571863
-5.892206
-7.0468016
-9.0977
-1.4378002
-6.402481
2.3781323
-2.2771823
-4.0134525
-3.4659655
0.3078947
3.2644558
5.505312
4.4836698
0.43604615
6.8216424
4.2146764
-10.017429
0.019504568
-4.6531425
-0.9550326
-2.18825
4.8519154
-3.352077
3.4319453
0.59702706
1.7856754
2.6723232
-4.424735
1.1756891
-8.425937
9.735201
1.3747566
-10.957709
-1.1476903
-2.008119
1.0167154
-5.4924626
-3.1710386
2.9871535
4.6412044
-3.3381538
-1.0271986
-6.4759436
-5.1764655
-3.1854434
-2.9519186
1.2043642
3.4547496
-11.888551
13.500278
-9.467798
12.830481
3.7649698
-0.7633449
-5.2925725
-1.8563234
-1.4667354
-11.031868
-13.048693
1.3558031
1.4824216
1.4436464
5.3775206
0.57046854
0.20757242
-2.850265
0.94946563
-1.9042199
-7.703462
8.01917
11.268133
2.5345387
-5.0568676
1.5462226
14.617259
-5.752
-10.164729
0.02916378
-0.59799767
-1.0022699
-13.801953
7.086527
10.622537
-8.151713
2.8350575
-7.629774
2.7835705
-7.194693
-7.3121133
0.87750685
-5.000089
-1.1039187
-2.557305
-3.9990888
-0.08413929
3.9520628
-2.1136696
7.748865
7.737274
10.719823
4.43029
6.266057
3.3771439
6.8660135
-7.163562
8.080479
-3.6169012
-5.1701093
-8.370195
2.4488487
-9.048989
-9.588961
-0.34400418
1.7963377
-2.6062295
-4.387941
5.3381042
-0.26299545
13.070964
-10.060701
17.938637
-0.5953267
0.42858315
-5.181325
0.8441384
0.7017325
3.729612
2.7441032
-2.1639233
-5.2713504
10.585859
6.263537
-8.152326
3.5073004
0.6867665
6.496956
-2.092535
8.1952505
6.7816296
4.0230207
-1.2546324
6.5973196
-2.1076894
-2.22182
0.12985246
2.1541076
2.1257384
-0.32029745
-1.2645792
0.3838781
-2.3145647
-7.737711
-2.6843395
4.5030847
-0.583282
6.82786
4.865433
0.8577438
-1.3292238
-2.9078686
6.275266
0.10962542
-1.8855714
-1.1925459
-1.9445361
2.3840187
2.482604
-0.65621275
-6.7235622
6.7981534
-2.2827864
0.97475445
4.5915165
7.6575756
-6.4021482
-0.59214187
-4.4350443
-1.9634864
-9.415816
3.5888298
-0.6271722
1.3182116
0.29861546
4.4564385
0.7708873
-2.7646813
-0.4118562
1.3971661
-4.779845
2.2935164
-3.3352325
-4.0971107
-9.533803
4.748879
-2.7470865
3.676251
1.3361039
0.30992967
-3.0119746
1.9550265
1.2619008
1.2648768
2.8570278
1.316569
-0.80023205
-0.30751035
4.1674824
0.3972952
1.5749943
-0.9369357
-6.7985096
-0.95468193
8.757712
5.949137
-3.8698952
-3.7207983
0.5342106
0.56004137
-0.19944486
-7.408532
-3.9395432
1.528309
-13.458782
-10.3974085
-6.147619
6.310603
-1.1473333
2.5452185
4.168521
-1.9283603
9.108473
-1.8505747
-0.11758448
0.58723205
11.383247
2.061033
-2.2295048
3.130603
-6.354633
-8.107773
-6.798576
-6.4655757
-3.7034707
-2.428661
3.2146223
5.6478915
-12.192151
-12.371922
-0.15152638
2.897597
11.170318
-3.947732
3.770028
3.5673473
1.6986616
0.3119732
4.953745
0.060820196
-13.084165
-4.3466015
3.7418509
7.9878454
0.8995589
2.819912
15.729561
3.5360978
-3.8915834
-5.2129517
4.446266
1.2497168
3.668346
-0.5566314
0.09650249
4.8172073
-1.4689739
6.610725
-3.4933105
0.8565319
-0.22239615
2.379713
14.482734
-2.0078986
7.910097
4.8131137
-6.9841557
5.539999
-7.2284904
2.4503994
-1.2505722
4.3491807
2.6590204
-2.3354797
7.2619033
-3.0425422
-5.2820616
0.9139173
-6.127676
-0.11791366
5.596156
-2.817262
-3.335669
1.5787078
-6.430733
-3.2177548
2.6863546
0.6833717
-0.71100914
2.6942508
0.35926455
-9.288254
5.0228963
-0.16960545
-2.8299162
-7.021241
1.3812634
6.080103
6.9129825
2.2912376
7.2917466
6.1700277
0.012208386
-7.879896
-7.385426
3.748313
-10.226088
-2.0079927
-2.6177044
5.445129
-3.1449702
1.8671796
8.256137
13.113778
-6.4957256
8.876237
-1.7746478
-3.6304705
-0.90119576
-4.006254
4.6078525
-0.9792451
7.54399
1.0383886
-0.6309808
-2.9349139
1.5688536
5.244162
7.3696866
1.3413863
1.7922201
-2.546685
-1.4093127
7.415588
8.810182
16.839859
-9.854693
-14.63952
14.890535
1.1552858
-4.896879
-0.6628666
6.1802883
-0.72928923
-0.2669976
-0.48757085
-4.122295
-1.0983243
0.9004097
3.4819279
-4.3038416
-3.711485
2.2338688
-3.4106271
-3.6390152
-5.1559873
4.3963614
-1.3579544
7.4955544
0.6921145
-0.9038888
0.48599604
0.9228332
-7.741731
7.8326135
5.0678678
3.2119637
1.5179482
-6.2317963
2.8231964
0.1698605
1.23952
-5.61574
-3.134127
-2.473956
-5.528977
-7.7156696
9.01198
-7.716131
-0.7792065
-5.470097
-8.80501
9.036219
0.8028249
1.66194
5.349883
-7.000773
-8.298846
-1.2262111
-7.352126
5.8152866
-1.9332725
-0.71789825
0.356344
-10.586067
0.68090934
-0.18846072
-0.31402254
-1.9154004
1.1896809
-4.13563
-0.65628594
-0.047850538
2.4492092
-1.1143167
7.6935086
7.625996
-16.861446
2.8998282
6.0759273
-3.6679718
-1.6279788
-2.8329735
-7.0042753
-2.2871675
0.0932858
11.987882
21.895918
4.204661
-0.43586153
-3.6507246
-8.594497
-3.2804694
1.0017297
0.5369602
0.18319371
-4.657634
15.317463
4.1719823
8.312843
4.882665
-0.20110594
5.0741825
2.2195506
-0.6890393
-3.0363882
5.5922017
2.1259756
-7.3918886
14.492918
-3.3127744
-2.1279542
0.03870301
1.71905
-12.803091
2.3954709
-5.064154
0.77767015
-1.1410396
-1.7629569
-2.3912556
1.2854108
7.201974
1.2796086
10.970063
-0.05835711
-7.078972
-9.3652315
-5.105924
-3.6374762
-11.4953
4.6896477
6.9008646
5.2323756
-2.8267267
3.4119318
-13.514359
0.96818125
-3.6535375
-1.7657169
-3.6330714
4.5762043
-10.499216
-1.7832755
-6.0072117
4.3120003
0.5966818
-8.030784
-10.708442
-5.158793
-5.5115695
6.7557335
-4.2401185
9.773863
1.1952406
-3.7112706
-0.9597586
3.083323
6.2087355
-3.2692547
-40.977062
-0.7149455
-16.425829
-10.785205
-18.264154
15.731721
22.118587
-3.2741284
11.484522
-26.071562
-1.3891317
-5.620538
3.5184698
1.1332115
-4.3928385
-4.4023957
1.6663114
-5.934676
5.3802752
6.971083
21.660551
-9.849255
12.995463
12.488184
-2.1976655
-15.744604
18.47134
-29.521172
-9.165521
6.4414883
15.327697
3.3022532
-3.9963477
-2.932374
-9.585113
-5.445892
-5.878573
1.3035566
1.2640316
0.089910254
-6.7583337
-1.2602772
-0.3903654
-2.686057
6.2358537
-7.6082053
-21.234365
1.1126685
-4.7548246
-0.3358062
0.8449648
-0.1154517
-4.048943
-0.59588695
-3.7772746
3.7963853
2.2809598
8.592692
-1.3792729
-1.8837547
-13.210683
-1.8383291
-8.309744
-4.661711
-0.2743214
23.22901
-4.4837337
-3.6141443
-6.343562
0.37950715
-11.793242
-2.4747567
1.2679231
0.09151024
3.4679215
4.5834
2.1641755
-3.7906835
-5.6115737
2.1670942
-8.775245
2.7503486
-1.1816689
3.6340268
-1.8733305
0.49226534
7.1982493
1.4149474
0.9981169
-0.80304646
-8.607631
5.239296
7.985353
-0.8545933
-2.5842485
0.7402643
3.271567
-4.578676
1.5166355
-6.0140915
5.4551125
-5.0808134
2.830175
-6.248567
-5.26549
-3.5093315
5.0756717
0.45882696
1.6868769
-1.2874147
-2.4058092
-0.080281794
1.0042306
2.7371993
-6.7711806
4.603915
-0.8193871
-4.770194
-2.1770704
-4.726544
8.695939
-0.47126427
-6.135662
-4.177476
-0.5912594
-0.4338312
8.838257
-1.0046282
-4.310756
-11.217609
-10.549316
0.5841077
-9.885031
0.16826655
1.322899
-2.8490317
-3.973563
-1.6075258
-3.011567
3.3907547
-3.9950995
-2.6624002
9.385672
4.9760127
4.067367
1.2392458
0.70406723
-4.6596174
1.8478291
-1.3950256
-4.410365
5.339583
0.06733311
-3.5123487
-2.7225401
-8.30565
-0.17499417
-0.017820068
-0.6700695
1.8680799
2.2471037
0.86380565
6.051349
0.034190338
-9.2455435
-2.3938081
-9.421225
-3.3364055
-2.6514173
0.40901348
-1.9296949
3.108981
-2.5537755
-0.55717784
-6.454085
10.251847
-3.807799
-3.192061
-1.3357241
-2.730247
3.1877117
3.716781
1.2001854
-0.7006687
-1.3406541
-1.8679304
-13.629471
14.701253
1.348561
-10.2214575
-2.2138877
-12.648757
-13.7390995
0.7162377
-8.914974
2.4816775
-0.20689864
0.66553134
-8.322593
-0.72371674
5.9551616
-11.448056
-6.911745
-4.2532625
-6.2522116
-1.8612549
-5.4504576
-15.988418
-4.9625735
-1.3089006
1.7379017
1.7890706
-4.184765
-3.2205722
3.0357199
-7.4221215
12.694183
3.424918
-2.520624
-1.7385451
-11.901264
-9.350744
-3.2242897
2.4592865
-6.9029555
5.0970383
6.452876
0.82839185
-9.794686
0.07446624
-12.000708
2.7699118
2.2348514
-4.813731
-9.4649935
-1.258499
-4.6092606
-5.2856627
-2.8624318
-9.016259
4.8360696
0.32765678
5.803775
0.81505644
-6.194755
-9.700059
0.7145398
-7.69304
-2.2173412
2.2548168
-3.7304313
-6.3982244
-0.19831827
-0.54631245
-1.4509555
1.2402385
-13.777691
-1.3492008
3.8161774
2.582466
2.6374507
12.3202915
-0.66789234
8.261897
-2.3383744
0.55208826
3.6376004
2.393861
-3.1947517
9.428212
-18.898233
-1.6363492
8.32957
-1.0422486
0.694461
-0.69960636
2.6298745
-5.072898
0.629439
-4.869752
-7.01266
4.776287
10.516004
-8.500161
-1.109207
-2.4399753
5.257008
3.7725286
6.092299
-0.083000384
4.5360484
0.45868495
0.7930943
-2.3592308
-4.1927342
1.724259
3.7888153
-3.0041165
2.2096343
-7.310878
-2.97501
0.5941235
2.0099783
2.2386668
-0.2841189
-2.2821813
7.507702
-0.26333177
-4.228998
-4.272919
-6.8769855
1.3868092
-10.167883
0.7989062
-4.5324774
6.330506
7.3377767
-4.341972
-7.912998
8.309042
-5.443632
1.7759135
-0.38679966
1.6487005
-12.81029
-0.08470904
0.9147356
0.033262353
3.040435
12.351424
1.9722631
-4.1766515
6.102661
-8.236576
-1.8526589
-2.5024076
-0.05106636
0.79302436
4.732476
-1.3808156
-0.05181204
11.37724
6.241414
0.87007475
1.376258
3.2424352
2.5502768
9.688276
5.0644846
4.3286986
-3.7621427
-7.645321
8.59339
9.042553
-3.4962125
7.2908645
0.690759
-6.2017994
9.864395
15.763268
2.5101926
1.4864249
-1.1996918
-4.5335507
4.208503
-4.5600357
-14.695697
-4.5128827
-1.6590519
11.8093
1.8833021
7.4096637
3.5056226
-0.06246996
-6.4724965
0.036623143
-0.6197154
-4.0692153
6.835056
2.940646
-15.689794
11.013424
-7.8808694
-3.9128318
-0.7619881
-1.9928384
-16.70914
6.3848653
-2.7209027
-3.7270775
-14.07355
9.797566
0.34066972
-4.442755
5.1782885
-1.6394417
-10.945863
1.8934534
-7.597216
-4.8349385
-18.85435
-2.5891116
0.3508127
-2.036886
-3.603425
-1.3943403
2.9032004
-2.0298562
0.99761975
1.2110455
-10.314883
0.54059696
-1.3864237
-2.930228
-5.3534245
0.36515474
9.778986
1.8329183
-0.9666178
-2.7392602
-2.1832185
-1.8901337
0.8795877
-18.326061
-2.8019066
-1.0582768
15.715856
4.697331
-0.81378263
1.2743686
-6.6293035
-4.2611303
3.6961713
1.7104158
7.8880405
4.872112
7.9758525
-4.9895506
-7.5638146
-6.137531
-1.6425651
2.4702735
-3.9968693
-4.349078
-0.9369239
-0.57291377
-9.000627
1.8035855
-0.038058348
1.8128537
-3.6255374
3.052067
-9.259206
-2.9197395
-6.0448627
2.5566459
4.7950463
2.8982642
0.17491922
5.170022
4.715125
3.7019691
-3.8892221
-6.286774
-2.4072642
-5.542475
-8.104667
0.23505956
-9.401685
3.6069338
8.674367
9.737319
-2.043337
-2.2289853
-6.448192
6.285297
-1.7219604
-8.989115
-12.148733
-2.0637212
-6.142999
-0.46072522
-8.74291
0.38537648
-1.380586
-14.132654
-6.246481
-4.51195
8.805235
-6.252341
3.0261266
-3.3102906
-11.592481
5.251737
3.4989078
-9.4889145
8.710567
4.9826226
10.537281
-9.282669
-10.003625
-1.6177499
-5.9638333
3.6767404
9.895504
1.5081322
8.683842
11.934528
-9.65525
-5.4092455
2.9321303
-3.2199566
-1.0112833
5.0868998
-0.354214
7.8663816
-1.436395
0.18067627
1.7672759
1.6991463
0.07158214
-2.0180972
-8.816127
3.1169217
0.802395
-6.7973747
-2.9432824
-5.9537773
-6.565938
3.3871999
-5.6345644
-5.318127
13.420014
4.268553
11.930518
-6.4643435
1.5787241
-2.5955565
0.44287705
-0.2104305
-0.043576933
1.9347265
-3.3875997
0.39630342
-6.1347017
3.088625
3.4114852
4.3022885
-2.6938775
0.32404593
3.9091816
-2.7250535
1.6285642
-0.15408723
9.630773
2.3294141
-0.8759868
-7.317642
0.19675055
1.0483906
11.498848
-2.8450444
-3.5289378
-1.7519852
-1.9562409
4.738947
-2.8674173
-9.0837145
3.612079
-7.4840918
3.268293
5.2521935
2.3381503
1.4093828
-5.040293
-0.1442477
-5.05905
0.52553946
0.107440695
2.2333925
3.1264994
8.276924
2.639751
1.5661167
-2.0852017
-1.5980892
0.4367116
4.1054506
-7.1980996
0.8605189
1.8401142
-4.5930915
0.3949997
8.988458
-1.1841795
10.720982
6.398314
6.471475
9.95338
4.05651
19.657534
-5.09197
6.9957705
1.1428609
3.0831964
-10.547722
1.1278706
3.582176
3.1735063
-3.2536058
1.3819139
1.0269835
1.7140502
-0.40814063
19.495132
11.306246
-3.9097404
-7.535446
-7.341008
-4.4035254
-9.675574
-8.254206
2.6864913
-6.648417
6.197578
0.46446273
-9.581588
2.2061224
0.88863873
-8.705478
7.455067
0.45047012
-2.186082
-2.75016
-7.080462
-1.6832114
-6.807346
2.2632983
-3.9752257
-2.3219905
9.008118
0.7386158
-10.606054
0.727975
-9.73345
-0.5523851
-4.805726
-3.128966
1.6997687
1.7772359
-0.46416697
-4.6104393
2.2231517
2.7242866
-4.578705
-1.9852358
3.4281578
-2.915083
-0.6429315
-5.0467267
-1.0933722
1.1092467
-1.7322088
1.2751042
-1.1210406
11.576712
-4.0693603
1.2071478
-4.5249343
0.0031157434
0.12860867
-2.6981905
-3.7541823
-2.6852252
-3.8565426
-0.341962
-0.89206934
6.980641
-2.194545
-3.7772276
-0.3530604
-1.0058868
-0.86425567
4.3949704
7.7405043
-0.24620555
-13.585258
-9.890489
-6.193235
-4.424482
-8.57356
5.0884967
0.42628232
3.6765013
2.3571043
-4.9703913
-7.2455153
0.15217534
-5.4589124
3.5337772
0.11170842
2.4366524
-2.123996
-6.0087376
-3.3704693
6.808868
-5.556561
-7.8967123
-7.828996
-5.7485275
-1.2510825
2.6281598
-12.40716
-3.1915977
3.6002347
-8.187369
-0.16219242
-6.0286565
8.423114
5.146576
-3.8728817
-1.5180428
2.9902833
1.7386329
-3.4694018
5.7671394
-1.0871055
0.4786994
-5.853275
1.6294303
2.6240065
-1.7872423
3.7885656
-0.8411768
-0.48447156
2.6931698
1.8037399
0.875638
1.569919
-2.1929078
-1.5751476
5.0521116
-7.9672956
1.3557352
1.7677785
0.15978916
-7.465316
-2.1447253
1.131949
-0.9022304
-2.8706493
11.013573
1.7924253
-2.2603288
-3.7432356
-1.0789329
11.046425
-0.13185644
5.792653
1.5080245
1.8356092
-5.471457
2.2871706
-12.28016
-3.3432276
6.703366
-1.7672184
6.073697
-6.4180064
0.6824314
3.1265852
1.8206557
0.67414844
-2.1698987
5.719531
2.1138334
0.05775386
14.735824
3.5173478
8.970787
2.837773
2.020349
3.243979
18.458082
6.143042
-12.040808
-9.369536
-6.519509
-12.827384
-2.5449996
-4.5677915
-4.462777
4.40811
1.9014206
8.001475
1.2391312
0.6898099
-8.936634
-8.766475
1.9997575
-1.219572
-0.15784205
-2.0504065
-2.4823067
-6.084059
0.5338762
-9.194751
3.5381012
-1.9242021
-6.3968887
-1.5958347
-2.5544708
1.6447164
1.7706838
-5.2080426
-10.90622
-11.281108
-6.277944
-6.625344
6.347176
-4.0800796
-5.4736986
1.051453
-3.8025792
-5.387163
-0.5696783
-1.1918033
-4.265082
-4.7568173
2.3786647
6.42246
-0.26309454
-0.45632434
-2.4868827
0.32149583
-6.1560736
-1.3255435
-3.712009
-9.369789
-1.7567983
6.242777
1.7610222
-2.612464
0.7380658
-0.010873373
-8.251279
12.070025
1.233978
-3.621868
-0.38125217
2.5657866
-0.09233324
-1.2501805
-2.0776463
-0.5069539
11.248844
2.0374026
-0.33405662
-6.6589117
3.2838356
-10.1303425
-1.3165174
-2.6624196
2.159404
-7.9223313
0.19714619
-8.697894
-4.046879
1.7924002
-4.8554463
-6.276735
8.621442
-1.1427199
-3.8011796
3.8675058
4.942255
-6.149921
0.460431
-6.717937
3.5055268
-0.53743255
-3.5923095
-10.329585
0.44666216
2.6404777
0.44549578
-1.0052685
-8.135698
3.761596
-9.964
0.41139007
2.5399163
-10.422024
-4.2436604
6.193922
3.1596775
-4.0387573
1.976135
-9.751209
-10.013583
-8.338515
0.4326984
1.6078182
-2.936541
2.8015895
-2.0358512
8.996776
-7.9530478
-3.7883608
4.5695734
-5.403192
4.744582
-11.368146
1.5522177
-5.618956
-2.8404343
-2.1073349
-4.3646235
3.8116183
2.7297897
10.435003
1.4916621
7.263775
4.2854934
7.5182652
-8.634665
19.34209
3.7086873
-5.8198314
-0.050535873
-5.585696
-8.338526
-19.31946
-2.8264837
-10.071599
-2.3490222
7.2241755
1.169388
-11.8279085
-5.3597336
4.876035
0.34492216
-3.286877
0.7535102
9.913884
-5.9118404
-0.7055929
-0.023396779
-3.0492868
1.1308892
2.9577947
-0.44517204
-3.9136975
5.1001997
-5.659435
-6.693277
-6.933855
-0.90723693
-1.6638011
-3.246037
-2.4510016
1.1371557
-1.6167603
2.8345602
-4.320305
13.898455
3.6755474
-12.031485
1.901019
-1.3766707
-1.1059664
8.20838
3.4804363
1.5359482
-11.719067
-9.1057205
-5.7108116
-4.5428314
-2.3566725
11.640089
0.7950918
3.5887127
-3.6397898
8.420673
-0.19080424
-0.14599183
-5.038646
1.4647099
-2.7510304
1.8589092
-8.318516
1.8237774
-1.388458
2.1945593
1.636222
-5.5279083
0.2828478
-4.10431
-8.84977
-4.9839783
2.0536962
-1.1761734
10.210425
7.735695
3.248366
-2.0192263
7.40049
4.746037
-4.5693593
1.5351396
4.173944
-0.5961955
-2.4770617
3.3482795
-0.46072382
2.7429507
-8.458689
0.23171009
-4.2792172
-0.33970845
6.3565655
0.8247431
-5.3650036
-0.9866942
0.5556897
4.8664436
2.9739928
0.09843328
3.520964
-1.6473435
-0.23956878
1.345051
-1.0085711
13.001831
-4.2051682
-9.209202
11.031838
4.38621
0.29811633
-1.0316578
4.1936564
-2.0569105
4.9360385
5.256898
-4.0124717
-0.36075428
-7.2187667
-6.5720205
6.4119935
4.0532207
-6.3255315
8.250721
-3.2675538
-2.706521
-10.068311
-14.380186
4.5271235
1.4438742
1.2297705
2.4657753
-0.78072345
-12.038114
6.1646576
-5.1590557
-2.4663992
-0.16982917
-2.5462685
-3.7927163
-11.292106
-0.3356582
-0.30207962
-5.417023
-12.373755
4.59769
-2.2234933
7.745775
-14.24353
-0.934395
7.4433093
8.132373
16.217365
-2.387007
-0.4776955
-4.061655
8.530722
1.1028718
-3.9719918
1.1798099
9.18338
1.481958
-3.752075
-2.940631
-4.2464757
0.88154995
-2.0864832
-0.9208521
-1.5993564
2.2781343
3.3868082
-3.1377113
-16.384531
3.158024
-4.8618197
-5.389986
-0.7838503
-6.7513757
-8.302817
6.434733
-3.1182926
8.607929
-7.7084627
-1.883087
8.14566
3.1338549
-9.544926
-1.6310463
14.474156
1.7761106
3.522205
2.2002892
-2.0173557
-3.6928885
-0.42130417
-14.000863
3.2134702
-0.8388211
-0.17423204
-3.1857264
1.5513752
0.28735998
-5.335807
1.8665147
-0.0049812836
11.515975
-5.8758817
4.7184863
-11.102945
-3.929801
-6.7762227
-2.6638536
-1.7619014
8.695332
-4.7626696
6.707079
-0.5034474
4.1211824
-13.495889
-3.051704
8.229415
-0.9662817
-3.1281703
-5.695951
1.2357056
1.1521522
5.5826187
4.004041
-3.5005515
-3.420241
-2.2190778
-4.6473036
-0.7296733
4.044887
1.7787135
0.3264246
-2.974917
-0.33039272
-3.5151072
-1.2718098
0.8336284
5.3052654
5.846444
1.3136699
0.51508397
-1.9780654
-6.0557384
0.8334697
4.9154096
8.962466
-5.3475156
-7.099073
13.51688
0.031576555
-3.146057
-8.532074
7.224819
-0.5337028
2.8500133
-2.1478534
-1.3330495
2.4165397
-6.8817806
-8.022149
-0.012719388
-8.0422945
-6.5415177
3.1078002
8.145121
-5.5134196
-6.644092
-3.8301475
2.9172175
0.59083617
-6.831744
0.28472787
-4.047757
-4.799362
3.687364
7.0305505
-5.035092
-5.2347555
-2.1581063
-8.010575
-10.405213
-0.29822403
-2.3932135
9.7454195
-12.007272
9.46121
2.0741045
-5.369632
-3.0804768
1.4866347
-5.5142994
3.5912316
1.8120286
-0.21282004
-5.031234
-6.9092245
-5.5786943
4.4355574
10.811842
-10.99975
8.349833
1.7193743
0.9143968
0.2420501
-3.3270493
-0.96711284
8.534595
1.1461676
-0.9751993
8.819271
-2.637832
1.155234
-7.131579
15.487768
1.0123657
0.3948339
-2.5121305
-0.054866616
3.451174
12.831423
-0.1600597
7.6093173
-15.017064
-1.3494203
6.657896
0.3310065
-2.2219586
-2.4261136
3.4055457
0.34206036
0.9556658
1.5090857
0.72696954
-1.8065091
0.46342444
-0.41739208
3.8944306
-0.049322143
-0.95980024
-1.5213177
-0.29590923
-0.104206525
0.6733741
0.8446399
0.17210932
7.4864182
-0.79542154
0.9628671
-1.4679449
2.6287959
-2.4650626
-1.1934451
0.15941198
-1.6579227
-2.7832196
2.3833523
0.5521688
5.936354
-3.3711073
-1.266263
1.5944037
-0.49574217
-2.3254156
-7.876663
-8.791529
3.7669415
-3.3445702
-1.9541379
-0.09812799
-5.5553036
-4.2855716
13.728998
2.7008152
-12.20039
-1.911276
-2.2300584
-1.991864
0.3857879
-1.595301
3.2915642
0.08243349
-9.911621
-8.6287985
-1.4822882
3.7266555
-14.993394
-3.9506347
-8.878533
-6.7751846
-5.900671
1.2280414
-4.652647
-11.731637
3.959904
14.377541
-2.1093256
-12.665461
1.7515066
2.9535544
-0.37166837
2.8198776
-0.41925
-8.661998
-4.249484
-6.23429
15.671785
11.894474
-19.251541
6.9810343
-7.123626
8.306166
-8.975818
1.2144644
1.6448561
0.9389216
-1.1764593
1.3517811
9.515524
-4.984864
4.8655934
5.8123794
12.723979
6.261339
8.8768
7.9292192
2.9016407
14.322872
-2.1157632
-13.212922
-12.936493
-2.0547428
-3.4245555
10.436327
0.6729021
-5.962965
1.4449729
-2.9399643
2.4528494
-0.6365401
0.019913785
2.183621
6.3560953
2.8788831
-2.2527611
1.2492505
-1.4473581
3.2486906
5.194839
-0.23292671
0.5484198
1.3196131
1.1009643
0.91772944
5.321827
-1.2644728
1.2110131
0.39077407
-3.5121028
-4.176787
-4.274607
-5.372882
6.0560284
-4.5307646
-12.352365
4.6872325
4.6198435
5.8816805
9.482084
1.5351652
-2.4115677
5.320644
5.1410537
-0.49217433
-1.9910215
-0.21944566
-2.473236
-3.5921216
0.16282041
0.71279204
3.2646515
0.41393927
-4.34003
0.3454612
-5.5735307
5.184313
0.6351437
-9.187201
1.4114141
-1.9878494
-11.304935
1.3773558
-0.93369424
-13.825512
-1.1237499
-7.427172
-4.3217416
-2.4491982
4.852763
-9.982639
-1.7528635
-2.4662993
4.5172524
0.95697916
10.056499
-11.270692
-1.5832474
8.765665
10.35238
-2.5851977
1.2020439
-3.2675664
-3.8654165
-2.7055004
14.969396
-0.8538032
1.7463663
3.5020695
-1.0871509
4.568206
1.3660591
5.2460985
1.0953534
4.551062
0.9068126
-0.09783833
6.934006
1.9458635
-0.8567868
-1.6067965
-1.3853282
0.0796447
-0.45457798
0.32509008
5.6802526
-2.7816637
-4.8703947
-2.9948964
3.881258
-5.048153
3.329926
10.939363
1.6100221
-1.8374615
-0.23776053
2.0689254
-0.4648098
-12.366248
-2.9661767
10.336055
-0.3722499
-3.8814435
-10.389813
-0.89403915
-3.1157324
6.664645
-2.3148706
1.2883039
1.0160109
-1.715394
1.1721559
0.54055583
4.6082096
7.3719325
2.1773453
-6.869898
1.0939825
0.4957416
2.2221243
6.366654
-4.1948967
9.986306
14.602588
-5.55239
-6.018171
-12.453751
-5.735812
0.9287503
3.2605145
-9.306819
0.86840034
-12.2244625
-1.2917062
1.0608442
0.08597774
-4.4938564
6.01363
14.719764
-7.8588004
-0.07894324
3.9106073
-6.6185718
14.18876
1.5210898
-0.37837958
1.2801104
0.32862782
-3.5492299
2.8593814
-8.845831
4.0166903
6.155375
10.1797495
10.529151
7.3106327
-0.9854711
3.3663883
0.23903011
-10.733137
-0.24534766
10.862047
-1.3751944
-3.8068266
-0.82169557
-4.7521877
5.212617
5.0254974
-2.560282
0.9755385
-4.3001943
-3.0081265
-4.61331
-1.5342562
-6.057602
3.780786
-2.9458292
3.3260858
5.2296014
4.137301
-0.398426
-0.02546637
-0.07386154
4.80817
1.0531464
-6.963922
-0.40769407
0.15680854
-4.6219697
-5.3882403
-5.0735154
-6.826858
-4.567353
1.476839
-8.464389
-5.124411
-4.3692274
-13.110316
5.5714917
11.144156
2.1190407
-3.5840151
-6.7892146
-9.773789
-1.842298
1.386235
-4.0007405
-2.177373
5.3609757
1.1986746
-10.906028
2.0547714
2.2839131
-7.483886
6.5963583
-0.82341456
-12.733039
0.3340499
13.383069
1.8910553
-0.7241797
2.8339362
-10.919115
-2.2635298
-0.35041276
-7.4365654
2.9005167
-2.086759
4.01584
-6.0324855
-0.9581656
-0.89611167
1.7838404
-13.343301
11.151713
-4.81367
-1.5887233
-1.2649354
14.605784
6.6249437
1.6930364
1.8784521
7.8525434
3.156199
-0.64558125
2.6613567
-4.7469583
-4.3057466
-7.12826
-12.155895
5.4907675
-13.622213
0.55298346
-0.06595897
-5.607632
-0.48829088
-0.01610345
2.4797835
-6.4066043
-1.9635482
3.38498
2.7860405
-11.2307625
0.3847966
4.175206
19.09505
-11.527162
-4.0882053
12.003718
-13.163753
-2.500586
-3.3647711
-0.88100165
-0.35532463
-1.7998023
-3.8383534
-2.097705
-0.258827
0.42536423
-1.2039976
-2.4496596
7.0793223
-9.006859
-3.2770514
1.6168067
-2.8418543
25.262592
-5.1300316
3.2385201
-0.19048856
-6.1164026
0.27701357
1.2451968
8.4783745
2.788008
4.502702
-7.763351
-1.6209522
-9.611915
-1.442759
15.177074
5.812613
-12.7295265
-3.8406115
-2.786095
-5.3285456
-1.8256572
6.4166865
16.167963
-0.84025234
-11.110338
-6.7449727
5.7543373
0.3516651
-5.381581
-4.4821024
-4.862892
-3.7624104
-4.2467937
6.866821
0.1475555
-5.1989093
-2.2749262
-8.161204
6.402763
0.50714475
-3.4572322
-0.28895187
-0.58943343
0.47979397
5.1654034
-6.9046044
-4.2479463
-1.3623202
-3.947494
-5.3022723
-2.7233505
0.06947519
7.8425975
-2.7995946
-9.174936
-2.276118
0.71230763
2.5674715
-4.3731613
-2.6102996
-2.6653643
-1.8055601
6.5771766
-1.3900118
-3.2633855
-8.073628
-2.5566454
-2.45314
-1.8001682
9.670602
-6.278212
1.620971
0.06113236
2.6524007
-4.32121
0.029533204
-7.3703403
3.067403
0.39462453
-6.6472497
-0.9019814
-5.4327435
-0.8205832
-2.7329316
2.7244887
-9.072302
-3.0754516
-3.7588894
4.0271826
2.1289387
-4.813287
-1.5556967
6.02321
-5.733581
-3.9689295
6.4510784
11.233896
10.217985
-1.3795567
-0.09739781
-11.416946
2.2564518
6.2454295
8.735029
4.854235
-4.501828
-1.9310037
8.785468
4.0830245
4.4457936
-7.261132
0.9796024
8.798536
1.548336
2.7431986
0.3434203
1.0878177
1.5726733
2.0988905
-0.7475865
6.308561
-5.0566792
-6.3935213
-5.2565274
0.74823314
-10.227836
7.8403597
-10.117683
2.1859012
6.9960947
-0.9528856
3.2950444
-20.724253
-5.730753
2.8665988
3.7312295
-11.266271
-12.409978
-3.079961
-7.895273
0.4963127
3.4571261
4.8734035
-0.8612603
-5.368532
9.711879
-6.1592426
1.4830284
2.6382818
2.3589587
-2.4579048
-9.014363
-8.066583
0.97932684
2.2312438
-13.201697
7.8761573
-1.7631549
-8.230481
-4.143568
9.571028
9.018849
1.3968573
-7.2749267
8.325675
-18.209253
-0.8003333
-7.6001515
-3.1917448
-3.9885936
5.389894
0.10649067
8.028253
2.015522
1.2807742
-8.00664
-10.188186
0.14371361
3.137872
-2.5193233
-0.9249201
-7.453277
-1.30074
0.4590668
1.6480403
1.6551307
-2.3101497
9.28048
2.7149045
1.0789843
-1.7776772
-10.305235
-9.928435
-8.464502
-1.3732699
2.2714694
-3.1621497
2.2376187
0.09950641
4.534068
-14.908358
-4.7238703
-1.1472393
0.9126077
-2.3280306
-8.250416
-1.597298
0.44560793
-8.216367
-7.363791
2.2180789
2.7783732
-0.65685934
-0.56025285
12.818695
-12.343342
5.068085
-5.235734
-5.639653
0.13982669
-13.090157
1.1354694
-1.9872112
7.532041
-8.146022
3.1041462
-0.5287023
4.735305
4.768664
-0.42331135
2.510931
-4.193007
3.3375247
6.1780744
-16.97238
7.4120297
0.9649033
-9.6645155
0.817677
3.2102013
-1.5994904
-6.377207
-2.1756113
-0.41194975
2.1965654
0.7096558
-4.3207335
1.497671
4.1184707
-0.4283137
-2.1724772
0.6607129
2.4440508
1.1191846
-8.227103
0.8435903
-1.1753906
1.6270243
0.7073707
-0.20734388
-5.4007545
5.95188
1.4385104
8.819473
6.6667166
0.64166594
-0.23775314
-6.2954407
6.420536
12.594042
-3.236094
4.036982
-6.7282166
-2.822757
-7.230956
2.98935
1.761555
-1.5504795
0.90474737
5.1833944
6.674507
1.4105825
-5.3734007
-0.33425617
-4.305278
-5.508307
10.3508835
-11.859511
1.5533261
-18.85814
-13.187116
0.10332521
-1.9959643
2.3677173
-0.6892197
6.6131873
-2.859964
6.0483537
5.183563
-1.6059245
-7.5578885
2.8837848
-8.758289
3.0351815
-0.24127902
1.7002577
6.766888
6.150204
0.12640011
-4.3017697
9.288357
-2.0420203
7.949565
6.7245073
-0.2796015
1.1086524
0.9908796
1.2249737
-9.001493
6.8527503
-3.284186
-7.005838
-4.5063677
0.84290177
-3.1647437
0.45085797
10.255966
-0.4284744
2.6080716
3.246326
0.5228754
0.6096408
7.188522
0.41308823
-5.634713
5.0253925
-4.05557
2.526678
5.007172
12.108269
-5.107509
-1.1950289
10.847971
-6.0671897
-5.3816366
2.1205082
-0.97468424
3.1202927
-6.3363853
-0.44892925
10.001526
-0.6608619
-6.6151466
-7.0949316
-5.5529137
-4.455944
-3.2893925
-5.4747853
3.6273563
4.5739474
17.584848
2.7106705
2.1400316
0.49685547
16.779549
1.5637378
2.3692677
-12.70727
8.624308
-3.3840284
-18.709095
-3.4218526
-8.250597
-5.168773
-7.2489557
0.64612824
-0.27694237
15.232734
-1.525039
-16.451017
-10.507438
10.173074
-8.146577
-6.008385
2.9098327
-1.5251322
4.5477595
1.1995714
-6.5932856
1.1326518
-4.8335857
-0.9040744
-5.573625
1.8958241
5.5803456
-4.71774
6.5068703
-10.422688
-5.128402
1.249748
-15.920571
1.7654942
-0.8391
6.611777
-0.6256682
0.94304204
-1.9633037
-0.88672394
-10.913707
-12.471875
-0.9002308
-3.684171
-2.7461436
-7.862332
-3.2691355
-2.9011877
2.220245
1.1261252
3.46611
3.945981
-0.47035733
-3.2350419
0.27994096
-1.8547678
-0.95232344
-1.2180083
-0.30036756
-1.4428705
-2.887866
-2.035616
-3.5814552
-1.5060178
6.058779
-1.7136546
-2.813559
-3.603261
-4.743027
-1.7651547
-0.75983506
1.9410235
-5.0617647
5.1163917
1.3833565
-4.368566
1.4028354
-3.127502
-4.710718
3.971191
0.6733642
1.1990955
-3.6179998
1.3226267
-2.532941
0.6702272
-0.4969246
-3.00129
-0.6646897
-2.1103182
-2.6568458
-3.824195
-1.1763954
0.03066045
-1.5597456
0.805068
0.33557293
0.14078563
-2.1418495
-1.2854112
-3.2284195
-4.6914005
6.624608
-1.7036288
-4.424474
0.8479765
-1.1196108
-1.8022757
-2.5832658
-2.7314124
-1.5505931
3.8839865
-2.168423
-2.888659
-0.10423975
-1.3282955
-2.1216056
3.132291
-3.0676358
1.8916264
0.81064975
-4.377287
-4.0555143
2.9632578
-3.5254643
0.7569157
-2.758356
2.1143281
0.9569809
-3.711927
-2.3340456
-2.1836176
4.4421716
-1.3336751
-3.089637
-1.4314075
-1.1522909
-1.2461544
-1.83373
-1.3391147
-5.3821735
-2.6741388
0.105398014
-1.9627281
-0.1363574
0.53186715
-0.8905592
-0.91812164
0.021155128
3.3849645
2.7514374
-3.56066
2.4056778
3.3028553
1.3628745
3.2419145
-2.2576878
-0.7989759
-2.2342575
-1.8784082
-4.0890284
-0.6316953
-5.9906926
-1.182533
-1.9116318
-2.4674268
6.932907
-4.8912983
-5.2808533
5.9319644
1.743224
-5.795414
1.5801435
-0.3635921
-2.6721728
-1.0871049
-0.0070221857
1.153841
-1.2501093
-4.552527
-3.1094139
-3.803297
1.6916217
-1.3353453
4.1347976
-0.25400537
-3.6127074
-0.33437508
-1.6230632
-4.4202223
4.5882587
-2.8423977
-3.7706697
-1.8425301
-2.6381276
-2.9857879
-1.4082003
-3.0863373
-4.571209
-2.3029134
-2.2940047
-2.638614
-1.7939476
-1.4006124
-0.6262108
-1.2645134
-2.9938233
-3.9449532
1.5512259
6.048425
-1.7595927
-2.6952126
-4.0223517
-4.986658
0.053392515
-1.7371377
-2.9930942
0.885424
-0.5648968
-0.40285122
-0.33849615
1.0293359
-1.3316782
1.8083776
-0.13431758
-1.5459396
0.31972328
0.6140472
0.3232895
-0.8814783
-1.1150438
0.27556103
-3.2552953
6.3618226
-3.5775504
-6.23457
-0.5350383
-5.4429
-1.0499716
-2.6379273
1.7191511
1.9160717
-1.8781248
-2.3736308
4.33206
-4.176616
1.9879988
-0.22236243
-4.5272374
0.3941635
-2.0153408
0.5954745
4.139565
1.9970489
-2.953856
-0.06417833
-0.62671584
-5.2350025
4.009934
1.1404854
-0.2910287
-4.3091335
-1.2962996
0.9972872
1.700259
-3.2459443
2.467357
1.436324
-5.0558004
0.88925576
0.55586666
-0.2761742
-1.0285777
1.003876
2.306607
-2.8414545
2.192417
-3.016646
-3.518549
-1.9026657
-3.4885836
0.6883523
-3.8587224
0.84143764
1.0832362
4.093295
-1.6462529
-1.1181488
-0.81866634
-1.098039
-0.56925577
-0.33770686
-1.8721828
-4.756522
3.4723477
-0.87461627
1.7625918
-6.239306
-1.04274
-1.9882967
-0.74056166
-1.0242344
-4.4541736
-5.3935103
-2.4072957
0.25690755
-0.34780282
1.6720359
-1.9962058
2.725514
-4.794335
-2.8679
3.215792
4.620612
-4.636898
-1.3414685
-1.3188056
-4.3715687
-2.6714475
-1.8704263
0.53342974
2.4841013
2.025503
-2.339466
3.7002676
-3.2338567
0.62873775
-1.9217814
-0.2839253
-5.6124682
-2.8377805
-3.7451065
1.1623411
-2.3244944
-4.30326
2.4807217
3.2351298
0.0495686
-2.3787403
-1.7692728
-5.1090736
1.4289216
4.3748393
-1.913817
-1.987997
-0.79954374
-0.5403468
4.937616
-3.0308154
-1.5256758
-3.9280381
-3.54374
-2.1557786
-2.3011804
-1.1921587
-0.8353998
3.0873168
-2.174978
-1.9611902
-3.1049163
-3.1039052
3.7540293
-2.5957885
-1.1011249
-1.6412346
-2.6086948
-2.5561814
-0.33741486
4.4078813
-5.7552004
-6.443237
0.2853195
-3.5733929
-1.8738173
-0.7098492
