0.0
0.0
9
2
18
18
9
1241.3196
-2249.776
2844.73
907.24725
-542.4431
-75.32063
807.5155
-100.43905
-383.5197
-2037.4568
-1421.6289
-1372.8658
-2434.4387
2856.8237
-876.60913
623.41986
-1698.4214
-1314.0677
2538.097
-1904.808
-1239.9551
150.74243
3069.2974
-853.8842
617.621
-1354.6167
3626.621
1760.06
2596.5825
1973.4175
-2174.4043
-1266.875
2112.7622
565.175
-1879.3773
864.72205
-138.38606
-301.99155
-1009.9574
2874.3516
-767.09784
435.44003
2543.542
-578.42633
1361.1002
1753.3435
668.7109
474.10107
-81.93102
-1036.1022
1324.5779
3358.984
-1428.1763
1432.562
1632.2384
726.2831
-938.871
367.19708
-319.72736
-1692.2887
380.7629
439.282
-472.58502
938.6467
107.67968
-511.25116
837.1989
-387.08267
262.0113
388.45956
848.23926
1020.68805
1947.639
1404.7487
-857.2334
583.64325
-1363.9987
-974.02496
1326.2484
696.63983
1491.2355
374.25253
817.2184
-1449.2451
1449.4873
-1638.8083
1412.0593
1162.6067
1497.8634
2037.4618
1957.5408
891.915
-444.35077
248.43138
-146.09323
100.87573
637.2119
-718.24603
342.953
886.3206
176.40158
-13.737054
591.1376
-439.4623
609.5391
904.6572
862.5107
712.49066
1354.2448
468.41486
-1443.6606
343.77408
-1123.235
194.90105
631.6566
-732.66925
460.18652
726.1141
786.99475
-1011.68146
956.0573
-1671.5042
577.5365
471.28757
806.3178
1260.7472
348.43225
575.0603
-604.87274
625.627
-486.58752
194.78732
666.3185
647.87177
443.79758
630.9389
267.91266
-603.264
803.04004
-100.61173
592.6109
658.2786
524.9665
787.58093
-68.00128
1735.4819
-2176.3108
1763.5515
-2455.27
1774.5532
2228.4949
3098.7676
600.57007
755.2981
1358.8177
-704.12115
1753.6497
-1420.9437
861.79535
2077.88
2315.9695
1063.031
-4.6520953
-4.0207696
-2.3393285
-0.15702587
-2.415691
2.5121832
-3.957387
0.22452873
-30.9415
28.198141
45.62568
30.573818
-10.659259
61.6051
10.384692
7.4971213
19.837828
-4.5494995
-4.1172504
-5.338733
-3.9227617
22.09513
-33.621044
-9.819552
-4.778655
-21.849192
-55.014107
-12.050623
-61.41939
-1.6732361
-46.10533
-41.095264
-40.621994
-4.2079053
-42.47401
-3.6055725
-5.443839
-5.1219497
-5.4891944
-21.987581
-43.039333
-22.262846
-3.7063866
17.088549
-48.381912
-93.77979
-58.01076
-86.271225
-33.86592
-50.51383
-31.539612
-20.052052
-26.122177
-10.857173
-1.4162885
-1.1291443
-0.7944067
-11.247282
3.4225962
-20.52833
0.22495526
18.450243
42.61543
50.515766
21.587212
-70.28055
23.65179
33.663376
-17.222502
-13.091294
7.5294623
1.8728211
-9.247439
-7.6232743
-5.6817455
20.91902
-27.497883
-1.2018296
-3.4536986
-16.530977
36.243748
-42.019806
-59.667835
10.351315
-68.725685
-35.2124
-0.4353784
-166.33235
-55.887333
-4.274964
-2.853476
-1.9623537
-3.3446767
-0.80456835
0.12527741
-13.41269
-5.4257355
3.2341983
-2.262237
-32.635616
8.674219
1.6638054
18.390484
-37.901115
6.5084834
4.5971513
-11.5412855
-7.629109
-2.5677574
-2.203896
0.015253615
-23.244688
-0.68952936
-23.397976
-3.8183663
29.90232
36.159267
35.609093
14.256866
-53.882664
34.924435
33.582325
6.372145
41.64905
20.266834
-3.189975
-6.561706
-5.0029597
-2.4991987
-21.481499
-3.0046833
-1.372267
-5.631404
21.299475
-43.72679
-3.5894752
39.40773
31.01761
-85.513435
4.8501334
18.65521
2.064273
-20.077187
-2.5293407
-3.0624442
-1.3389752
-3.968461
0.47686723
-4.6594353
-6.234638
-0.15254265
-0.848717
-11.006327
11.345154
-25.682016
-59.584072
-37.132217
20.105862
1.3859456
48.115707
-25.248697
0.22948371
-7.38398
-4.6459303
-4.9085164
58.801926
-27.706661
-24.010452
-3.8840053
-68.45008
-10.764553
-30.61594
-68.19954
-94.40655
-14.052243
-22.501614
-53.613995
37.369667
-19.281775
-4.6696906
-4.0496383
-3.5124817
-3.5197587
0.024681374
-2.7356346
8.2402
-3.0621848
-1.6493086
-49.8626
-54.40589
3.5734813
31.045185
-49.0268
-100.29054
27.882793
13.481111
-51.97356
-4.3414993
-1.1283417
-2.1032243
-5.283709
23.321722
-36.322018
-8.741035
-7.561041
-28.051104
0.22497967
-3.752018
-47.95348
-27.707037
-7.973078
-44.732643
-20.43098
-10.906792
7.197476
-7.872383
-1.9796247
-7.4185524
-5.628605
55.314648
26.413563
-7.7956967
-4.7747884
-61.855476
-49.311172
-19.639095
-47.663303
-30.35802
28.970884
-55.25117
-36.119705
-74.41265
-50.16724
-6.4878516
-4.55981
-4.592883
-4.8275785
-20.20067
-32.3133
-24.60076
-4.853547
20.930933
-52.641514
-68.03359
-81.56544
-11.51575
-85.665825
7.8337913
-6.602286
-9.190371
-7.460308
-4.4464064
-1.9954044
-2.7938995
-0.2639008
10.18555
22.261581
-0.44633713
-1.3633144
-10.072891
-47.280025
31.9085
9.402467
-10.948751
-26.452812
20.092854
-2.3164165
1.2305217
33.74436
-2.7511759
-1.2434334
-2.9726727
-2.3330941
0.015705694
7.7024336
0.8229254
-2.4330957
-1.4235755
23.438892
29.54801
14.453263
-74.14798
24.098724
0.8320596
-47.17224
-8.268788
-7.651527
-1.4238876
-3.8513627
-2.5536573
-2.1865957
11.351306
-24.33459
2.6318083
-3.1788604
-9.952697
-39.97506
-1.3673438
5.3424177
66.38675
-96.89626
2.1331067
-14.864968
-10.91056
-23.573317
-4.212109
-1.4291713
-0.43039057
-0.29715335
23.314087
24.710838
15.526966
0.11412169
-27.098312
14.427989
77.67143
55.408424
-12.799832
40.24278
-15.70813
-7.9452243
-19.820108
6.4890847
-0.8259893
-4.1267047
2.4785602
-3.0404513
-6.5660815
-1.6975358
-3.036145
-3.0537949
-2.8328204
-2.0050063
-3.616006
2.7879179
-2.5783846
-4.062829
-1.1959076
-2.2858155
-1.9924395
-1.907766
-1.4724134
-3.8200583
2.4462714
-1.4864861
-2.8527646
-1.3534331
-2.1828296
-2.8418214
-2.2549474
-1.6698344
-4.7740445
-2.8107412
-1.153122
-2.895949
-1.4152365
-2.0983489
-2.3138344
-2.0056756
-1.0844914
6.8341436
-2.4409795
-15.271389
0.5648706
-0.8584625
-1.6411246
-1.296358
-2.2730367
-2.4948857
-3.4064448
-1.8863364
-9.825466
-0.40569985
-1.8921667
0.5601701
0.62148744
0.19959958
2.0893493
-0.8385734
0.6840136
-1.895871
-0.20533279
-1.0918255
-0.9960856
-1.377009
-0.71481717
-0.9532977
-10.871706
-2.146823
-0.22011775
-3.1220305
-1.471631
-2.109486
-2.7855701
-2.4343417
-2.1390884
-0.03159603
1.2328501
-19.582441
0.030214207
-0.38554537
0.02120591
0.23553322
-0.1601837
1.3894905
0.80791193
-0.98573035
1.5237825
-0.705477
0.13042411
-0.16017197
-0.039763663
-0.42159048
-0.9107493
1.8191265
0.88714576
1.3228261
-2.8731213
-3.061869
-2.5379882
-3.2970896
-2.098701
-1.5421168
-0.32353348
1.7338953
-28.168276
-1.1064303
-0.15476184
0.4658261
-0.19364841
-0.10377662
0.060499243
0.56969935
-6.919482
-22.702751
0.007919392
-1.8510864
0.42073968
-0.4063721
0.833366
0.7652042
-1.936509
1.7875043
-0.95560056
-11.561155
0.34944084
-1.2788637
-1.059412
-0.85784733
-0.39304915
-0.2887988
-5.098211
-19.054468
1.0741216
1.7337686
-0.66304934
0.092870206
-0.7387744
-0.1993209
-0.9424675
3.6856735
-4.8365197
-0.9458715
-1.6951715
-0.75899816
-1.3286488
-0.9871475
-0.8755525
-2.899009
2.5472906
-12.00467
-4.2850156
-3.012986
-2.1811383
-1.7906563
-2.3235729
-1.2386183
-0.94655997
0.7050189
-2.8810856
-4.149274
-1.3723524
-1.4332486
-1.165179
-1.1036335
-1.5222381
