0.0
0.0
18
3
18
18
18
9
3.583124
8.580454
3.2128365
3.369308
3.7200365
3.9371903
3.289805
3.6382606
3.2925353
3.584975
3.4363394
1.9579794
3.31427
7.2062287
7.751276
5.5208035
-2.6806872
-3.090882
7.298705
4.1105046
7.1570086
7.4448195
7.5859213
7.6754084
7.2185583
7.527745
7.304696
7.4286985
7.317557
6.7608175
7.4807954
7.1590037
7.38539
7.85604
-1.2617726
-6.9748764
4.27315
9.001033
3.3832355
4.069644
3.3593063
8.354633
3.7534814
3.5040476
4.9517865
3.4100316
3.8092122
13.431337
3.5246816
7.474745
5.2937493
12.35128
-2.7380135
-1.8031467
6.894478
7.348533
6.915677
7.1449113
7.2305107
7.4921103
6.9732733
7.2365723
7.34885
7.1445227
7.1078916
21.322319
7.0942173
7.9699445
7.3230844
13.188775
-4.315202
-6.6621976
5.1907716
8.92193
3.5335543
3.8982403
3.7512898
11.267187
3.3953223
3.6402743
3.6803246
3.5375526
3.3975377
0.3304322
3.573968
4.3401833
7.5798416
6.5721483
-2.7690203
-2.7887807
6.9090533
10.584211
6.72213
7.1357284
7.241796
6.654632
6.82745
7.2750554
7.015544
7.2073607
7.029659
5.9292603
7.0544267
12.448436
7.153801
9.273392
-4.850764
-6.1454515
4.077654
3.8230886
3.720788
4.556143
3.423135
4.2849693
3.7575653
3.9253297
4.168366
3.5336084
3.991487
4.6466165
3.7636042
8.289
5.5309706
15.807296
-1.9483297
-2.5410233
7.08974
14.236574
6.936048
7.282186
7.3885193
16.189358
6.991761
7.3713484
7.302976
7.252457
7.190376
10.480257
7.260866
12.571872
7.369098
17.63725
-3.611614
-5.0441923
3.625875
3.304599
3.5360348
3.613603
3.4679773
7.826461
3.4697495
3.6149898
3.3178918
3.6596358
3.5225706
13.687689
3.4951236
6.7765474
2.7083552
6.1279955
-2.6214821
-6.2222977
6.8986278
3.3370924
6.792587
7.1468086
7.2443457
6.782548
6.8613143
7.2705045
7.006916
7.180376
7.058647
14.812024
7.0969462
7.602477
7.0466423
8.731859
-4.2903624
-5.1264834
6.414688
8.288629
3.5062437
3.4318316
3.29688
2.6958737
3.6517506
3.5581138
3.8439202
3.5001967
3.4214509
7.3493915
3.9447355
1.5688152
7.8805223
16.902792
-2.363562
-5.375348
7.0124893
6.549243
6.7675033
7.1241817
7.243614
10.444539
6.927205
7.2898736
7.186921
7.17246
7.075626
8.420785
7.092148
8.174199
7.165079
18.11033
-4.6351147
-6.0836253
4.032405
9.525452
3.8427525
3.3277292
3.5745714
4.369314
3.4352343
3.5345502
3.5846455
3.412411
3.532616
13.843793
3.5178754
0.56088173
2.7326741
0.7090683
-3.5360644
-4.3257213
6.932067
6.206772
6.846268
7.20219
7.3149757
6.798813
6.932638
7.311759
7.108127
7.1932034
7.1236973
10.413048
7.1506033
6.525104
8.21345
20.333206
-4.8666444
-6.06813
3.6598508
3.0404093
3.3053093
3.668234
3.2380438
3.8074553
3.4239025
3.6187809
3.5125303
3.427233
3.6483283
2.7147582
3.423694
5.251979
2.5102885
9.066943
-3.131895
-2.9557652
7.0688567
18.47058
6.9872875
7.3616447
7.442348
7.90647
7.062944
7.4369526
7.2489657
7.3162007
7.2743225
7.101609
7.299079
11.086927
7.2481117
8.698231
-4.2041955
-5.026559
3.9288015
6.7535977
3.73467
3.5962756
3.5864651
3.187643
3.5997221
3.5857394
3.7547915
3.7585359
3.5425754
12.454836
3.7167845
16.901592
3.1545143
0.49244636
-2.977116
-5.18088
-0.5739398
-0.4345243
-0.6073955
0.7140691
-0.6907258
-0.24843907
-0.6867846
-0.10297108
-0.5227927
-0.15260315
-0.71051455
0.9514369
0.79196787
-0.37265646
0.3935951
0.7017691
-0.46098173
-0.07936072
1.506528
-1.1394434
-0.67055994
1.4469131
-1.3028934
0.6008918
1.302256
-1.1380867
2.0556571
-1.3823141
-0.4951912
0.85721654
-1.5282633
1.0739914
0.6410083
-0.056036755
-0.06002658
1.4860563
0.53818643
0.4662738
0.035938427
-0.16231741
0.20211858
0.605419
0.3562395
-0.10716342
-0.21959959
0.88732046
0.12922493
-0.7096638
-0.6012342
0.06421289
0.3088155
0.51947916
-0.19705132
0.22359659
1.5633979
-0.75659055
-0.898879
0.27733395
-1.4176584
1.027616
0.70608604
-1.7569547
0.85686547
-1.1521206
-0.5759656
0.8215838
-1.4052886
0.19812125
0.6293707
1.490283
-1.2357501
0.09592249
1.3288049
-0.5403724
-1.6909629
0.9941777
-0.77343893
1.2801478
1.4398041
-0.61029494
0.67709213
-1.1542859
-1.400422
1.687002
-0.68660796
1.0926579
1.7213732
0.7545613
-1.3286582
1.2088054
1.2165805
-2.2047374
-0.43599045
0.69558996
-0.7548516
1.1659813
0.96556693
-1.5804701
0.5786722
-0.27180418
-0.66763353
1.3246331
-0.3249185
1.6891931
2.0445359
1.5267305
-1.4303765
1.349003
-0.14833052
0.010065073
-1.1200874
1.0270867
-0.4540898
0.7339923
1.1682853
-0.19213293
0.06549718
0.1760199
0.38175955
1.0481285
-0.5265315
0.22128683
1.6079451
1.2516414
-0.039429527
1.603422
1.1170058
-1.8190118
-2.276531
1.8671108
-0.92072624
0.6815267
1.7836729
-0.68250895
0.9966555
-1.3908467
-1.0212946
0.47085366
-1.5449367
0.1521909
0.28190622
0.6022028
-0.69607276
0.5754638
0.38837507
-0.561652
-1.2643181
1.1607406
-1.6358482
1.4348646
1.8403074
-1.0823097
1.0453507
-0.2263369
-0.18041368
1.2279354
-1.3326542
1.0173024
1.8757716
0.54503036
-1.0701144
1.9329168
1.0528834
-1.5529891
-2.265384
1.0200353
-0.9289757
0.96525395
0.5831517
-1.8675283
0.37982953
-0.4248897
-0.9173661
0.9840377
-0.8194185
0.48234603
1.8607122
0.67465156
-0.5355941
0.46336526
0.15773101
-0.8428513
-1.9174876
0.80883837
-1.2329674
0.44307697
1.3170179
-1.0828806
1.1532404
-1.4609488
-0.8145066
1.9034618
-0.33333644
1.6961926
0.4899423
1.5774473
-1.4829922
1.3527359
1.8566263
-1.7870963
-1.6803509
0.28866062
-1.6866704
1.6692803
0.58162254
-0.6024764
1.3162175
-0.018387908
-0.07649748
0.6146961
-1.4918672
1.5991173
0.5425986
0.5962748
-1.604046
0.46645463
0.55651176
-0.34999746
0.659656
0.6113485
0.8815367
1.243137
0.05800211
-1.5700868
0.6997558
-0.42526615
-0.90356195
0.057424597
-1.6196994
1.4244823
-0.45721287
1.70258
-0.3309999
0.8807668
0.0643207
-1.5180554
-0.29243168
1.6264646
-1.1391295
1.6970016
1.2397901
-0.94785166
1.4020952
-1.0379392
-0.6671674
2.1100423
-0.5573018
1.0727745
1.2287831
0.74579227
-1.18692
0.7040147
0.2381928
-0.9127245
-0.3317432
0.8675459
-1.2943542
1.0268289
-0.15691732
-0.032031998
1.3655658
-1.141056
-1.052499
1.3962748
0.276079
1.0843441
-0.07392798
0.5814092
-0.95136094
-0.12494133
1.1672646
-0.34077504
0.19648965
0.43087125
-0.9636838
0.59754115
0.5124143
-0.4047087
1.3924141
0.25058645
-0.88152045
0.44769257
-0.5869343
1.2694849
2.2217538
1.5602254
-0.96108085
1.6027969
1.5469697
-0.39534032
-0.9303375
0.68621224
-1.3060999
-0.10545221
1.1190681
-1.1832982
1.336635
-0.20852856
0.4275493
0.56586164
-0.5279619
1.2316413
0.90977156
0.92399067
-0.8034733
1.8613201
-0.4837699
0.3603639
0.070895255
0.35155562
0.009409123
0.6512886
1.1635712
-0.27601862
0.96274745
0.70345217
0.30481958
-0.58299243
0.20492783
-0.22203973
-0.074133545
-0.32417262
0.18161242
-0.9762209
0.81232613
0.26469505
0.60510445
0.946097
0.4282214
0.7706443
0.93193406
0.108684026
0.019549076
0.8063014
-0.808638
0.11111327
-0.048026096
0.06039968
-0.73894113
1.0917697
0.2911277
-0.4142399
-1.7294973
-0.821787
-0.18844047
-0.4859465
-0.6235971
0.86588883
-1.0760064
-1.8279177
-0.9050022
-0.66760683
-1.9209181
-1.2660797
-1.5331223
-1.6568345
-0.81521106
-0.6306473
-0.80810887
-0.88709337
0.16211839
-0.24213079
0.43765217
-0.72056645
0.3155911
0.97313374
-0.5097965
-0.028217588
0.47921956
-0.73661596
0.48278528
0.33245832
0.94033146
0.50855845
0.49820346
-0.7389943
-0.823143
0.0025393106
0.65612733
-0.14937072
0.6081579
0.84930515
0.8311619
0.8621107
-0.7359962
0.5373918
-0.07118403
-0.9832027
0.092859045
-0.7293939
0.12345593
-0.8878989
0.18155327
0.53940666
0.62630016
0.92013395
-0.70347804
-1.0169871
-1.1588348
-0.8149813
-1.8566455
0.9425236
-1.4883034
-0.43765277
-1.3105514
-0.8661429
-0.43784982
-0.7183036
0.019134028
-0.99594885
-1.1388642
-1.1838015
-1.9874909
-1.3883287
-0.13832882
-1.1090217
0.18494408
-9.250193E-4
0.30422625
1.0492421
-0.87275326
0.21749638
-1.0839301
-0.5359683
-0.52936584
-0.2641303
0.2340529
0.24398848
0.5796834
1.0158187
-0.8774637
-0.37541837
-1.6832126
-0.84106934
-0.6985614
-1.9889183
-0.7197593
0.19625033
-0.2819238
-0.5438347
-0.7661109
-0.34293073
-1.4367176
-0.19871882
-0.6756757
-1.0319067
-0.45979318
-1.8326279
-1.2479326
-0.5630406
0.24329503
-0.7002039
-0.7472406
-0.7766507
-1.288554
0.6143124
-1.7309626
-1.4616294
-1.5141721
-0.20490621
-1.3515401
-1.8948994
-1.0397493
-0.7439002
-2.0733237
-0.767609
-1.2802397
-2.009816
0.3212712
-0.31196856
-0.15506266
0.3941991
0.61244977
0.79891396
0.8887012
-0.4103894
-0.063226774
-0.6516927
-0.668903
-0.872801
0.2541292
0.88832474
0.6471224
0.16896905
0.77204335
-0.7436643
-0.3835506
-0.83012664
-1.1048169
-1.5754657
-1.2697628
0.07687098
0.13460921
-0.3369578
-0.81038356
-1.6410469
-0.28416783
-1.1930261
-1.9506999
-0.945705
-2.0884104
-1.4625586
-1.0500664
-0.87641567
-0.34205133
0.55416614
-0.115836024
-0.28440088
-0.76718277
-0.19098751
0.16961603
-0.6089847
0.7471959
-0.3301545
-0.11045344
-0.7254733
0.6414413
0.5300547
-0.35761818
-0.16117077
0.82649636
0.44724354
-0.87051994
-0.22991814
0.53391004
-0.009029567
-0.4516953
0.048979305
0.115187384
0.50224036
0.022523964
-0.011469213
-0.060615275
0.6010225
0.5363203
0.40312657
-0.13074511
-0.95736605
0.49968216
-0.35193345
0.13211016
-1.1250491
0.3452896
-1.5632404
-1.841405
0.91558444
-1.3802601
-1.2845877
-0.5122737
-0.25999472
-1.5981938
-0.88411
-1.6646764
-0.91267437
-0.5935655
-1.9929957
-2.1677523
-1.3413703
-0.86210144
0.4359767
0.84778035
-0.9396864
-0.088602535
0.8577194
-0.18708907
0.8031849
-0.11595271
0.4128227
0.056085385
-0.6590817
-0.93974406
0.583653
-0.43661278
0.04444565
0.9443727
-0.5242074
-0.35759595
-0.04922394
-1.2888255
-2.108682
-1.0071387
-0.0352694
-0.94707024
-0.85744554
-0.03424435
-1.1058077
-0.54004496
-1.2082944
-1.4617538
-1.4515651
-1.7976412
-0.7084173
-1.108632
-1.8863496
0.5547387
-0.9600483
-0.7130176
-1.4309552
-1.5935897
-0.82484174
0.24002215
-1.1127576
-0.9984493
-0.1539888
-1.523886
-1.1333878
-2.1833243
-0.9077055
-0.44743118
-1.4596182
-1.6562651
-0.34735173
-1.2775447
-0.30247214
-1.8683709
-0.6165958
-1.0604186
0.13200276
-0.9650505
-1.8777792
-0.14073877
-1.318594
-1.6562123
-1.5934068
-0.26404378
-1.38018
-1.5350188
-1.1720845
-0.98985744
-1.3725601
0.1761677
-0.55426764
0.664434
0.94853437
0.41638964
0.016213628
0.8899174
0.68026674
0.5974762
0.8186037
0.95529675
-0.9549192
-0.1576193
-0.15985654
0.70155
0.8064079
0.19358301
-0.57376266
-0.6929006
-0.24424994
0.47321042
-0.9836904
-1.0510975
-0.21645413
-0.7698186
-0.6505798
0.46451876
-1.0505047
-0.25001347
0.059355065
-2.2187085
-0.6102931
-1.1740379
-1.3313373
-0.09788438
-1.3835661
0.38192454
-0.17091118
-0.13151163
0.18296438
0.44682115
-0.5880805
0.17894568
0.70147854
-0.5326129
-0.04185631
-0.05085833
-0.08145353
-0.04076427
0.09872375
-0.018840257
-0.07808406
0.0094933575
0.0034532144
-0.5596425
0.6458273
-0.8703556
0.733847
0.60955715
-0.43370062
-0.13384002
-0.52294815
0.5513451
-0.51266074
-0.2548206
-0.6795238
-0.7200267
-0.64131373
-1.2903008
-0.77343136
-1.1314559
-0.8375664
-0.26662198
-0.49289525
-0.8572584
-1.3268687
-0.87065625
-0.42395
-0.9409367
-0.41402444
-0.6338403
-1.8821214
-2.8868575
-1.9216031
-3.0295603
-1.4089881
-3.2219934
-2.5674512
-3.139348
-1.9245896
-0.43352523
-0.743431
0.4342031
0.8113694
-0.19154504
0.37470698
0.59528697
0.42233688
-0.22277518
0.048836786
-0.7549094
-0.26640272
0.19078647
-0.2052
-0.15549752
-0.027806025
-0.37977552
0.21266073
0.0056128274
0.08301504
0.01911955
0.6363864
0.17375673
-0.0531902
-0.700511
-0.7641275
0.2818655
-0.036912844
0.011583615
-0.0860943
-0.037766427
0.15138264
-0.44125536
-0.05093637
0.13246411
-0.0033905872
0.6559824
0.0027678567
-0.4700558
-0.15198632
-0.806484
-0.50381404
-0.2090686
-0.37164953
0.113434926
0.7661517
0.05262391
0.622503
-0.45702568
-0.52222115
0.43337646
-0.64396775
0.14434405
-0.5550902
-1.0393384
-1.957065
-1.2438244
-2.03123
-1.202474
-1.1161141
-1.2544106
-2.575922
-0.9570256
-0.7456122
0.8113252
0.5042145
0.78403217
0.05714153
-0.20544311
-0.26346335
0.7592555
-1.030518
-0.58061814
-0.31202698
-0.36538565
-0.6107185
-0.68774223
0.46926227
-0.8616416
-0.07261172
-0.96165353
-1.1070414
-0.7229826
-0.9156735
-0.2524029
-1.145288
-0.19113404
-0.49835226
-1.0616401
-0.8809838
-0.8969579
-0.46013921
-1.0800002
-0.7030172
-0.7224009
-0.97026384
-1.5099487
-0.13856891
-0.23668267
-0.91362596
-0.02990388
-0.6952143
-1.0408467
-0.4426505
-0.35667428
0.19135974
-1.06062
-0.47039706
