0.0
0.0
18
2
72
36
9
-51.092854
11.135577
135.9769
-9.611262
68.17042
12.36269
125.51289
-6.90294
8.6098995
43.8962
-18.486067
-37.01461
-5.6479535
-5.388338
22.290974
40.28712
-118.289894
-100.2623
-92.017456
-43.27865
-116.52701
-67.59614
69.80717
13.571639
-19.046902
-60.14551
-30.505146
50.884266
81.64775
-34.25672
49.21882
21.17539
-4.83986
4.3127747
34.48449
31.459269
53.102394
-22.081907
0.500225
-27.3932
71.8199
39.623943
-0.6713148
-13.47413
25.186415
-5.9079084
-35.827415
-20.921928
-11.68741
20.632769
84.62124
81.5608
-68.10738
47.735588
-70.632034
-41.44612
57.96299
52.98808
16.742575
23.13249
22.823494
-78.671875
-21.626984
-24.729301
8.45766
59.09027
-73.663
-66.89151
56.428913
-56.910538
23.216095
5.144607
-72.790634
-5.1489916
-1.732845
24.75468
8.460326
107.44343
13.966731
-54.89389
-11.385414
16.108139
-19.01103
-1.8369588
-38.90769
-67.8846
-3.8972287
-22.498337
4.8967934
-111.27354
45.945072
-44.115097
-111.84906
-36.773792
-101.109695
27.447489
-7.023113
-41.04414
82.59482
-84.03048
-48.200874
-49.466595
60.818806
5.388076
-98.14935
-12.272849
39.06448
-9.504833
-11.218159
-15.639654
25.52127
19.326548
13.25565
10.459301
-40.912285
-12.528625
-27.87138
19.082321
-72.54577
29.904799
-16.441982
-26.516006
-38.43551
43.521606
-58.02547
38.990517
5.2892356
-45.80871
-61.601387
-60.77277
-23.809101
-32.06663
39.77938
-101.52351
48.719913
-44.68673
17.670671
-35.409462
-29.126791
-30.907276
-8.374354
-7.0017858
-62.16755
-138.53741
-12.680125
-21.46052
21.128992
-74.30399
-8.601762
-41.30369
8.263427
-39.603138
-26.463638
-114.674355
59.658585
-12.758692
48.299583
61.690636
15.835524
-57.40235
-35.167625
107.43766
-29.4581
-75.243576
-21.186861
27.160328
9.507658
66.1622
82.02816
-14.312638
-20.057344
-3.6054378
-35.84969
68.90711
64.47817
33.762665
-91.68688
40.219944
-21.904068
-73.31584
21.178637
-9.1336775
-21.06802
-47.177963
-12.626861
-132.31578
-16.718983
-41.89296
-14.966496
-26.846634
16.785719
-42.76155
-35.230106
23.447506
-80.962364
19.39007
-115.42621
77.355774
18.331882
58.706997
78.12653
82.52873
-42.108307
-95.08863
-56.077995
9.365568
15.992353
76.06101
-62.22532
-27.37167
-22.974892
-82.58234
83.66188
-64.831474
37.506924
33.145382
6.352885
-13.770431
-33.43234
-39.24883
2.6589682
-7.9411845
43.8587
-22.819092
11.547185
60.406292
-58.9437
69.90121
-53.087254
-8.857801
-74.66729
-2.884229
-22.949228
-6.3203206
42.23179
5.152988
53.2865
43.510384
110.78118
-18.945782
106.373795
31.953068
8.67161
-24.81145
-3.106431
3.0073552
69.19817
7.614781
44.211895
-26.776142
12.563043
-16.316288
34.56548
36.228065
22.889324
-0.693542
4.418774
-72.8282
-8.041924
-22.071703
-15.833018
6.011838
75.95264
95.417366
-11.897271
-52.70967
60.59813
-56.570995
-1.7421598
29.23848
-7.84502
-19.234867
-167.12735
-60.990955
8.034367
3.3756344
-43.898872
21.855795
-60.33198
-11.044864
55.33041
41.382744
-111.9194
3.514033
9.214587
55.360676
-69.226715
19.320358
135.91982
-56.711674
46.119225
-23.090134
-55.633095
7.405057
-97.63662
-11.618795
-52.24574
25.82826
-0.2609354
1.012457
3.8544812
-17.364685
56.020405
-51.584484
24.425846
-119.74189
-7.062643
-27.012339
32.49833
20.263702
-21.405504
-20.117258
-72.566055
-7.764006
-72.90852
-32.6678
-20.494776
-38.13089
-27.442503
-28.133339
-75.32723
-54.970997
-68.51125
6.7482605
13.418973
-34.16422
6.0173573
36.303616
-44.092407
-3.3372462
9.466267
21.729582
21.169504
-35.97546
-9.443575
4.9745226
-25.206955
-41.049526
-13.9039
-114.35807
-43.65067
26.332087
32.201492
-54.66406
-75.518425
-36.275997
8.064268
5.382515
-31.126154
-9.335988
-52.19476
-11.064145
12.061143
75.67013
39.690094
-91.67891
-79.94521
85.13886
-71.7912
38.295265
-23.492815
68.606766
96.432976
-43.78064
68.918144
137.68547
-74.733215
79.5318
-65.33576
-75.59331
-83.32381
29.403606
11.903299
-85.55066
36.669876
-44.761196
-8.983478
19.867393
-75.5931
-18.613634
14.407509
-45.63686
-65.37757
88.76417
-59.773907
-70.15944
-58.62593
29.569334
-45.415226
-131.2273
54.63898
-56.144382
-2.3291888
-20.334545
-132.19351
-61.250454
54.927265
76.944435
25.225822
23.611362
36.05243
48.705887
-75.22818
-56.46001
50.8215
-23.691965
14.338904
-11.67622
-35.985237
-59.972282
-94.551445
108.63164
32.69097
-18.233683
6.0534067
98.50791
-14.116894
-20.902887
-109.039665
20.026676
51.923473
18.379328
47.14431
71.71386
61.409813
62.266026
87.51626
27.689499
70.1764
-78.4697
-18.108763
-3.3478606
-94.979385
24.286144
68.83572
53.46423
21.749292
-21.131727
-33.94664
-29.049921
39.736454
38.626545
-30.747322
6.5928125
-7.8393235
-9.946926
19.116678
-31.418255
-106.87451
0.8277204
-3.4252427
-29.257853
-66.16539
-3.4021838
-15.6309805
-2.68351
-54.135178
6.0044236
-58.73338
26.670622
-162.26349
-38.042675
-42.361755
-11.103213
-71.29811
-36.871292
24.612957
-29.850805
22.505808
80.20699
-77.99328
-23.722012
-30.765186
-80.4363
-16.29265
-35.349884
-12.371603
18.205006
21.846268
0.8952121
48.409588
-7.2480197
-47.91492
-78.10737
-17.412392
-104.75291
-3.0301542
89.55742
-46.681522
-79.044495
-44.222794
-72.31521
55.233913
56.39856
44.2216
3.298372
-3.113276
-39.848488
-104.87123
-22.612421
-10.06055
26.624098
23.14806
19.921902
82.18491
-12.588022
-7.8936872
-1.1080475
8.946257
1.5179781
25.639359
67.31113
38.072098
12.409756
0.3766726
25.546019
-0.93730336
35.874565
-32.280464
-49.379642
-28.610958
-28.914986
-50.212395
-7.371893
-52.231655
0.504064
-1.1694006
-44.715805
-2.9612408
4.6022487
14.563336
79.23989
-7.461246
-1.1941774
-32.599262
17.269451
-35.454247
-4.7850323
97.41718
-4.0858703
22.669813
-8.974258
-41.88113
-23.17986
-27.38002
-10.659544
-1.0329769
8.300972
19.044922
-1.059926
13.884189
-3.2121632
-1.589378
1.5182256
29.681604
20.604374
-6.7957683
-39.289852
-4.088264
-16.727232
-9.361062
-41.966045
22.460487
-8.466337
-12.268004
-15.575405
4.6213737
-18.754013
44.074684
60.30832
-16.385864
-9.068309
4.929114
-49.797512
-1.6099501
38.722828
71.9591
149.87144
-67.10135
28.883156
6.9240236
-3.0546987
-91.09571
-23.796824
-23.70019
-48.276726
-26.984715
14.617036
-79.27232
0.041511603
9.267884
-7.989516
107.47327
10.9124155
107.90596
41.88648
70.83898
-11.661949
-6.042603
23.819998
83.627525
-80.985344
-26.085657
103.35598
-34.219257
36.009766
66.05578
35.74813
-12.276559
-86.0594
-56.006935
-26.46125
-84.12119
-90.749
-84.47917
-54.904434
25.088835
52.65015
-42.784115
-26.127617
-59.305576
-23.319138
38.95201
12.23894
-39.352215
-2.3081543
9.184946
0.40875193
63.913
-79.65308
-70.19526
-7.3277245
-65.6822
12.297963
-45.4738
46.05504
-40.611847
2.5417259
-55.311253
-17.27032
-13.928561
-40.274555
-54.665043
53.20519
-46.66538
-57.47876
-122.431656
-29.95331
18.77874
83.863884
58.414257
-38.696434
37.81598
-106.1201
8.114078
-63.969368
-25.882534
-109.752426
80.85946
-14.605448
14.931144
-45.475853
62.17273
-17.471214
10.692442
41.808804
-11.070177
-48.077255
19.53871
136.34323
58.493362
86.20476
93.023926
-8.785643
99.11094
-86.13955
61.483017
26.328485
-22.633406
94.163055
-76.33948
-67.5015
29.659351
-50.53256
-29.70595
-106.44773
-161.76712
-160.9461
-24.590363
91.558876
7.301803
-8.496851
-51.557217
12.279426
41.84342
-41.28802
-23.847578
23.220922
22.914446
-3.319383
-58.2422
79.75476
7.236415
34.547565
-10.250269
49.8161
-22.035843
59.25096
39.06326
37.843853
-50.18239
77.66824
-26.805414
-6.4137373
-49.88336
-32.920403
-11.10144
18.01189
-51.356594
-41.781826
-46.188538
-33.282883
-13.37784
-43.171867
70.66468
2.8933682
-81.4874
90.91864
14.937878
1.6369897
-41.77552
-7.2393146
-61.43538
-50.081768
23.962002
-33.237495
101.439606
17.341923
21.9539
-60.491665
-2.1300611
32.76906
-1.413485
38.7609
14.2530985
50.467606
33.829166
-96.319
-70.58497
-31.714914
-63.254932
69.93029
62.556618
-29.086447
54.665184
34.463226
-42.32134
4.0001554
87.01722
35.18272
8.837624
31.70488
29.382988
-17.939682
45.192802
48.24122
31.046106
3.7716331
6.2179694
-27.718061
37.348312
73.43483
69.63632
91.4655
18.657927
18.446096
45.394398
-10.995045
-17.708307
39.293873
23.975924
12.86634
-1.4987031
0.1647353
-26.15886
-14.453538
-19.725824
-109.26052
1.1414441
-64.939
48.34629
-73.684715
22.218758
28.729963
99.57226
-78.71469
-25.78457
-76.80984
-30.88311
-23.8404
-59.108574
19.12779
17.031322
-2.3141272
-105.52183
14.702619
-0.6659583
-6.7574296
-56.441196
-3.1038294
84.820915
-78.58251
0.37215784
-37.572807
-7.9030023
6.992601
23.62585
11.8016205
-65.37704
35.98669
23.530106
-9.924508
35.712124
58.839413
-48.051834
33.01502
-7.7448487
6.561514
76.296875
69.30395
-56.224865
-14.081178
-33.98702
-29.559214
-66.9381
18.89027
-56.598896
-35.15566
1.7351745
26.202707
-36.814022
-38.816788
-15.78096
-17.019753
-62.82392
-37.780884
5.707916
16.251453
33.837803
-47.010006
30.898342
-54.23308
-36.73597
-64.17367
53.600975
-36.26785
-33.203846
31.583382
32.916565
-93.841965
-0.27072594
-75.89014
-4.771159
110.85843
-51.32521
76.53322
1.2646446
-110.2031
15.758945
18.193613
51.804058
-64.79991
-57.716896
-6.377524
25.855865
97.17002
-78.37465
-14.155776
29.170074
38.146038
-88.1852
28.315228
90.63346
-26.773766
36.392952
-34.12335
53.12221
-18.605595
79.231544
-6.4243617
-36.978302
2.073869
33.972
-35.15947
-16.150373
28.607107
120.435524
95.149124
71.017204
-14.135261
-5.413868
102.86254
-40.467915
-16.693796
56.149235
28.996643
-14.5403595
9.062094
3.7085207
-8.268079
-16.12228
100.69987
-41.445152
-21.26112
-63.274357
-52.75163
-3.2499
52.4175
12.903055
-3.9372013
-63.14281
1.6203698
19.994154
-26.353209
-126.77825
-64.490814
-50.99873
-82.82042
77.36054
-107.8829
104.30975
27.987383
24.78153
-53.86927
-86.35308
-35.696938
17.081501
-80.39585
-58.63241
54.671173
-27.80944
26.1061
0.7973209
-19.70136
153.52362
-9.368285
-17.553047
46.66491
0.31514755
49.44981
-9.231584
-28.402203
32.134567
21.952562
7.832492
-46.95062
-41.788494
-49.819813
-66.968796
58.66278
33.61692
-29.0024
-53.166218
-12.066698
-49.890263
26.186512
45.67694
50.010464
18.089577
-31.859612
-17.763294
4.769576
-8.144634
-47.30953
3.041578
44.424614
-65.21427
-32.67051
22.838812
-56.778404
37.278812
-32.224716
-79.34743
3.6633642
-40.884285
8.601175
5.0691805
-13.359174
0.5485636
33.54394
-15.903064
-80.16278
-8.559214
41.818783
-46.197765
-100.16626
-100.52188
0.8348985
-49.1016
-37.996696
-92.17944
-4.194341
6.0442557
-15.33293
20.137287
7.9691257
64.77565
51.350048
109.79196
-53.630306
-12.486186
103.9546
12.134883
1.3522446
3.8173063
-66.36772
-7.0524464
-12.670027
-28.59034
-63.249912
-30.631023
-20.115803
-103.40452
-49.308796
54.384342
6.2847424
45.647755
16.279625
32.520947
43.39771
58.14907
45.349655
2.8564894
22.01476
-4.536818
-33.882835
31.114834
64.55861
69.03918
-29.298012
-57.023724
64.758354
-39.13683
-53.163445
66.482254
-21.003916
1.1290008
50.850735
5.1938133
49.315098
-5.78909
-44.289394
-50.03262
-16.998806
14.616682
-5.8588524
5.478464
-11.455106
25.002285
33.18233
-59.979027
38.689075
13.13002
-13.774389
69.194885
-31.581598
-79.611015
42.952023
-43.69592
57.989532
13.467354
-13.993577
-47.196026
105.68559
51.910797
23.003021
8.576624
16.80832
72.800995
-4.707441
12.178165
-0.6502638
64.39333
-13.382368
112.28571
31.962746
-79.4739
18.667862
-0.9462254
52.05502
30.110992
-163.90454
-30.8649
46.267437
46.719936
-11.495584
-0.12286204
3.8158326
27.923355
9.052517
40.19552
-72.72494
45.23975
-25.226421
14.648556
-21.890692
-30.288918
17.17486
-10.377758
-41.498135
31.053152
10.220509
56.56928
35.926353
21.371801
39.482693
34.145645
-17.51494
18.273434
9.559958
62.93442
-30.83942
-29.006132
2.939229
47.143936
-66.60202
81.914375
88.55091
-35.438152
3.7548528
-41.471012
-7.0367255
-11.100253
23.445583
-1.0485501
-15.408204
-121.93193
69.84565
25.968979
65.73209
26.491966
92.634254
-22.720243
-8.233593
59.15108
-45.485603
-36.79536
-52.103817
3.0388565
74.64282
-27.044182
19.834435
-41.51479
-87.68052
-20.66808
121.60822
-47.235153
6.6493955
70.53201
5.7681074
-21.03263
3.8437326
-89.32242
1.7165658
12.21922
-6.008819
90.40446
1.2053293
103.47676
-6.1523623
17.239185
58.588505
56.249916
43.69641
63.46708
69.86518
6.580402
-76.15269
35.790924
21.638218
-54.947952
14.94032
-31.334703
-89.46113
-1.509995
-116.577446
-0.477424
-45.734554
19.822802
-43.052174
-16.17647
111.42706
-41.078983
19.940393
17.406893
-2.7344663
37.943752
-25.1123
-9.286974
-15.777605
17.6397
-28.02369
-125.92525
3.7717462
5.43013
8.863297
-75.17428
85.445076
23.170206
-35.297585
-51.67528
-61.652935
65.5925
39.259148
86.5768
9.49417
35.29025
-142.30331
37.915592
55.0574
7.788216
-109.780716
103.284874
16.704327
-0.71231616
0.60795224
-0.8845295
-0.23267066
0.48953438
-0.12027228
0.90463686
-0.1395899
-0.7493628
0.78796375
-0.79686606
0.11237645
0.066200376
-0.2621311
0.96876013
-0.7906542
0.28408408
-0.6895181
-0.13623953
-0.21803284
-0.84072196
-0.85783815
-0.54897225
0.52468014
-0.038419247
0.8710213
0.35653675
0.15323865
0.7793008
0.99605536
0.5206181
-0.86215866
0.7710645
-0.33415627
-0.15992749
-0.8168155
0.69203997
-0.04640639
0.31642354
-0.75545895
0.96828175
-0.4218992
-0.8658509
-0.64466584
0.85291946
-0.8036765
-0.9609088
0.23763633
0.24125397
0.1293217
-0.10475814
0.26984513
0.55044866
-0.0977869
-0.42716396
-0.7510147
-0.7833973
-0.6003238
0.34845674
-0.98157597
0.39203262
-0.71323204
-0.9537337
0.601285
-0.5657394
0.052082777
-0.7326517
0.30776262
0.8924767
0.43442643
0.57154024
0.34939766
5.816214
4.974188
5.0224075
-0.05316174
-1.4330462
-4.8599706
-0.5159772
-4.061873
-5.4862456
-3.5959346
0.503476
2.7431073
6.9610686
0.05360605
-0.10286277
2.859434
1.7160767
1.6861156
-4.3946023
-3.8457546
-2.8358467
-5.1022463
-0.43328518
-2.024465
0.870091
-4.6630383
-2.6036806
1.6729577
-7.1492195
5.8368573
-1.4631591
-2.0061374
-5.280408
-1.9656316
-2.7879105
6.957362
2.5525794
-4.1446652
-4.696551
-5.6365886
-1.1154875
3.2188962
-0.86705214
-12.834715
5.9447575
0.69407415
-4.0991707
-5.4993033
2.855633
-1.4479079
-3.142849
-7.434173
-3.1909752
0.16644892
-3.5129957
7.1078286
0.87978035
0.42341468
2.3732517
-4.390617
3.693245
-5.1995645
-0.8845723
-2.1148968
4.668465
-0.1813965
-0.6230045
-1.6359832
0.28386515
-6.3091583
0.78266
3.6114647
-5.017716
-0.60506606
-0.03363445
-4.062267
-4.4101024
-5.2913904
-3.2480035
4.0484176
1.3952882
1.969711
7.763271
3.4942982
-2.4073584
2.4872072
1.3339779
10.050923
-1.8978212
1.011086
-0.38419548
-5.993184
-2.1958284
1.6328144
-2.409734
1.7853674
-6.3316846
3.8320966
-5.6716275
5.966701
1.2365924
1.4689368
-2.2496347
-3.2194402
-4.439173
-0.36988756
-2.519739
3.6995091
-4.2668805
1.2692795
2.644949
1.1264789
-6.501595
2.9574368
-7.5065956
11.014766
3.5228207
4.989041
4.0394416
2.3814943
-8.529622
4.3380847
-7.1077976
2.6891859
10.781757
0.544928
2.7862852
3.1938314
-5.15848
-6.7512326
0.8393702
-3.7075343
-10.577234
3.6495588
2.845518
-0.71876085
1.2903527
-6.100305
3.3383682
0.6410692
-0.82342756
4.7852764
-0.17064655
-8.636755
-1.7516636
-3.2760158
-2.9544468
1.6084324
-4.7311516
-10.410641
-5.624045
0.4147756
3.3992383
2.9072483
-3.785745
-4.712687
6.336153
-0.8342764
-2.3936074
0.15190662
1.4260315
0.54449743
-3.4113927
-0.95071745
-0.33556822
-3.801628
3.9098508
-6.5763407
-7.5527596
-1.8198351
-1.2355447
-0.871786
1.4747862
3.932929
-4.981719
-6.285536
-2.2216988
4.3311415
-1.6898421
2.5477183
-5.2981977
-4.9971757
11.616948
-0.8379767
-4.4298587
-8.073746
-12.785914
-7.951033
-8.475621
-3.3350408
-3.1773531
-4.853148
-5.158327
-2.1653726
2.9229243
-1.6962419
-3.6021402
2.5935888
-1.7273616
-1.9910557
-3.3678708
-7.772207
-1.2730075
-3.5350091
-6.189563
-3.4108655
-2.7729309
7.5039773
-3.3009083
2.3664362
0.99052435
-0.097986996
-3.988153
-1.7469302
2.508525
5.315245
-0.90347475
-0.023509506
-4.500076
0.49334118
7.1778607
-6.70794
-7.134541
6.6824617
-3.7551494
5.9357066
3.221487
-0.5388711
-8.354935
1.2546705
9.61327
-4.8150983
-8.506733
-0.96114314
-9.007972
-1.5900794
7.481515
7.566468
-1.3518157
1.5543872
3.0172002
4.673373
2.3035898
-0.24144721
-1.60467
-0.913963
3.2985873
-5.9476852
5.624314
3.471851
1.7108376
3.306376
1.6436086
-1.8764437
4.853738
1.6818954
3.1613278
-1.5358186
-5.338624
0.22476892
-2.3363826
-1.727737
3.8781095
5.4770317
2.6837826
1.2600313
2.658857
4.350827
-0.10368324
1.2866228
-0.17916952
-7.5826325
-0.4837196
-1.8450425
1.9655833
-1.7095141
-0.44044912
1.8718703
-1.2712283
4.113428
-9.619984
0.99333847
-7.5264573
-1.6494604
-5.7438455
-2.773482
2.104226
-2.6935363
3.6291776
5.216725
4.5045276
5.073936
-7.1376824
-2.5594018
-11.239244
4.3020406
-7.3255997
-1.8598642
-0.75474554
0.9563893
2.1859715
-1.6756864
1.7772093
0.15738384
2.2775257
-1.4299703
-4.1006045
-4.9499702
4.1081066
-0.24693206
3.843862
-6.0768485
-8.02939
3.2229714
2.9264133
1.7136433
-5.675687
0.44262463
0.60233444
-0.093656816
7.3931108
-1.4202151
-4.189473
-1.2069739
-8.069577
-0.15784381
-4.7208977
1.6927217
-0.36324865
-5.728053
-1.7995101
5.9100513
1.530462
-2.0253525
10.81166
2.7307446
-2.3418849
0.58360505
1.7860255
9.890109
1.7011892
0.26563653
4.423331
-3.687977
-0.108463414
1.728903
-1.061437
0.750772
2.058935
4.9863954
0.9251195
7.0486445
3.738378
-1.1221172
0.8440001
-4.3619103
0.5374976
0.8463118
0.07474202
1.0742743
-3.5744698
2.833483
-4.2670727
-3.1361399
2.0237358
6.2493296
8.181332
-2.533826
1.9148351
-0.0630676
-5.546836
-8.071602
-0.28709602
-2.8727221
-4.8289022
-7.1597486
-1.5932258
0.16271621
-4.1926928
-1.2202603
-1.4561424
1.0495281
-0.71650606
0.82815814
-2.3643134
-1.3714576
-3.699472
-1.1147538
2.9256346
-1.1701488
-1.5543823
-1.3439074
1.3440663
-5.3620133
-6.710566
-3.482742
10.697682
-3.4677396
0.390649
4.848343
0.22326285
3.25086
-4.7174816
1.7044299
-5.1141195
-5.8423777
-1.9874165
5.2072115
6.0180945
4.9760914
-0.51248336
-1.394906
-1.2863472
-0.015017618
-0.5251615
9.7394285
5.685416
-0.32554713
-2.6041753
-2.8432264
17.196877
4.233373
2.9708347
-3.1942627
-2.8539383
1.4046205
-0.7553203
-3.132583
-1.3023496
-5.4172235
4.689574
4.852939
-1.5433638
0.34808666
-3.8759933
1.424959
-5.8838015
7.109212
0.8428055
5.677267
-4.056402
-0.4201601
5.935263
6.189017
-16.073292
-0.34626967
-1.8991234
0.79972917
-1.8398325
0.4647362
5.537646
-2.9503312
2.6208508
1.0725365
-4.0824637
5.137973
-5.1448054
8.639341
-1.6530861
7.036424
3.964525
-2.7494912
9.454093
-2.704027
1.4299347
-0.27626193
1.0443302
-8.025668
7.941731
0.8804502
-1.3136183
6.907647
-0.074322045
6.0088034
0.8035699
5.3744345
-4.7659707
-5.338547
-2.5120468
2.8716898
9.346428
-2.3671312
-0.06256842
-0.13575858
-0.90822077
-0.42800754
-6.5992723
1.1203171
-4.5177116
-3.5814342
2.543611
0.15413229
1.8834196
-2.2442303
-4.15882
-4.301826
-7.960031
-2.7416115
-7.713742
-0.48834667
-2.2992268
-3.60178
-0.24944821
-5.908082
2.7347512
-3.1455562
-3.0532985
-8.211227
2.4275107
2.1303263
12.753491
-6.046272
-3.6143239
-0.060825773
-2.2550893
-0.75475454
-1.8769832
-9.056635
-1.2977111
-7.0856156
-3.3799517
-0.3441785
6.5545645
-9.247914
4.3465466
5.394066
-3.656593
3.9838412
5.8335323
-3.232831
0.07280839
2.441209
-0.030606218
-0.5709452
2.5788748
-2.222486
1.92501
-1.2038444
-2.76105
4.076349
-1.2288404
10.622857
3.5906644
-1.9957584
3.2279043
-1.6297133
-1.8749591
3.3343308
-4.6156087
-2.5839555
-2.6167734
-9.055338
-6.2859397
-3.004295
-2.9832995
-6.0107207
-4.253642
1.6019318
-1.6108136
-0.868349
-3.2682602
4.529772
-7.8222146
5.8919206
-4.5594707
-4.107438
-1.3016274
-3.8453267
8.534706
-2.6092446
7.4417596
-4.0016327
9.386208
-0.019095894
0.5541829
1.4188744
-3.123665
4.839929
0.8877082
-5.7176175
2.478736
5.6289577
-5.1868396
-6.4362907
7.9272738
-1.0990647
-6.804446
-8.304953
-3.818371
-2.8875773
-1.4516851
-4.3024573
0.4941221
0.88816714
2.4025388
1.7117364
0.73770815
-4.550067
-4.857198
6.0197983
-0.27356124
-1.653202
1.1347998
-6.7847366
4.439925
-0.98930556
1.8155092
1.9068018
2.8586109
-0.15730686
3.1863039
-2.6740663
4.6872287
0.4508515
-0.26866126
0.24986286
4.0060296
3.9215727
8.188871
-1.5377815
0.8064401
1.0244191
-9.508948
4.2731028
2.9532573
0.22883184
1.2045712
-6.0942087
0.1282708
-0.34208697
7.4289474
0.34494787
-3.8428142
-3.234682
-1.8087164
-5.2802987
4.5984416
-0.34869006
-0.7676612
-3.9130993
-2.439809
-4.0713954
-3.956473
1.120621
-1.1884401
2.7464895
-0.6754327
-8.838106
1.5542643
4.005581
6.572901
-2.4745853
7.892174
2.9708006
3.3849006
-2.9255223
3.6006618
-5.8304524
-10.705141
-8.068992
-1.3269963
-3.8198423
-2.0952287
-6.3933587
1.4842678
2.655596
-0.9823558
4.745138
-3.1337345
-5.759958
-9.300567
2.2451813
5.7687464
-9.162921
-1.1189365
-9.226227
5.52295
-5.6698227
0.79411733
-1.2458054
3.965217
-4.474388
-0.76230216
-6.7091703
7.789304
1.1513677
-1.5266362
0.6921695
-2.0193393
6.568811
2.4010203
0.4426387
3.8377826
0.043636225
-4.6179967
4.242088
5.5644107
-7.018551
-6.4558444
-3.1032968
6.840759
1.546035
5.977596
0.4844457
-0.11129676
-3.177123
-1.0055726
0.97787863
-0.3308659
-0.26078874
4.573485
-5.7661824
-9.074087
-4.8704743
-5.365243
3.7204642
-1.5388389
5.302599
2.3618197
1.1770772
5.683435
1.5096197
2.36949
-5.5569897
3.9387755
4.2885466
4.5988955
-5.3894253
1.752033
-2.1904378
0.09902665
4.3358226
-1.5766358
-2.2725217
-0.8867078
-5.0441008
-0.98067135
1.0350803
-0.012826169
2.8544226
-2.5337608
-0.9536242
-3.9693677
6.33855
0.6634316
-4.6481566
-1.3392175
-4.31268
1.0757197
-3.481789
1.3577964
-0.72843295
1.5501336
-4.5292974
0.023996236
-5.1423
4.7892103
-1.0759946
-14.796665
-3.7155986
4.2747993
-1.3191314
-0.2352139
-3.2969716
8.942623
10.139923
-2.3408306
-1.5663017
1.0486417
-3.348581
2.861028
-10.613582
-9.701944
-1.3074999
3.0969603
-3.5523236
4.0051317
-1.8893379
2.3552349
-3.0925741
1.8340533
-1.7351077
1.229455
-0.7339734
-4.519701
-3.818284
1.7962067
-0.8574484
1.5868108
9.547716
-0.17866054
-5.529921
7.077348
6.463583
-7.8429866
2.564063
-2.018046
11.560763
0.6052383
4.898844
8.214755
0.50898653
0.4372942
2.327063
2.8349404
-3.9987986
-6.753315
-5.007686
4.2213597
1.0501084
9.7442255
-9.163984
0.5719834
3.156801
-2.6577911
1.0607038
-4.7799444
4.966966
3.0706062
-3.626791
1.8402649
-2.3675916
-1.0782843
2.7130609
-0.87797904
5.9798326
5.9098015
-0.5476709
0.4116783
4.449468
3.970451
-7.1531596
-1.7733811
-0.36588323
0.22931279
-6.132994
-7.543209
-6.031258
-14.380898
-3.9605012
2.0939777
-0.46743944
-2.1243691
-3.6984074
-0.3325121
1.5595143
-0.89757687
3.3732226
-0.8332201
2.9860852
-3.3037312
2.9684098
2.554529
-3.0086203
1.3181595
-4.060894
-1.1959794
0.03338318
1.2444117
-0.88517076
-0.43081912
-4.0078406
0.98690164
6.159125
1.2499228
10.981921
2.1003437
4.819397
3.2228403
2.1177483
-5.360415
-1.4511553
-5.958965
-3.999893
0.202877
0.06014865
-0.4429489
-1.8383049
-1.994232
-7.5629196
-4.4651875
1.0893325
-2.1508949
0.43233114
2.0786157
-7.1296983
-2.1301157
-1.1339473
-1.3837742
-3.8935409
3.4390397
-4.9367585
-2.3270319
-8.956144
2.904874
0.3970128
7.034133
-1.6027995
0.7271537
-4.9480276
5.6791453
-3.9440372
3.8575633
1.540098
5.151314
-4.601069
2.8729424
1.0165937
-1.2733434
-0.52962476
-0.84600073
-0.46863124
9.212457
-0.362682
2.552307
-3.023686
0.14662111
1.3209487
-2.6611104
-3.3302157
-1.7546457
-4.3701553
1.9318653
3.6539133
-0.63589156
-1.3685952
-1.1537523
-0.28946677
-3.4934547
1.6929995
-4.923176
-0.4126013
-3.9419322
-4.4265532
-1.1753415
-3.688849
-5.6669955
-3.5226755
0.42088914
-0.7452771
0.092696905
-2.0217874
-7.265691
-7.5575466
3.7277715
3.201977
-4.377159
-14.951658
-0.65332663
-4.166424
1.3740455
-6.951463
-9.256241
0.026268324
-15.103728
-0.44242
1.9219043
-1.223416
1.7854875
-4.9184346
6.086523
-2.270785
4.0936112
-6.7325706
4.9903984
5.530741
-1.4106252
-2.7203166
-0.705905
6.1894045
-2.4586341
7.302676
6.5223985
-5.157756
0.32646653
1.4509474
1.6562071
4.130046
-1.2791117
-1.407422
-0.16225642
-1.2939355
0.53275824
-1.6766624
7.8807683
2.339607
1.0169926
-0.5344804
-0.2919304
1.1742994
-4.2073693
1.9466139
-5.499002
-6.7509556
7.002058
-5.63865
-0.69998336
0.7558933
-3.0244913
0.8081995
-9.848546
-7.8091855
-5.9265285
5.975359
-5.2982154
-2.9997034
0.9479217
-0.79787964
-5.1843085
-2.584715
0.3017065
0.9037031
-1.6577898
-1.9289145
-5.8739624
-1.297898
-5.08243
-0.8167053
0.890128
-4.576021
-4.5228133
1.3428514
-0.49146137
2.2929454
-5.165322
-0.9310111
-6.825633
-5.0735016
-1.0237954
3.203189
-0.43602994
6.9213085
-8.6148405
-3.6145594
-3.8660276
-1.3889037
6.6057596
0.001571366
3.9804814
-4.829414
0.9346157
-1.6040217
-3.135992
3.4786289
0.4766576
6.5693374
-4.7628818
3.7100546
4.150631
8.149966
8.282627
-0.4588947
-3.3290694
-4.6093264
0.48844773
1.6118517
-3.4059112
0.4435139
-2.5585318
-1.0943052
0.27203596
0.24913308
5.426864
2.047051
-3.322878
-0.7186718
1.0679562
4.9734716
-3.2848802
-0.3151564
-1.8286853
-4.93168
1.9528457
-4.586939
2.578868
-1.6850092
0.29415867
-4.389878
2.9055684
-3.240884
-2.3758879
-0.20971769
1.5823349
-3.7738695
-2.3185534
-2.1791036
-11.665764
-3.5803022
-2.2932537
1.606374
-0.5914749
-7.009364
-4.599483
-3.4491081
7.6965814
-4.88815
-6.2669663
1.8969197
2.644009
1.8560777
-7.1582737
-3.0314107
0.05605152
-3.9821677
-7.275964
-4.74957
-8.316324
-0.74587315
-3.8871787
-8.848365
4.599421
-1.7195244
0.86064607
-2.9727407
1.8728808
-3.7943835
-6.9282517
-1.3020029
-1.1099645
-0.7910806
5.6666355
-3.0866733
-7.533024
4.3785486
-5.899752
-0.5894991
-2.3731892
-4.073084
0.24269164
0.028542237
4.1591687
-0.606827
-2.4554887
0.5124368
-3.515012
-2.8567536
-7.3829236
-4.661805
-4.676936
-2.5744135
-7.0831513
0.3609797
1.5418777
-4.1443734
2.1414657
-2.594079
2.2702081
-3.7029076
0.6528784
-0.042240307
-0.36600333
-0.61293906
0.07579817
4.1764684
2.4049308
-1.9534396
1.9348303
2.6214924
1.4008964
0.8269906
-2.367651
-7.931436
-2.9559245
-0.4405258
-2.412748
-6.4695773
-0.57197326
-4.7815943
-3.4780805
-0.06465469
-2.045959
-9.633239
1.257253
1.8939403
-5.104688
4.3702183
-5.0071726
2.1078472
7.745328
-3.6263702
1.3460693
-0.49455282
5.8795
2.177797
3.1544132
-7.3422947
-1.0259601
0.95892316
-0.60026515
-0.48994684
3.3652632
5.889249
1.5968605
-2.261928
-0.7434963
3.0373
-8.249248
-4.2193136
-3.670677
2.7553642
0.986837
1.9493502
1.3143573
2.8132925
-3.9456522
-0.032864887
-1.5316219
-6.46127
-1.2715033
3.6531854
-3.420401
3.225644
-9.963997
-2.3897688
-5.406712
-4.015811
-3.9521048
-2.4553437
3.2820437
-0.06357344
1.2705852
-2.6483274
-1.524135
-4.773086
4.618216
6.6201515
-4.0562544
2.0695574
1.8678813
0.40164644
2.6585758
6.5834756
-0.279466
-7.0723085
-1.7898636
0.18089497
4.9440217
-5.391506
-5.8350573
2.6661127
5.5456715
0.22806825
-6.7483697
-3.134217
2.3502412
-3.7042022
1.2276461
-1.7437077
2.6512318
3.5130823
7.0928106
-9.760642
-3.9306867
7.437125
-7.779112
-1.8440627
3.8549316
0.38096336
-5.148817
-2.0856767
-1.9035629
-0.869219
5.893379
1.3054924
-2.154119
-7.009215
-4.220433
7.2234964
-3.810212
-3.3600523
4.09458
-3.1189344
-2.5428905
-1.9516836
-2.0044742
6.6736965
-0.6850732
-0.9518447
-1.3512057
-2.8581533
0.3634379
5.833753
-1.1155708
4.369761
0.8903355
5.6934457
0.7314273
5.501369
-0.9342158
5.3547
-2.4922323
-1.3388864
1.7922767
-0.80101836
-1.492945
1.2110533
-3.0119054
-2.5385528
2.2053573
3.0880342
-3.6342924
-12.400571
-5.3846684
4.2192135
-1.6723484
-0.15047607
1.5253522
1.9314777
2.0702796
-3.4460928
0.2973693
4.1329403
3.5932631
1.4529228
-2.415609
0.3385314
1.1310095
0.20857155
-0.64136
-6.8261776
7.1553288
2.7186012
-0.6145775
8.539342
-8.229262
5.712106
-6.5627346
-1.8000729
-4.6785655
-2.5620396
-3.8689094
-1.9576888
-0.21430063
-4.0651464
1.5041927
3.7245753
6.204578
0.96589094
-0.08305268
10.437037
-1.1100779
0.8550484
1.5880454
4.916158
0.3821411
5.931552
-0.68336517
7.1620016
2.100792
0.20468847
3.2047563
-0.17098573
1.7048981
1.9362063
0.03134383
0.27566096
4.397487
4.121504
-0.16416794
-2.519248
-4.3455462
4.473569
-3.753878
-0.21354441
-4.413079
-0.498979
3.1083152
-5.500853
-3.572101
0.10489901
6.3614197
3.38112
3.5933516
-0.9763651
-4.7981668
3.3981988
-11.025827
1.4826884
7.7682543
6.269466
-11.70452
0.45094794
4.5065393
7.529932
-4.6853657
1.0268494
2.8417573
-3.0995846
-3.5308993
1.9350364
-3.3544135
13.909454
-2.9185236
3.8582761
-1.2644436
-0.7391428
0.30727515
0.20887703
3.5685859
-5.1519856
2.053315
-0.4781778
2.0305922
-5.724499
-1.4238623
-4.3544054
7.7656627
-3.1482162
2.8694897
5.561351
-2.541962
-0.18558088
-2.5292604
-5.406479
5.37775
9.481946
-1.9522849
2.4488955
-4.9707975
8.157517
3.4959924
0.7496578
3.626391
-0.6838283
2.3747227
-1.2790953
-1.2426784
11.499341
-0.07854255
3.8570035
1.9390924
-1.1943928
-0.8014291
-1.8483021
1.1194346
3.2423356
-4.8324914
-1.1797704
3.8974764
-1.6098964
1.1836222
1.8693315
2.0360067
0.12068838
2.691908
6.0982604
-2.4784186
-3.6243906
0.2639142
-3.8160107
-0.26620024
0.5035769
-1.7974973
-1.9770839
0.0074543753
-2.5975611
-4.703892
0.6197841
-3.099883
-2.7834237
-7.552816
2.3217015
-2.3800027
3.0587614
-4.18425
0.19408362
-1.0593545
0.9412722
0.36110193
0.67829585
0.9794832
-2.2438068
4.849817
-5.355607
-3.3550112
3.9604514
-2.5935752
0.64863026
1.1754082
-4.1932044
-6.150614
-3.877871
4.157215
-5.537961
0.9002178
0.46131635
-4.944272
-9.040694
3.400951
-6.1582594
-11.257702
-1.6861314
4.217535
-1.237306
-8.529158
1.2222981
8.217771
5.7121253
2.6918674
6.1939707
-7.998537
-4.205177
2.5761604
-6.7279606
5.6893144
9.028898
-0.8834874
-5.745253
-0.62034637
0.45813107
-3.307867
10.438103
6.762348
4.483975
-0.23777217
1.419862
-2.4450157
5.6497374
-0.35495278
-5.286912
-6.7661242
1.2010703
-4.0933504
-8.123664
8.0766735
-0.27967614
-1.4096115
-5.561244
-5.9061894
0.47668198
-4.352427
-0.9921524
9.095336
1.1600887
1.3294027
-7.878662
-0.63917875
0.32033342
3.0234637
-1.0549302
-8.972776
7.278047
0.697498
0.7510735
2.3864071
3.8163905
-2.7192554
2.7520726
-5.6587954
-3.7320695
-6.073898
5.668839
-3.5267198
-6.8841906
-3.3976743
7.88946
4.8198156
-1.4534053
9.344969
2.4398522
-0.9179677
0.34955704
-9.127844
9.4349575
-0.9712393
0.66256493
-5.574579
-1.889529
1.3962917
4.9710817
-2.2502685
2.535631
7.530138
1.3787742
-1.3294042
5.410446
3.103956
4.278576
2.2017963
0.86730194
1.1108686
-1.1130005
-2.7284043
1.3219568
-1.8467143
-1.2021912
3.1279054
0.8544491
-1.6580703
4.2524157
0.9617275
3.4340742
-2.0110772
-4.415084
3.663119
4.582152
-6.128943
0.83358663
-3.226844
3.1900594
5.4865093
-0.6991078
2.692436
-5.111519
0.7636328
7.1763487
0.3742577
2.5575242
-1.427219
1.9613191
0.9683949
9.78549
-3.504829
-1.3110813
5.6575274
-1.2379867
-0.84446126
-5.932584
2.9721231
-0.2120113
8.485419
-5.2068515
-5.150242
-0.17152189
5.148787
0.3229335
6.4891424
-6.036606
9.801077
1.4989061
-1.611867
-0.9400215
5.139578
0.3808249
-2.4179533
-0.80868936
1.4305875
-0.46117437
0.22329706
-3.9309866
2.491524
-0.28908426
3.399352
-4.221508
4.5343204
-0.4115713
5.310074
-1.2496603
-6.0325794
-3.7236872
-7.4984784
0.21081956
-0.616959
4.7939095
3.8972452
-3.1479604
1.7975483
-5.9976254
-1.9676502
-5.811878
5.3432717
4.9388604
0.007599538
-3.6429381
5.0200906
0.18710828
-1.4406458
1.006489
-0.89423674
-2.3083014
3.80166
-0.0817437
-2.311727
1.0815984
5.3125157
-4.7190266
-1.6984721
-4.136225
-1.9389474
-3.1320784
-2.0408733
-1.935747
-3.190694
2.7517462
-2.0862894
-1.950217
1.1703509
1.0590888
-3.9988146
0.954128
-1.5951365
-4.0136456
-1.9749037
0.07804834
6.4403996
-4.412427
3.514503
-1.4693049
-2.5159125
-6.0253406
-0.16987704
-2.7155786
-4.661696
-1.3149387
3.5792198
-7.7993493
-0.7932886
-4.5903473
2.5293965
0.46204594
1.4137818
-4.356435
1.439806
0.99964637
-3.0189314
3.6550016
-2.4567382
-0.8341863
1.5388482
-0.21155469
-5.055252
6.843295
-5.906777
-0.9307584
-3.4026058
-2.0466661
-1.848598
6.840166
-2.6142392
-3.610756
-2.0398962
4.4239545
1.9544795
-1.2237911
-2.276767
3.80392
2.2076907
2.6666625
8.266849
-0.9362664
-3.7669225
-0.69602275
0.5564435
1.3178943
2.3018467
0.34398717
-2.8757572
-3.6389608
-1.1516757
-3.070327
3.4631293
0.36351898
-3.4457533
3.1979725
0.0030690378
4.4121056
-2.4813414
-2.1021624
-3.3038576
0.761825
-2.3802657
4.0858703
-0.6044032
-3.2824817
4.1184545
3.1084507
-7.0310664
7.0740004
-0.33177733
2.8289888
0.54226923
0.72744006
-1.7079535
-4.0783067
-3.1618814
-3.3309023
6.1358647
-2.2460992
-7.396485
-1.1149073
-1.8198085
-0.08183716
-8.283017
0.39606702
3.6112964
-1.6317558
-0.75003105
-8.206742
-3.0480554
-0.22549547
-0.48115125
-2.114229
-2.7201653
-2.5305777
-1.6376597
0.1905634
1.1621941
-1.2441816
-4.075741
-1.9103878
-2.6102524
-1.3276742
-1.6051564
3.7546678
1.2373613
-1.3165852
-1.2905755
-1.2182306
-0.58684117
2.586372
-1.147067
-5.7108707
-1.1256549
-2.055915
6.7676535
1.6501502
-6.1432977
0.6441801
-6.826926
-4.054062
-5.5518765
0.801999
-1.3956094
3.061836
-3.5240347
-0.33456677
-4.0392165
1.9054477
2.394748
-1.7295159
-4.364622
-4.715672
0.15619625
-9.493745
1.1482987
4.4545364
-2.9587638
-5.3462133
-0.853481
6.330326
0.39527988
-6.441811
-12.588272
6.0579705
-2.172825
5.685307
2.003463
-8.292876
-5.2840867
3.2119052
0.16035824
5.513503
-3.848359
0.38284764
-9.169735
5.934102
-1.9897436
-1.5488068
-1.105182
-6.77011
-0.87554044
-0.43858376
0.8561579
-1.5883193
0.55553746
-0.8987776
-1.1093234
-2.517691
4.926409
1.872848
0.5348541
3.9727163
4.195215
3.6071343
5.436265
-1.8554213
-0.9744168
9.402752
9.210304
1.983551
-3.5083194
-7.73765
-2.5278878
3.6893446
1.3879222
-0.53067225
-1.8178427
4.7594967
5.4939084
-0.86138517
7.656157
-7.312203
-5.141559
-4.9356723
-1.5859101
0.62371755
-6.598997
-0.15073472
0.12125362
-3.9177873
-3.4540827
-1.2584391
-0.20025414
-0.65202373
4.0760503
-6.3895426
4.3286185
-3.7638843
-2.7763352
4.794405
3.4378743
2.0022578
0.49688157
-2.2567194
-0.16589962
1.1214551
-9.063021
-3.6909156
0.35887307
1.4804682
-8.159943
-4.740627
2.7735157
6.1117907
-7.850158
-0.9385388
-4.8048196
-1.0910265
1.1924546
4.1536937
-5.602228
4.748474
2.6700163
1.9800978
3.2195497
2.3787043
8.140191
4.499007
3.6167502
-5.128338
6.328536
0.4589878
-0.3683883
5.33736
7.419232
-6.8287416
6.0573215
-7.079359
11.618189
4.946203
8.936234
-0.31799105
-7.938868
-5.901283
0.5985489
10.459113
20.774364
0.6595204
9.34119
0.39094537
5.412824
0.042703822
5.185161
-18.41874
-2.435708
-15.479103
8.555695
0.13296944
-9.877263
-5.640209
-8.657552
-2.138123
-19.321594
9.224205
-10.515873
2.2170084
-18.284643
-11.071953
-2.9428744
2.560042
2.5643775
-1.9055588
-4.601592
-3.428526
2.113453
1.4835356
3.0985012
3.001228
12.920878
1.032474
3.4060216
2.0756164
1.2291234
0.39684942
-1.1851679
-3.2175274
4.323903
-1.5165586
4.3224444
-4.482171
0.99014324
5.4148107
0.13801676
1.4907122
2.2699623
2.6458194
0.9205265
-3.61806
-5.1264896
-6.0839286
1.0439526
2.8293946
0.20647083
3.5883229
2.963428
-0.45152712
-3.921387
-1.4126229
-7.9741416
6.0326552
2.4503376
-4.6312284
-1.5092312
8.353697
2.964241
6.1705637
12.692371
2.2023635
-5.644238
7.010871
0.7325009
7.892382
4.9137344
0.6962334
0.003606356
5.445758
-0.5598175
-5.31351
2.5346951
4.085507
-2.0647726
3.529086
-4.021526
-3.2043102
2.8446364
-5.2182136
0.09646939
0.9229846
-2.2634947
3.4104624
1.287996
-8.951384
2.0161664
0.8665845
-0.93536615
1.7375213
1.0617241
5.99787
4.99682
-3.0907362
-4.5108247
-4.6815424
-6.070424
-4.7946224
0.6098614
-2.5284193
3.0817707
-3.7892225
-1.8142607
0.53916454
-1.4846797
-1.0943869
-1.9558384
1.4482065
-6.022553
3.6334088
-1.1724584
-3.937266
-2.5183556
-0.44421172
4.3127265
-3.6856334
2.3421595
0.10185843
5.3369627
-6.3804135
-0.55422467
-2.1366985
-5.288996
-2.3216636
-13.075813
8.781546
-1.3011789
-5.57157
1.4967318
13.062428
9.400961
1.5637591
8.228843
5.682055
1.16549
3.3777318
-8.767456
8.291709
2.355144
0.26732165
-3.5058792
-1.3770595
3.7931473
-1.4507945
-3.7976964
-0.51230913
6.362802
-0.4479875
-2.0495992
6.201271
3.5220304
3.7137487
0.84928125
1.075402
-1.0514627
1.4047798
-2.8515863
-7.4368744
-3.6822047
-2.683271
-3.1535192
-2.788487
-0.83798784
-0.123261504
-4.1681304
-1.6423789
3.8136036
2.1681397
-1.2363042
-4.6446013
0.07213689
-1.8210953
-1.343166
2.0774815
1.3581331
2.3370953
1.7157762
-5.399752
-6.33501
-0.12588838
-4.0322647
4.326663
-6.9530816
-1.270552
-0.73496664
2.4573576
5.053012
-0.9132592
-2.3170092
-0.7529414
-1.7182684
0.1769799
-1.7995354
-4.2369213
-7.0720563
-4.6058664
-5.4808993
-5.0003486
-2.3912365
-2.624423
-7.654061
-1.0907664
7.75127
3.6559784
1.6792674
0.18508494
-2.7442057
-3.4002964
-0.9838926
7.191851
-4.268974
1.158978
-0.09138382
-2.950526
-3.643925
-2.0985
2.8773673
3.2349267
-4.1903033
5.4907894
-0.89112175
9.124778
-4.0331826
2.7649467
-2.5395315
-2.9136426
-6.515732
6.147824
-0.68093127
-0.8183806
2.7507846
1.2574745
2.3825572
-2.0556006
-0.09854867
8.90256
3.3099904
-3.183504
6.423575
1.228798
0.84055686
3.969244
4.552244
-4.556423
-2.3806944
-6.6132355
8.351707
1.651162
10.741303
-5.563889
-3.8765438
-3.7831495
-1.7818905
-0.4204067
-4.599293
3.175368
-3.148932
1.9240549
-1.8606422
-3.4034617
-3.3958907
0.2432365
-3.0488777
2.3191571
0.48163038
-4.420016
-2.8735137
-4.1396227
1.5837752
-0.36648706
1.5885856
-8.992564
-2.150416
0.16623676
1.2176739
-0.8704087
1.0073602
-1.6508634
0.14388013
4.0663853
3.4436038
5.9983354
-3.880041
0.9380352
-4.344986
2.2614932
-0.97339386
1.3339536
2.9832067
3.7609875
-0.18520528
4.43232
-0.09157588
-0.29191875
-2.6502519
5.447551
-2.1291816
-2.0787206
0.018369101
1.7175735
-2.3239043
1.7422029
-1.4578086
-4.8504086
-3.563876
1.688675
-0.89928204
-1.6689011
-4.348557
-1.8792393
2.07991
5.538011
0.63252425
-5.2463384
-3.5754652
0.27849302
6.488722
0.43564004
-2.7884316
-0.66657484
0.43546388
1.4355676
0.0060683093
1.5188427
-1.9124968
-0.9797109
-0.4036425
-1.7450285
-3.823992
-0.12193302
3.370391
-4.4339056
2.435686
-4.871746
-2.079511
1.8494362
2.8803523
-1.117315
-0.8399653
-4.0197525
-4.7012854
4.8175073
-4.529118
-2.292749
-3.038625
3.940047
0.6550026
2.1512823
8.2397785
-0.76103604
-1.2194918
-1.855058
0.727846
-1.1882962
5.0560193
0.21470696
1.828911
0.004279377
7.555004
1.0439731
-1.649988
0.6082414
1.8790143
-0.4256022
0.0020236191
3.7487988
-0.46590528
3.0802
4.9072766
3.5696185
1.303939
-2.384559
-3.96908
-5.6732416
-3.9577863
-6.4433575
0.61284226
-0.19670467
-2.2505093
-4.855822
-2.271123
-3.8236847
0.8270203
-1.2160203
1.6549547
-2.6207843
1.6525035
-0.990066
10.390107
4.3703775
-5.9583163
1.4609935
0.8673036
2.5773263
-6.1340547
-4.9656625
3.3519173
-3.848903
-6.0064096
-0.4362145
-3.9087963
6.713514
-3.8355403
5.066885
-1.9288051
-1.4146101
-4.8885565
0.12542973
1.151155
-0.13793574
-5.4094734
-6.0287576
11.442108
-3.632521
1.6607486
-0.37174025
4.794749
-1.130911
-3.9623134
-1.3039831
0.7485143
11.254815
-5.57601
5.4567785
-6.351354
5.313072
10.329116
2.9292712
4.347293
1.6324317
-2.2888405
5.0493603
-5.199595
9.390424
0.5228549
-3.836535
4.2168794
-6.658762
6.0814857
-1.4106454
2.5279303
3.188494
-7.4968724
-3.22963
1.8952049
0.10763674
0.94501525
-0.22026046
1.6327798
-2.0391853
1.7941853
6.199243
1.6122227
-4.828372
5.037634
1.4055693
-2.6595957
-0.78271675
0.18234968
-6.785456
-3.1050303
-8.547608
0.3349241
1.561814
-2.7957568
2.0312173
4.008958
-0.15717906
3.008616
0.84607595
2.8725302
0.31407917
4.3381605
-4.4798627
-6.0795965
-1.4340355
-5.5552464
1.7026968
-3.4277096
2.8328753
0.49338418
4.9548287
3.3908486
-6.260443
1.8121743
5.1203976
-0.19629432
0.5994936
-2.7552476
-2.2791095
-4.26236
2.6143255
-1.9498466
7.647262
-1.4856678
5.2200837
5.563512
-3.2959087
-3.0582397
2.4314027
-6.046824
4.3110547
-1.2568669
-2.3314807
1.2966493
-0.97681737
2.478108
-0.6188053
-2.79856
0.6984793
-3.8935602
-0.6513363
2.7523959
-4.516367
4.149204
2.4918342
0.7322709
-1.6778469
-3.8289847
-4.5183983
1.1843407
-3.4039533
0.59657854
-8.912513
2.8365557
1.31187
-4.6056523
-5.9746256
-1.8907295
0.3108771
0.8368669
-6.0295806
3.8131616
-1.1757935
-3.0608335
2.60388
3.0604932
-7.9380403
1.4059606
0.0813337
1.5055773
-0.45747355
-4.461256
-2.2462795
-8.450727
6.033319
-4.4847503
2.6797874
0.49541554
-3.8163905
-6.1786404
-7.432715
-5.3561707
-2.5746715
-1.9796499
-0.09654979
-5.7756705
3.050293
4.2125797
0.44802245
-1.4644006
9.557023
0.31647038
4.5132093
7.067486
1.3808663
4.9775276
4.3960757
-6.1516547
1.7348719
4.3557644
0.7186038
4.98058
-2.500397
-4.1358314
-4.6436663
1.6530144
-2.6533566
-2.9602692
6.673547
5.143585
-1.0341184
-5.694208
-0.42101976
-4.1393733
3.0738285
0.09592118
4.6606216
2.427192
-5.907467
1.8832557
-1.1280701
-1.9002616
-3.233089
-1.8116295
1.5919559
3.7356248
-5.981158
2.1787462
0.030174097
-1.7786813
2.9504564
7.0266204
2.0339339
-0.60858446
-2.1083066
4.7740846
1.0791248
6.157827
-3.121444
-4.6818204
-1.2378168
3.2952385
-1.3664404
0.32486114
-2.6927352
-2.829646
0.33255765
-7.239077
-2.8186622
-3.4701974
0.07669727
-11.12559
-5.3256726
1.9077523
2.7369108
2.6443014
-3.7484848
0.5843284
-2.773184
-1.7431464
0.21197632
-3.1642346
-0.72188735
3.0580819
-0.13151173
-0.41874728
3.172135
2.1676755
-2.3779404
0.10825585
-4.113397
-1.3663875
-0.41416112
-1.4820638
-0.5945206
-3.285654
1.0930175
2.7490764
1.0601602
-2.3480425
-0.6479373
1.545412
-3.381155
-2.369531
2.7249053
-2.849614
2.3539221
-1.3629891
-2.855456
0.2372333
0.103636295
-0.4746171
-2.1598039
0.3464353
2.3732896
-1.1346164
-4.537387
1.1639673
1.4496366
-0.700463
2.468553
0.30209643
-0.0775783
0.7115244
-2.0721488
0.86778224
-2.735837
-0.94545025
-2.4644644
4.1127276
1.9997014
-2.428752
-1.7217346
-1.4460493
0.14748423
-1.1228024
-1.7532911
-3.770813
-2.1534755
-1.3856215
2.4441326
-1.3054135
4.157633
-2.2504492
-2.626005
-0.047852147
-4.6946855
2.0772655
1.4278977
-2.536
-2.3763337
-1.036489
-1.9549962
4.839729
0.057139937
-3.6836622
-3.3384936
-3.0352814
-1.2062408
-0.20940927
-0.12488096
-0.92874706
2.4420784
-1.0678736
-2.088376
-3.167695
-1.1693234
-0.31338084
-1.3003236
2.825633
-2.3589811
0.6640949
-2.773035
-3.406252
2.6014664
-3.2568362
-2.1673284
-3.9223177
4.7388234
2.083305
-2.2826328
-1.6822008
-2.025727
2.8341079
1.1427324
0.621076
-3.5963473
-2.4466658
-2.1397622
-0.27472085
-0.91514397
2.3670428
-2.147154
0.3280317
-1.7245665
-2.3742
4.3258696
0.25877434
-2.1460328
-0.5016596
-2.995286
-2.2185552
-4.406903
-2.8764484
0.56179124
0.5051679
-0.7854471
-0.38645783
0.2911978
3.2991674
-3.0792098
0.34373552
-1.8384498
-1.7306911
3.8948977
-2.4605923
-1.8246777
-2.0035076
-0.4933208
0.8722933
2.5904682
-1.1194861
-3.042085
-0.166183
1.2428658
-1.1297934
-1.3501797
-1.5366943
-7.620724
-0.9158411
-2.2172565
-4.9379377
-7.731502
-2.0198636
-1.966214
-5.0444584
-2.9012253
3.8294334
-3.8998852
-1.3345994
0.5474817
-0.04096287
0.4158488
0.68666846
-0.9652282
-3.887644
-1.727308
4.564083
-1.9782872
-2.718079
-1.3243427
1.4980716
-1.7050548
4.5508666
-5.955388
0.9173654
-2.4883583
-0.14366814
-2.985358
-1.3180746
4.469579
-2.2310112
3.4746501
-1.8218238
-2.563907
-1.0910493
-3.0826924
3.3058863
0.39127707
0.8028507
-1.2766992
2.2150807
-5.241015
-0.21384256
0.3737772
-0.91090196
-2.2642202
0.28384912
-0.21107039
0.4206488
-1.0841362
0.7073033
0.71673024
0.79353285
-2.2751434
3.5046282
0.0240383
-2.0077155
-2.2762747
-2.415077
-1.0258055
0.30571935
-4.1108155
-2.2878363
-4.136877
-0.44402704
-1.7157863
-1.9410824
6.477714
-2.8548272
-2.3849897
-0.007065549
2.4310772
-3.1172836
2.196274
-1.8883128
1.1517024
-0.6370779
-1.4936314
-0.08189977
3.3278763
2.4080536
-1.9905541
-2.8245227
-1.7458411
-0.5255072
2.275564
-2.63331
-4.1519837
-2.004664
-2.1748466
-1.789678
1.3175509
1.5394226
2.061872
-1.0824741
2.0666108
-2.095533
1.679494
-1.2671677
2.2115152
-2.0096319
-1.1258495
-0.6389348
0.6543311
-2.504421
-1.8350805
2.8657389
-1.6314613
-3.9397614
0.748632
1.4738234
-1.5973482
-0.07944847
1.9866648
-2.1666405
-0.9243785
-1.3424366
3.0848505
-1.4054692
3.2164006
-1.6990818
-0.551046
-3.4561331
2.2792664
0.5986161
-0.5734399
-2.620063
-1.6625265
-0.071649
-0.17026956
-1.3697178
-2.4937599
-3.502606
-2.1889977
2.4806
1.8412304
-2.4055576
0.25879133
-0.8962575
0.338856
-3.3947341
-3.154636
-1.2793131
2.2262673
-4.75124
-1.8100828
0.008707759
3.8572865
-0.8134314
-3.2708018
2.6106102
-1.1873416
-1.6248975
0.027640542
-0.8736678
-0.49252984
0.1516992
-0.8310366
-2.3530102
-1.5558476
0.5365985
-4.641623
-1.1717914
-2.2220757
-1.7214323
-2.1101713
-0.30252886
1.3074508
