0.0
0.0
18
2
72
36
9
-97.885414
-48.987354
-63.223
-139.96295
278.35532
-105.30444
-104.42674
-90.49978
-225.85909
187.92685
-42.854725
-4.8638887
-34.805187
-164.15463
56.273693
98.75779
-14.1744795
-68.715324
30.769007
-39.200966
-37.77149
-20.391817
-18.55823
6.4171443
30.683128
-122.72243
101.77118
-34.387615
31.014091
127.29299
55.132763
-36.123634
-51.56391
-124.950935
17.460463
-213.12535
-121.32413
-170.15562
-107.32661
82.9387
-115.051735
-41.671787
-154.30956
-59.74248
68.27129
68.63063
83.38461
76.365585
24.166288
36.289207
6.302661
193.62616
59.891888
-306.425
26.605618
-61.561256
-21.814411
95.82396
46.24501
-9.712579
-13.344736
-43.754917
105.22015
-65.09881
-152.6665
-166.18489
63.619
-31.086628
4.8881893
-160.74797
44.618187
140.32585
174.07555
-163.38599
-74.44467
-107.63273
63.66443
-101.479805
85.630684
-34.71482
-224.30742
22.656004
-18.113077
-72.31057
-231.35388
-0.21518174
-269.3381
33.496616
-23.44329
149.43399
47.925396
-128.03548
-107.35978
-78.491234
37.185177
-34.0376
-120.75304
-67.96077
-26.982498
-17.70543
87.65524
33.80181
29.626375
-26.509687
67.86984
-89.61618
3.882177
46.92071
-64.935715
-150.25049
-173.5355
-124.808815
95.89684
8.306587
-118.747055
-23.95275
92.72307
-43.80189
-10.951585
14.378828
-114.19987
190.8127
-34.675602
-66.69599
46.806656
-81.27242
100.0041
55.25362
40.249374
26.391981
1.9522523
13.192719
80.77745
73.12985
-38.492565
-34.565483
-143.18301
-63.40204
218.0999
38.02406
-29.67873
-72.745125
-213.69955
-13.680904
52.19644
-52.963364
55.144608
23.259354
-25.279968
-123.845856
19.136093
28.657385
-43.25874
-91.99392
-34.847095
-27.865255
35.295338
-89.48409
-13.632379
-1.565158
-32.77555
-100.12653
36.022118
-23.449295
141.2469
-13.856942
-32.252693
203.19003
19.832718
-46.412605
-72.61433
137.80153
-94.02049
13.683496
-113.54392
-64.01003
-195.8746
173.56544
-6.091347
10.951279
23.122047
-123.7042
34.61437
51.676723
-134.51573
227.56993
-49.582424
-147.91411
51.431152
18.43978
102.15398
28.41094
3.7235084
-30.780197
-187.23627
-63.37085
-62.79052
118.25618
13.838238
66.61209
-74.46875
-44.12645
35.910515
17.342054
-14.2264
42.80621
-95.15164
-199.88644
261.05334
-249.29675
154.25133
-86.36654
-139.57837
-66.034164
33.593174
131.17027
-99.44751
172.47356
46.932545
-52.74986
62.577408
-93.959526
70.64961
-125.39285
95.6294
141.62271
-8.429359
-110.94084
28.038715
-14.806432
-48.300503
168.65294
32.447872
117.58415
20.191315
7.046852
162.78252
-45.391964
41.974766
91.47154
33.431374
-23.413685
68.24391
-13.938376
86.2102
-106.936005
-44.421886
-36.077457
68.20573
-121.777016
-31.698307
7.0378127
-6.4169426
-80.48348
20.088705
-108.26345
-34.690228
-6.214294
0.8515831
-50.919422
103.9649
-59.048492
-201.01826
-65.79609
-69.8212
-19.003443
-6.6014695
-121.80826
94.73249
-80.60637
-113.83135
44.37707
3.4247797
-55.34998
11.125113
-8.219896
-146.48656
78.97802
-89.71468
-253.38127
122.74353
-8.5725355
-43.32202
7.8121243
-164.90254
36.402855
-39.38134
-88.53464
-10.332108
226.34666
39.026905
-72.06958
8.488475
31.57105
108.422134
12.106943
109.874794
-125.1999
35.62777
36.869698
-100.88352
-31.164938
-102.40935
-46.88256
-21.54577
-7.2868466
12.511999
-165.43533
-74.682175
-121.12801
77.32236
-85.40821
7.424334
146.94048
23.028284
-32.652782
5.2371807
-23.394178
-80.59623
-25.291002
-78.772964
-51.30239
-12.054607
18.229036
-15.064732
217.60207
95.620224
15.300783
-3.5463345
113.91826
56.646473
64.12034
163.99849
2.210106
-151.40038
-114.52753
5.3239026
11.011106
-181.76692
-212.5378
198.47725
36.10927
103.40091
-2.9797368
-60.656063
-118.10414
15.071332
2.4673588
-47.933617
53.29003
-159.49371
86.93147
-152.53442
-176.97043
200.42972
-68.260704
34.72133
-57.13685
-68.562675
12.8474655
2.8382058
-145.291
54.50153
57.29599
-111.324905
208.7575
147.24551
-63.908825
124.70633
75.66912
-88.42698
-104.65878
113.750374
-24.530619
72.713844
-76.09119
249.08878
-33.675358
32.175465
129.82816
-7.7418923
163.36902
176.8678
105.27506
21.473312
-98.24078
74.4498
-148.68175
54.41978
-45.773174
17.28959
-34.9802
-179.95262
-95.69179
-40.711647
-32.418293
-17.058065
155.14995
119.17225
-129.79333
-163.949
72.698105
-26.204945
-107.79283
212.32565
5.2326784
35.05367
109.552124
-223.79535
126.19455
-3.1671426
49.2213
-146.17584
60.26855
-59.880665
-29.50516
54.251606
-65.91975
9.440714
-78.72116
26.633873
15.481907
139.0279
60.28379
35.38073
53.74527
-136.88135
-70.42417
21.354439
-97.50538
54.49016
-19.794445
-2.090064
4.731835
36.662712
-83.52532
-190.6746
171.07329
2.6000311
-59.99033
171.09227
-66.72736
-38.92148
0.73195744
-111.9375
-4.1735687
0.5344373
108.97301
-40.485218
-122.5396
19.448423
-108.80225
-66.27425
79.66213
66.49897
-5.0921435
4.780657
263.28873
17.007822
-24.10039
-164.20259
230.38379
-0.3564309
6.802476
30.436127
-70.05583
-21.787941
-8.9971485
-33.915417
-130.22351
-28.193663
32.818943
-78.44173
-1.029848
-132.51434
154.35403
-25.352451
-39.6551
41.084454
83.20068
89.72431
-188.92992
-30.946276
44.848953
4.22541
46.18573
-95.27975
-31.30451
68.81157
83.26401
52.41836
-24.990871
-55.25882
10.571392
177.08022
-102.41159
56.165012
143.85152
-128.17944
17.04088
-92.58203
21.294762
-4.227416
-83.85828
5.1313977
6.4363604
63.165634
-9.264991
78.105415
-28.835697
-127.896065
7.0680714
147.94756
-9.297832
-7.362638
3.7183557
-23.964933
-48.534695
-40.568653
37.673836
-30.57108
33.593018
-44.3762
23.343338
-16.477736
-25.950909
19.54684
-51.308624
115.30494
63.35971
-13.633639
-40.80923
-21.128489
41.83337
-14.460258
11.0295925
-24.192284
-9.740338
7.5819845
-98.68327
15.2164755
-92.21298
14.047453
-0.44105738
19.207483
62.558804
-35.54445
45.163967
-27.74851
10.430883
13.626372
-29.532343
-14.696394
-81.410355
-82.45301
-43.398155
124.88951
2.3209004
-46.69923
-29.274883
75.882996
0.25298327
-14.171785
-0.3995644
0.33911988
-61.712433
52.27049
-10.216702
-95.85113
61.763878
136.73973
8.326442
-10.848953
-10.924962
-14.715788
86.7715
-50.07247
11.155123
77.68751
43.872368
-27.450243
-34.88703
-1.0801843
30.36571
5.478174
191.63818
-56.395695
-65.52801
60.98761
183.41432
50.75743
11.059049
-8.037368
-125.57487
76.90344
209.56305
21.4499
68.607895
-34.90109
169.1982
-9.827494
33.835552
48.831074
15.9549675
-49.836136
-107.983284
140.68774
-0.74196917
-15.210413
69.625175
149.17313
79.69708
-92.5713
-0.2705053
166.90923
-118.71592
-46.442738
-113.2625
155.68524
4.3334084
106.752945
-69.14306
-170.68163
-228.3737
-58.659904
232.81575
12.193332
104.03495
25.833931
51.701393
106.45729
119.28374
-12.547051
-82.381485
49.3007
-54.60934
-38.227066
137.28581
112.62374
44.134727
26.957624
45.79422
91.35341
-69.09218
-85.600914
-13.040835
110.5946
53.298607
118.24969
-105.27378
-115.48977
57.99503
-24.138895
130.01306
69.394035
-93.21923
-117.23329
64.18018
-23.008312
51.182133
189.0255
-93.61222
111.85242
23.578075
6.602411
-178.91833
93.74884
68.61408
125.5405
14.015828
25.216406
12.0373535
-128.64175
-121.15629
83.96933
67.26109
-312.1387
-69.59524
111.33451
7.2735777
108.03929
126.48593
150.9348
67.60843
8.3582325
117.5481
-52.54229
87.20943
-114.096985
-53.73852
170.43636
-70.949684
27.955872
-55.730797
30.77492
-103.19287
4.730703
102.89319
138.81622
90.059395
-43.265087
82.02238
160.92793
105.150894
108.96618
-50.120605
48.236916
-31.307154
-141.43839
96.88928
241.02797
-82.07741
-35.962803
-154.61255
-56.58187
-25.520775
-78.7564
-119.491
74.90176
255.81526
40.548965
-117.53441
-138.32237
-13.059871
-64.02298
37.557312
75.098724
-32.77576
-121.22148
-154.32817
-3.6821163
70.68418
131.69788
32.900276
-65.29543
-63.833
110.50361
157.2471
46.791454
-124.936745
86.81051
24.614283
-40.106556
-53.00007
-123.83843
-256.35352
115.13901
5.583389
-17.772959
-54.627182
145.6544
-34.15074
13.403486
-14.821787
-6.776573
45.92974
-70.2818
48.934902
24.651018
-143.57935
-32.743572
-92.08152
165.3782
-99.85418
-52.39757
-1.9186271
-79.994934
12.696742
-106.06491
-172.81218
-89.711754
-202.46895
-105.053894
180.7586
85.11049
-30.94337
-152.5433
-8.100676
2.8906085
12.972068
-16.095478
-56.86536
-80.91595
14.58361
92.17965
-112.27168
-115.56284
262.47556
-8.569171
-10.927817
12.507987
29.488186
-126.98842
118.16942
112.87357
54.606644
63.752163
-67.60852
91.04139
5.302977
-1.9244399
-23.959301
-88.76338
-95.67599
-36.861507
-36.544266
12.856823
109.83646
41.686142
-38.856304
69.36037
-35.58163
-121.59344
-55.128326
-97.97589
15.074988
22.616129
42.322853
59.021156
-142.24542
-153.75069
134.71988
-154.1113
-34.83529
-20.304245
-86.6421
-9.806169
33.808155
39.734085
53.596775
135.69016
10.578821
-192.14914
2.6827936
-200.60066
-27.00798
88.07216
-49.35184
-92.87449
-85.717575
48.976463
113.08695
86.07379
145.24214
-70.37927
63.828613
-22.846945
60.909214
-17.195625
-106.66204
79.02074
-57.49792
66.42685
118.11034
-59.45499
-32.412437
50.87671
-48.75198
178.46922
-56.76078
10.248996
-56.783257
140.8827
3.3969479
95.7956
91.26679
16.429733
-170.60236
-76.7831
96.02823
126.68112
-56.614643
-109.71489
-133.96321
-30.822628
-53.466972
-103.71915
12.720446
59.95184
-159.72041
-40.40412
15.955451
-52.38584
187.20729
193.9326
71.91889
-18.484787
82.508316
-166.13324
-156.01932
28.774546
-177.65594
28.15683
-226.49904
146.30971
18.78773
318.36777
-135.27016
15.544277
21.738066
0.2570796
179.09584
-55.6403
47.74975
-6.890349
189.17377
-100.76791
-53.69937
26.462055
-65.38772
1.0332266
-253.66884
115.008156
-81.31869
109.462654
107.25523
-46.37536
29.048967
-47.683372
-2.5181336
141.14491
-116.90564
41.475998
-30.36548
-25.576311
54.505283
31.48885
-8.155056
43.1179
44.61231
-31.346266
62.97175
-76.69376
3.090928
17.312586
37.618546
-62.08797
-13.892564
69.536
-93.994896
-238.57974
-77.88944
-67.80519
53.504227
-97.172516
-21.532917
-34.239853
18.292612
178.16557
4.237383
-222.51352
-18.642649
174.54633
37.07505
22.287712
-62.93296
154.25488
11.602073
36.584213
54.39822
19.102468
153.14345
66.389694
258.4723
33.909
-45.981075
2.4912648
-14.57963
-4.7804217
19.292995
6.006006
20.240528
-31.99428
-77.14253
5.121305
42.683025
-115.1572
268.0737
79.573296
-83.80347
-4.1777463
-4.7056317
-26.63388
-120.02329
19.176563
1.3255152
-25.620817
-197.91339
83.13456
-25.336018
58.046513
-20.595837
65.5453
-49.057438
36.511932
-35.50526
22.093878
17.98219
-52.650795
62.70779
-82.93607
-30.111937
36.908894
14.461908
10.163694
-48.230755
117.069855
-141.39145
33.413544
-18.189596
-26.216587
-93.79285
18.82775
-69.54919
58.572433
17.842299
47.665173
160.814
5.1862683
-102.80538
93.929504
-51.622414
12.695786
145.6313
128.11276
123.62207
43.439514
-257.896
-168.05658
-35.51076
19.601816
110.89881
-13.762004
6.2307763
-8.603088
173.98436
-27.028055
32.909946
50.140438
-19.997284
-93.59005
28.493727
-25.460396
19.39257
-112.73065
117.22071
151.55608
-168.9389
-53.438766
16.054722
151.41359
-8.301364
165.34018
0.20883107
115.04026
98.47633
-118.29978
31.576872
68.16488
5.3896866
-95.55068
127.75191
-8.956378
63.98585
-114.593285
-32.11102
-37.66262
2.89528
20.977924
45.094288
-44.10723
65.31038
-7.5551395
109.51448
74.824486
-55.92441
-5.275148
-6.546869
-39.98944
-143.42224
97.733284
178.1961
36.67991
-196.0755
32.961937
7.556733
37.00927
-124.97548
59.711285
39.433758
-43.119274
16.66669
2.1722744
-91.17123
25.242342
-67.35911
-77.287704
70.14163
-40.674026
-76.883385
36.06505
24.519361
71.196556
7.762008
-0.67376405
51.71386
-58.839336
69.04257
45.972137
-64.50106
182.98347
-70.91157
-177.3837
-4.3956475
-31.211313
7.930066
-153.0155
-93.68668
48.787163
-125.74805
-71.865746
-97.31365
-21.939774
54.19781
57.2697
-46.375328
-148.59143
-83.9447
43.920002
29.619165
-46.10376
-9.841616
17.695606
74.022865
85.11898
-76.57357
-295.6485
-82.79837
82.469345
-4.510997
-153.79422
72.94781
-123.182846
242.57451
-36.13219
-55.24965
8.449054
4.648091
-1.6642237
-18.111593
-30.290535
72.928055
-29.95602
-53.40644
79.3334
189.88478
58.632896
16.480938
72.87168
-47.464527
29.954994
212.82283
38.721725
62.31286
-9.633887
144.60399
-4.9940324
-192.4884
70.97898
184.64803
29.69899
-40.88227
-6.139161
128.2829
-136.77844
-4.61708
5.731162
80.02223
-79.8108
18.009056
63.620785
55.622982
-130.45377
-49.517067
-88.99056
219.06917
-0.59444946
53.206726
26.105206
47.940395
-156.69592
58.361115
49.03491
-178.81628
155.59431
1.8812369
-99.68052
-11.357931
-71.8478
68.162926
116.034706
59.779476
-308.50183
45.649258
-62.772396
-69.79867
-133.70798
-4.602824
-120.29623
38.23522
-70.008514
30.008625
-17.452692
-23.171747
-203.36792
-96.144646
-32.533627
17.124916
-72.01632
43.683605
-30.53258
6.071246
-10.264508
-194.51009
-0.908334
0.9381912
0.6365026
-0.7542007
-0.3268845
0.046832323
-0.6748892
0.3753984
0.5017539
0.60995746
-0.2002548
0.10222316
0.15589118
-0.6200731
-0.41429114
-0.45347476
-0.0015306473
0.1709789
-0.90850866
-0.9437951
-0.18922758
-0.3319137
0.6413226
-0.47725105
-0.5352144
-0.5401429
0.701463
-0.78490794
-0.40704453
-0.7236551
-0.6354407
-0.86590886
-0.31128478
0.5951053
-0.9892907
0.1787889
-0.17482424
0.60547006
0.569687
0.40396535
0.1522938
0.39220822
-0.3913492
-0.6223608
0.99530685
0.42212737
-0.0125716925
0.3144542
-0.76875865
-0.2963513
0.764212
-0.88021076
0.69904053
-0.040909767
-0.11545396
-0.26028204
0.76678586
-0.172284
0.7134069
-0.060351253
-0.567698
-0.5638106
-0.7771858
-0.3481568
0.098092556
-0.030201793
-0.544176
0.81757545
0.5962508
0.39683938
0.36329412
-0.16179407
0.30315888
-0.30587482
-1.489937
-8.417391
4.1632366
-1.4425277
8.155539
4.687998
-6.4833117
7.516163
2.5516405
0.31835723
2.9096942
-3.3392506
3.3679562
-1.4450829
1.6202693
2.2057128
-1.4820096
2.989319
-1.3107826
-4.711547
-0.33007777
6.005041
0.4509333
0.38094857
0.37597355
-3.5247965
7.6923842
-13.790599
-0.4449903
-6.7866855
-1.3906467
0.67900956
-8.410774
-0.49408877
-10.286081
10.143496
7.9884014
1.4966437
-10.0525465
14.1209
7.7476907
-0.65083706
2.8665755
7.9871287
6.038617
-5.46874
-0.60047334
-4.450096
-10.01633
-2.4530857
-7.3507147
-3.856953
-2.45424
-4.593648
-9.907023
3.7761989
-9.7811
1.0335145
12.958968
1.7557484
-1.3853664
2.6982057
5.7394576
-9.04358
1.4685374
1.1172915
9.882871
1.47465
-8.844859
-16.262892
2.6366055
-4.0809126
-1.6232913
4.254691
-3.4020545
7.6342216
1.2362306
-1.148184
-0.44328
8.494377
1.0436394
-0.08257968
-6.0313144
2.316569
5.2785335
3.8412514
3.019878
-6.528466
1.4886479
-5.681427
11.056227
-14.280345
-0.5692349
8.108697
-0.34700018
-0.3707939
-11.494387
-1.8833448
-16.153038
2.287816
-5.727786
2.907809
7.0486835E-4
1.2559541
-2.7317057
-4.2272143
-10.869903
-1.9855762
-5.6483397
-1.6304013
12.801561
1.7805494
13.536417
1.5808761
0.9038384
-5.010623
0.13998677
15.503286
0.41229925
3.756768
4.950989
7.6676292
3.4808254
-1.7766638
1.54897
0.38969266
8.396324
-2.9697263
-1.7349848
3.0597186
-10.51281
4.099586
-11.57027
-10.78348
-8.593504
-8.3614
-5.479135
2.902148
-4.0266795
0.42028952
3.1646821
-0.44101962
-4.412828
-0.70698786
3.684467
3.5354855
10.526721
-8.720123
-12.704354
-1.5459439
3.0459788
-3.252752
13.848869
6.109184
-3.805845
1.540984
3.626056
18.527105
1.5351901
0.51457
1.6020832
-2.766328
-0.19572039
11.8833685
7.770507
15.723552
-9.010537
-6.884159
4.2389207
-1.4900402
-5.1642995
6.8031607
-0.7582273
-4.460406
4.4519296
0.39817074
9.300251
-5.6859093
-15.684139
2.8829362
-4.0790257
2.174452
10.790884
-4.0020533
-4.16658
5.208174
-5.196074
2.557622
-8.062065
4.313964
-1.4011322
-8.526777
1.3607144
11.698404
6.2300363
3.4428072
2.9318087
2.333357
-9.526655
-1.4336518
-6.613352
-8.97157
1.6615012
1.4855659
-18.496971
-2.756667
3.3455493
-6.000589
-1.30525
0.027956799
9.151311
0.90336895
5.800699
0.784781
-5.6534743
-2.4715455
-6.9805584
-4.0910645
-0.68763334
-7.853599
-6.5206747
3.6167119
18.352982
5.1642313
4.303873
2.119371
1.7678219
-1.3040321
0.6974772
2.6682255
-1.6159219
0.5098199
-9.8733635
10.395219
0.09152249
7.956661
-9.69579
-1.477234
6.9318547
-0.50515187
-14.416486
2.872052
-5.3015056
-4.9197693
-4.0796432
13.793717
5.1418962
1.3653361
7.4542327
0.89400905
-2.9926095
-4.048092
-3.9241743
0.0063765645
4.068278
-0.41900223
0.29340366
-0.31545722
3.4497588
-1.3895682
3.3431165
-2.085781
3.348123
5.2336397
4.816849
-1.7553443
0.08681572
-0.3879175
-0.80020547
2.684919
12.372999
1.310253
8.220777
11.457518
-3.1327116
2.9198732
-4.673078
-4.7593484
-1.4031749
-1.1721971
0.07807121
9.251625
0.6355526
0.0779918
5.385291
12.605292
-7.3075833
4.6682954
-2.1426127
-6.3522854
-0.48005223
0.4614215
5.400812
8.37561
-5.197933
2.0392828
2.3476222
-8.907116
-3.1063097
-3.9605708
4.0998054
4.7395945
-7.901591
4.1715384
11.02001
-1.4507798
0.07861626
-13.11306
-6.4376116
-4.9574957
1.2058829
-1.050256
-10.346041
1.4862936
3.9563503
-16.665579
-6.750909
8.71133
7.1083636
2.3332396
0.8729249
-8.982484
7.456875
-7.536811
-0.8129128
5.818431
3.8657503
-11.814028
-8.910685
-0.44080034
3.9777608
-5.0635486
-6.200642
12.050599
-2.6038215
10.050767
4.004376
13.381882
14.975922
-4.1743045
6.495518
3.5675666
2.438748
9.396187
-4.8208637
-1.7897749
1.317182
-4.17133
6.5698714
1.5129282
-6.6753464
17.754707
10.200383
-15.859189
11.480599
1.159479
-4.731398
-8.960341
1.3295974
3.00909
-3.433264
2.8820512
-4.9717903
4.4332776
-3.631958
-4.7365603
-13.865183
6.4802294
-2.7034318
-3.883148
2.3951094
-0.5230335
1.2908974
1.2496179
-0.60933626
-3.2448606
13.8240385
-1.512336
-4.9200754
-3.225052
-2.106193
1.5748872
-0.0801276
-5.5355997
11.717629
-0.172666
4.117165
-2.941319
13.083402
-7.0679464
-5.1720405
0.7165399
-2.873302
-1.767716
-0.6726379
0.89668953
1.4033625
-3.313263
10.515306
1.817236
1.0473326
-0.08325293
-6.1871915
5.2959566
-2.0195727
-1.3401378
2.093686
-1.456243
1.3230858
0.059123054
2.071438
0.5360977
3.912384
4.615345
-4.388434
-2.9737105
-3.3073335
2.1995246
-10.408209
1.3027369
8.446317
-14.636837
-0.6653201
3.4142778
9.034596
-4.9185867
-2.7500455
0.8084914
0.5828901
-2.7134163
7.3685875
1.7500523
3.0650156
9.641997
0.45903087
7.9889913
5.465359
-0.013717858
2.9929988
0.81439114
-11.712873
-4.6710854
0.09885494
-1.1855739
7.787417
-13.766849
-0.670419
-6.825736
0.41786885
6.1585894
-1.7281789
-2.1492581
-1.801824
-11.288323
-7.1708813
-0.037992
2.0016277
7.23491
-7.2212005
-4.112332
-7.3766265
2.2721632
-6.175572
0.9065674
-8.818683
-5.7229643
-1.8550581
-0.71802855
-6.853028
0.6756654
3.9415662
20.517426
-9.608276
0.92581487
-0.2043926
20.28734
-5.1553154
13.560224
4.4323444
10.665736
-4.6164575
8.845375
5.7074823
-3.0972912
2.538481
2.5919738
-1.5335419
-8.541347
-3.285249
4.2806487
-4.9334803
0.2147676
3.4718683
-25.883688
-16.228827
21.27723
-3.0215793
-1.9182575
9.366479
1.2639154
-4.4913654
1.4371648
-11.20971
-1.1821092
-1.7648976
-0.2708093
7.756963
-1.0195441
6.334573
-3.5686374
-2.50976
-3.1143115
-9.300904
6.959675
0.7616703
-9.438593
5.940699
3.6153526
-4.0820446
-0.098232195
-5.137616
-5.856253
-17.566143
11.19427
2.1286108
-14.714345
-4.710721
4.214532
-21.740976
1.3261111
-4.7309527
-13.671133
9.741924
0.62179846
8.372696
0.9389013
0.23931384
-11.568499
2.4348688
0.1665048
11.336306
2.1911604
0.6412041
-5.619275
0.108648404
5.0764728
-0.64558136
9.096032
1.4062172
3.9939752
-7.3127413
-3.456749
2.5681365
2.3876297
6.4590144
-7.148377
4.2338247
-9.547826
-5.8135667
-12.326959
4.0021553
2.565096
-10.696527
-4.495838
8.965213
0.739046
6.552534
-6.53898
-2.4310653
-10.710278
-7.4902687
2.6265726
2.401623
10.164537
12.906294
-5.7380238
3.512652
11.500829
3.1574292
-6.809096
3.6596618
-4.0908847
6.337862
-1.1228434
-6.330959
5.046908
-5.497249
-7.2301035
0.51118314
-17.206413
4.764764
0.93268996
7.8865104
4.2289944
1.98453
2.5076146
1.2470547
-12.21236
-5.2458134
-5.356272
-3.6043358
9.290526
-3.750512
4.4112425
-7.000101
-8.921179
0.901862
0.62193793
-12.167243
0.3249472
1.318547
-0.50363344
2.4720635
2.5613978
7.917149
-14.237737
1.7137674
1.706037
15.425131
-5.0227714
6.467846
2.931219
-1.5818415
-7.9857883
11.265816
-3.6252103
7.6712923
14.129399
-5.2631326
0.34895846
4.4171443
-9.275246
12.6651325
8.836751
-8.273118
-5.9539127
-5.761834
9.793756
6.2478905
2.9765317
6.070065
10.7290745
-8.146006
-0.6683818
-1.1817808
12.266165
7.152972
-4.050679
-4.786385
0.43787566
-4.8349614
-9.994447
-3.0821862
1.5881873
-3.9261324
-7.0668154
-8.673802
3.8588145
-3.2539155
-3.4539027
-2.9630196
4.423926
5.5453773
-5.8158727
-3.2203653
-1.6218661
-6.0844016
-3.7775342
2.4946334
-7.1630015
-4.006959
-6.500622
3.3254645
-6.2088685
4.775061
5.73096
-0.116487265
-17.208643
-4.8491073
1.797152
-0.591555
-3.5450206
10.8815975
-7.766401
-0.078329764
3.7349207
-5.401876
10.690645
6.4221525
-5.103711
-3.1063976
4.8363366
-0.8979225
3.2649074
-0.18133649
4.0467343
-4.140099
-10.700604
-1.3186419
-8.450286
-8.797252
-3.5563836
2.0576081
-0.9737705
-6.040393
-0.5366316
7.933819
-4.849603
7.600579
3.6285481
-8.681082
7.534398
-11.566771
-3.0388057
-13.08567
1.5328934
-17.190716
-3.583637
-2.462181
2.5963962
-0.8228142
-5.699358
-3.576149
11.828052
1.2033958
-2.8193238
-6.524468
0.865156
-4.683265
-9.540116
0.47162127
-1.7090127
3.1298466
-12.493491
-3.7014425
-3.611126
7.9611726
8.912254
4.5364127
-4.9973288
0.6665442
0.33126917
0.5944062
-0.65281534
6.3815117
-0.5955301
8.014746
0.89739156
-7.3196864
6.2065
-4.565961
1.5565479
-10.280281
-14.8055935
0.13478743
3.190708
1.1164492
0.39929426
-3.1270475
12.637286
2.0056248
-4.75404
2.1575675
12.252718
2.5013368
-8.837455
2.165157
-2.1929493
-4.2278666
-4.4452705
0.19961573
-1.0871512
-2.3682275
-3.8760765
2.0200055
-1.7988379
-6.2846017
8.571416
2.0246298
0.32718122
2.321246
4.030526
-6.3042855
2.9993253
-2.5018408
5.683659
0.82466966
-0.30983898
-5.980515
-5.972576
0.20483346
-19.204454
12.705953
-0.80447364
6.09088
-22.533272
3.3655484
-3.0948658
-11.150099
-14.276807
-3.0499067
5.0466375
-6.1251187
2.113137
1.8418431
11.379948
5.9380307
5.05168
10.490823
7.8253555
2.251191
2.3614392
-4.069934
-9.725891
2.536883
-5.962249
-16.539951
-4.5757174
2.7472968
-17.52403
-6.40585
-1.1581563
-8.080372
2.1089642
4.1309314
17.971048
3.142663
6.5447683
-2.0188031
-7.5890703
-0.33313966
4.959732
-12.719005
-10.819522
10.600355
-3.756691
-0.5868726
5.4805436
-2.2363472
-1.6590979
-4.7199388
-8.582065
-5.7058697
-3.9758866
-3.568794
3.491381
1.6969578
5.1241403
7.5958815
-0.051134244
-3.0961506
1.1640154
0.3811087
-0.5397519
-10.357685
-1.8016473
-7.0379233
12.573431
11.32216
-1.6369123
-0.63799405
-7.480833
-3.1962497
8.204336
1.9840853
8.078983
-2.5876508
6.249398
27.951763
-5.9005823
-15.558178
0.5858097
16.43607
-14.256199
-5.659537
-0.7187727
-3.9585214
-10.273177
0.263163
2.1749601
1.2794163
-8.491817
7.110946
-18.330828
8.789988
-0.92929655
-6.9543533
3.619279
4.3571715
-2.6460564
-12.483506
-38.190052
2.1835709
10.164215
-14.531579
-0.4893146
-0.34719273
3.073216
-17.460781
3.2031012
-5.170885
2.2123854
-3.2574644
2.1289396
2.7975085
2.716377
-0.9293285
16.946787
3.636955
-1.8940952
-0.6973675
-1.3324524
-4.2571106
15.348887
-11.573397
3.4361444
5.554258
-5.5418854
-3.08386
-6.6836867
-7.709963
-0.18460594
3.0051744
5.188927
-5.3626056
-5.2528043
-9.153521
-9.849285
-6.1079354
14.084232
12.340824
0.42380095
2.4472218
2.7876232
1.0547674
4.891343
2.3112304
6.591161
0.7226807
1.4323897
8.21175
-6.011271
-8.731605
-0.4796387
-2.318914
-3.9217513
-1.6121453
-6.7895217
-3.6919186
-3.6481102
10.12547
8.57827
0.061648704
2.7881255
2.4395916
0.0020951896
5.3821526
9.787235
-8.294745
-5.2920165
13.957942
1.4527558
6.2288194
5.4257197
-0.5088074
0.33567002
-11.562428
0.7587582
-4.9948664
1.6856683
-1.4113092
13.50319
-7.7076664
5.361365
-1.7700788
1.2515175
0.07271905
-5.764441
6.090734
1.8868538
-11.977433
-8.7165785
3.3464248
-3.7402189
-4.3440375
-1.5027679
1.5889252
-15.18915
-0.17121005
3.6816707
-7.7406235
-6.5221176
1.849135
-3.1288447
-2.1441655
0.25882715
-0.15753172
-3.6809497
-2.777711
-11.610255
-8.150424
-2.16296
10.776062
0.6503315
-3.0293157
-9.124536
5.273464
-5.123674
-2.8193157
-4.117564
-0.5702077
5.9371896
1.5592101
-2.5434847
14.225917
4.6130786
8.732856
-1.7908531
-1.6024774
-2.0743847
0.73640877
-5.063911
6.767901
1.7571021
9.034275
7.189493
2.5900967
-1.2174914
-0.37039503
7.996606
13.064562
-3.784553
-7.346723
8.503423
-7.462077
7.1437206
-10.616129
12.962386
4.57566
1.0984831
2.2907243
1.5628014
3.714297
5.152861
-1.3560327
6.602357
2.9794319
1.5499067
3.8695877
5.5452
-1.2348251
3.730332
-1.7673632
-1.4002707
-4.262411
-2.973096
0.70138794
3.7496881
-1.3960766
8.166421
-0.27087387
-4.9177637
2.2812061
-10.057516
11.229757
14.965412
-13.418232
-1.909189
10.62202
-3.705635
1.4006467
-0.39734256
4.284105
-4.8272
-10.016224
0.9540546
3.1619956
7.546223
-0.177388
14.572775
-8.7573185
-6.1462655
-1.5774827
-6.568465
-7.8803
4.101084
-7.8864326
10.105382
-5.3545265
-18.411955
-0.3404011
-16.796648
-7.1174345
-0.9636081
3.871949
4.617063
2.0278127
-0.16829136
-19.680096
1.4256325
-3.8181543
2.919816
-8.913621
3.512871
10.990295
6.9959245
8.629566
4.5132027
2.987491
-13.558946
4.0076237
0.5038372
-2.318418
1.3316362
-3.1356611
0.8987595
0.04806411
2.18134
-4.4310594
2.3524036
1.7564477
-0.15949194
-6.4757867
-0.22353539
-4.852881
1.7130896
-2.712617
-0.29899696
-1.4993718
-3.0576031
1.3396163
0.27191675
0.4206369
-0.54250944
-4.9837675
-4.224407
1.182881
3.9366057
-0.057177354
-2.3644912
0.21008709
-0.58920676
1.5250183
2.1452262
-1.9415491
-8.109356
-5.7598476
-0.030026875
-5.9530387
-0.66657084
4.1395483
-2.0429053
13.895693
5.6137695
-1.6434098
12.596096
3.9890826
-8.489616
-10.918106
4.5179567
-2.5673156
6.827088
-3.6530216
-4.9741907
-7.4189115
-11.313814
0.1760669
-0.9650829
-0.2815677
-2.749208
6.3339486
2.2711854
-11.293383
7.455811
5.6474204
-5.099325
9.891096
-3.762193
6.5088873
0.8847455
0.9932021
-7.1973314
-15.385524
2.1837337
-12.554344
-7.5569572
-5.748199
1.7692025
-2.5488846
6.991275
8.730614
1.6909081
2.4285164
1.7325697
0.3184537
9.879516
-3.2202027
1.8473723
2.5795715
2.8897
-1.8461665
8.550426
2.1733985
0.6574522
8.036684
5.39139
-1.1163194
-5.204802
-6.3423567
-5.6819887
-6.4201865
1.0760694
-7.5911646
-11.562302
-13.506104
-0.24977057
3.152726
1.9561232
8.794444
1.2590295
-2.3423517
-5.320285
-2.6863291
4.4994936
-9.8697195
3.121247
-5.5680118
4.7719984
-7.499266
-8.578917
-7.5285287
-3.6932633
-14.299748
2.5281267
2.4212089
9.04325
-13.750372
9.634225
0.7105528
-9.50614
-7.125759
-7.295166
-10.786884
-8.466774
-14.631168
-12.194949
13.673402
-3.278781
13.478866
-17.64264
-13.220919
14.936393
3.3499048
-16.430178
13.439649
-0.2615653
-15.809665
-14.300593
-3.1814497
-2.4546533
-1.6141031
1.1364815
-11.257346
1.0713477
2.6388586
-5.181518
2.4512455
0.67019826
-2.8616545
-1.1955805
0.14417474
-1.5020627
-15.154555
-3.6077495
3.2643433
3.1038697
-5.618511
0.7086447
-2.779568
-5.4970584
-1.8846192
-8.187982
10.074428
-3.5665689
0.6022381
-2.809584
-0.8045634
-4.6325884
2.8466823
-2.6880841
-3.3299956
0.4126533
-11.588092
2.3483925
1.6576437
-11.579511
7.9641814
4.285159
1.5775615
-6.9416804
11.050047
-1.5298399
-0.6687066
-11.836474
4.5931997
4.6302557
0.1617735
-1.2206299
2.1431055
-12.773896
0.84986186
-2.6663437
-0.19421355
0.0062582507
10.251591
1.5796037
4.490964
3.173894
-3.0540612
-7.312431
-3.9329426
1.393497
6.229398
-6.6831837
-8.223872
0.3448616
-14.476551
-1.2266272
0.24328835
-5.2109675
-16.03993
-3.6186733
-2.9236104
14.990324
0.660089
3.0227063
9.3531475
-7.357547
9.683646
2.6011066
-2.101831
5.805586
2.4577134
-3.7478156
-7.5063777
3.389134
-0.22918135
0.17322958
-6.05134
1.2409757
-7.5743117
9.080549
-3.9617758
-14.019549
11.672391
7.5354295
-15.700152
-2.9697864
2.7049778
0.30758205
1.5935729
12.456261
10.616144
0.4672611
-1.8820685
11.164463
-7.338445
5.964814
-2.0421355
8.278017
-2.4737267
-3.4311361
7.7032814
2.1114197
2.3287134
-3.6037078
1.1603312
-9.87465
-2.947045
0.9101734
5.247499
1.9096236
-6.6349673
-6.6929336
-16.672575
-6.8581367
-0.2800571
-4.732516
-1.1588777
-4.8687944
13.7991905
0.8870583
-5.38432
8.039203
1.9024215
-12.1740055
-11.912622
0.44506958
7.2028065
-0.06532192
0.007193171
-1.7386063
-1.2020084
-5.6643987
6.9008656
-2.7893903
-6.0160503
11.247744
-9.845624
1.3750865
2.14565
-9.769744
-4.4839883
-3.860335
4.419555
-5.239677
-7.9033957
-6.833565
-6.43473
1.467989
16.648777
12.814345
-1.0415654
0.2980143
-1.3838142
2.2071698
-3.9891245
-0.56632215
3.9907932
-13.8018465
-7.737543
20.829527
4.2558246
3.676082
-0.9718105
-0.1561052
-8.142833
0.4279731
-4.339811
-4.45898
-2.2906182
-6.6830745
2.2375722
-3.1631122
-3.8712423
4.6665807
3.032074
3.9217775
2.2774036
3.3359935
-0.19870971
2.2704892
5.591482
3.1932583
8.076458
6.7062454
6.8184476
10.926799
9.390165
-9.045342
9.042378
3.2724335
-12.084605
0.31766942
0.3235221
-4.0780244
-0.2908403
2.9388409
6.20234
0.18096338
-1.8837658
1.3036395
7.3043303
7.6658926
18.11998
-2.5669127
-0.86912316
-2.7118862
-3.7689118
-3.2059703
4.80056
-4.7001214
6.1264133
-0.2813726
-0.6559529
-9.422885
-2.0512874
1.7632878
-2.166392
-13.983304
-5.8061285
-1.5926471
3.9342792
-0.5389255
7.2714095
1.0488324
1.5419968
-2.3716118
1.6863792
-2.5637941
2.7896583
3.890265
5.8810163
-4.381289
-5.6306667
4.96833
-4.748733
-1.377167
-12.153116
3.8065856
-5.470045
-4.303297
-11.396856
0.4450823
-7.330914
2.079221
-5.8264008
-3.4971592
3.7837975
7.752291
-4.494599
-3.969064
4.5444975
-4.1549053
-4.2576795
3.1999915
4.760886
-3.929564
-0.9281407
9.780964
-10.252449
-6.636314
-0.9820116
-7.599968
5.905301
3.7796195
5.084044
-4.1323752
-0.5831154
6.264745
3.566468
3.530133
6.7058406
-0.14327715
-8.65022
0.2133774
-13.098016
6.3086014
-4.9270134
-10.305915
-0.23720005
-1.881067
2.6658165
11.958472
-8.299505
10.392104
7.1481824
-6.1984944
-1.4889425
-1.6489947
-4.1580334
8.720922
-0.22457455
5.47907
4.3259187
-4.9874196
-9.17481
-5.5031943
-3.3860755
6.4571524
1.807071
4.5539865
-9.336566
-6.337185
3.419028
-12.29135
-5.576805
0.4450538
-2.848351
1.9491284
10.821538
4.1909
-5.7663636
-0.11007524
-9.791147
7.6545773
2.0209544
-9.207984
-3.6327844
0.58255196
-8.937252
-2.613201
-4.432807
-1.247498
-6.1215177
-0.15990931
-1.4488771
3.8521407
1.7217617
-8.973919
1.7400669
-5.4835463
-1.1336186
-7.163502
0.32985243
-5.291236
1.8796347
-1.3220288
-0.4484687
4.551822
3.5361972
-5.6853323
-13.121034
-5.005838
1.5890373
1.5372809
4.895199
-7.4779267
0.39224085
2.3225017
1.7810521
0.4702656
9.166786
-1.097149
-5.07952
1.389714
-0.045428213
-3.5521822
-0.4310376
-1.7646022
-2.4085464
-0.37777355
19.120888
-5.6867137
-0.97625697
1.8920623
20.642157
3.376728
4.1473546
0.63859975
6.8190713
5.913935
-8.140082
-0.49494419
-1.4338738
0.3749015
-0.20667407
-3.3663507
-2.2428372
8.274383
-5.4815097
0.3328524
4.722751
7.7437243
-4.947274
11.680636
-5.7275968
-3.7465744
7.105584
-11.281791
-5.263481
0.5938784
-4.889217
-9.634324
-2.3656745
5.8623776
-5.002306
-11.632683
9.684585
6.3437085
7.3973784
-4.2198277
2.6745026
0.54637206
2.429392
-0.54868895
9.445271
3.0693722
-16.17621
1.1897773
4.2736187
2.312322
14.049533
-1.7949513
-6.2638774
5.477088
1.1211909
-0.3867328
7.527371
-3.609064
-4.660349
9.177011
-1.0004076
9.892894
17.57503
-17.435886
-6.2790594
10.576948
6.5020714
-0.6751896
3.7617178
14.483955
-1.5456256
-6.209274
10.29421
8.3867445
6.580962
5.5446415
4.85039
1.9993695
-2.3321779
-0.9291475
2.5604763
-1.6774307
-14.433597
2.0608683
-5.5816884
4.515937
1.6693588
-2.5428057
-2.686128
-1.8607528
3.8249547
2.6312978
8.093374
3.7231958
-2.336988
-0.41596013
0.5872507
-0.9770542
-10.751261
6.563781
-0.73157954
-2.5454814
6.5834804
-1.8850127
6.921962
-9.609929
2.2688205
-3.5697198
-5.626551
-14.076126
-12.588376
6.161861
-3.5846593
12.051463
1.6684346
3.4415948
2.6141312
7.104543
1.1269673
-0.063498534
3.6328714
-15.696012
-7.7421613
4.857806
7.8801823
9.533839
-3.0254333
0.25562567
-8.185141
-0.29655385
12.820015
-14.9646
-11.667299
0.9182816
-5.926587
-12.453388
-16.627596
-3.3660188
2.0875127
-13.892244
4.6708555
6.147065
-0.8169896
-0.14227349
-3.2248797
1.7285081
7.3398166
2.2357342
-0.594841
-2.7201552
-2.1907148
5.181419
-10.637626
-4.2599573
3.0822103
-6.620125
0.7136726
8.829418
-12.150003
8.79763
4.6004896
-14.218982
-0.13551225
1.9412172
-5.615061
-4.235026
3.6197336
-4.0386424
3.7750566
2.4380326
-15.304632
0.5755989
-2.1472247
-6.120117
-6.2399254
4.3280425
-1.7113638
-4.8652906
-3.4653263
-5.925124
-4.4782524
-15.315915
-0.5685494
-6.9473224
-0.8306319
-13.005259
-8.141398
3.8528488
-4.9152365
8.573078
13.473659
-2.9334865
-0.07378955
1.2533481
6.0896115
-5.1355977
-0.12960346
-6.147584
-5.112489
-0.6003847
-8.981161
1.5511054
3.384441
12.135745
-11.120063
5.9735637
-1.006137
-3.0561564
4.57509
-12.207396
-3.3289905
8.672537
-8.489388
-3.7083442
-1.3859813
5.400255
-8.4647255
8.515719
4.4479284
-3.4927545
-2.1964958
-13.843297
5.7080164
13.410796
-7.8136005
-2.2979705
4.0930395
2.8177092
1.3965927
-2.7121255
5.3697977
1.3477179
-1.7992339
-9.407443
-5.36809
1.0861301
-6.1049347
17.13965
-0.51481587
2.1459064
11.380761
2.924124
5.182879
4.9477963
-4.181348
-0.38611186
-9.333567
-2.6047857
0.854967
1.3256577
-5.00326
-1.6645457
-3.773526
5.232621
0.39600816
-0.96098524
13.317572
-2.1537478
3.6038947
-6.3888583
-0.09725339
-2.9821634
-0.94179964
-3.9947424
3.611219
0.041215844
14.382225
-12.363528
-0.99953777
3.2659204
-8.451469
-0.07928803
-4.334507
-7.946341
-7.75654
8.984609
-2.4896853
-1.7370553
-9.931771
2.6171439
9.839366
0.8164525
6.6690006
-0.36278334
-3.783346
-12.104967
-0.007257884
4.9121594
3.0457213
-10.966041
-2.5026166
-1.3320106
-11.099589
0.7993791
-3.4265082
-7.2432656
0.56108
2.2279177
18.02766
2.8300385
-9.021608
9.160415
2.254956
-5.315386
-8.51185
6.3134875
0.64169973
-0.006788997
0.16805108
4.5973473
3.59614
-10.222973
-1.3271797
-10.687132
-2.4852448
-1.5430586
-5.5843525
1.2407143
-6.085084
-6.270589
-1.1911451
-5.065924
-1.9849529
4.5659056
0.43542123
-4.776359
0.7078344
4.51906
0.5943663
6.171883
-10.230701
0.601365
-3.492661
9.875393
-0.68455714
-5.0139675
11.382638
-7.857881
-9.580696
7.5707107
10.568819
-6.4046965
-4.802223
0.9275042
-6.190713
11.305377
1.533671
6.819983
-2.9205666
-3.6216333
-4.729473
-0.5637681
2.3234239
-4.9286194
1.2449704
-0.6861477
0.23141916
6.764779
-1.6957709
-1.2367868
-5.4182262
3.7222786
0.661354
-7.865253
-7.774397
-1.0734625
-0.2081849
-2.8006544
7.117214
-4.2787957
1.6299036
-3.734468
-1.672705
-6.2224736
-1.8618066
1.1157707
-4.698138
1.5292867
2.5287387
0.094808586
-4.5679584
-11.187789
5.1684175
-7.404026
6.452288
5.8316736
-4.6299357
1.8027521
13.774837
-0.29131854
-14.570372
-2.639712
-2.02393
3.4499698
-4.9380536
7.7649913
4.158163
-8.6169405
-6.559001
-4.3001356
0.5881517
5.774971
14.641241
-2.5822136
0.5319981
-4.4053392
1.6376903
-4.1735835
1.3938949
4.955465
9.897961
-0.9510361
-8.008722
-1.4739859
-15.262487
1.4981631
-9.124749
0.8702468
-4.0966716
4.1289554
5.8704033
-0.12709776
7.8916063
4.1883793
-8.236973
2.0335379
-6.3551726
1.999416
-5.5330076
4.3359394
-1.5727577
-2.086421
7.4924064
0.6835316
2.17792
6.223701
-2.6636562
-6.4748435
-1.3724595
3.9006455
4.56101
5.6745467
-18.137226
-4.3497853
7.795875
-9.131654
-0.16300213
6.495837
3.1328478
-8.162197
-1.4402632
1.3859603
3.3678353
-2.04688
1.4273443
-16.153736
5.240118
-1.564164
1.6210269
1.1217571
-0.27658495
9.494598
4.9351177
-21.188858
3.534478
-6.840893
-10.231547
-5.7176037
13.407367
-14.166826
6.6012225
4.775399
-2.1406379
5.118823
3.9503508
-4.5841613
5.4117413
3.4100764
1.5889124
-3.559014
-13.946107
6.791964
6.36239
-1.8928326
-7.891014
6.4389405
-5.609257
0.5872225
2.1090117
-0.8416119
-0.06795733
5.0680957
0.04125725
-0.08755012
-0.06352453
3.2122893
-3.8865557
-2.3844204
-0.5475826
3.41176
-2.4690695
-0.41696793
0.2905959
-0.06542993
-1.5241187
-2.6603353
-1.0990437
-0.22106197
0.43088615
-0.7217605
-2.9133143
-1.6664807
1.2383723
3.5783062
-7.720052
-1.4978082
6.972009
-2.738299
0.50906515
1.9809641
2.113733
-3.158982
0.7870409
1.0966544
0.9789734
-1.4248939
4.453352
-11.906895
-6.6096144
3.4752512
2.8131948
-4.893039
1.2987772
4.608742
0.29611218
-0.9635286
-0.018467039
3.7571402
-3.6931574
9.185737
18.03323
-7.471203
5.4719753
3.697604
-4.1508355
-6.5152864
8.870883
-0.73448944
14.950608
2.5069404
-5.068526
-3.971308
-5.5726643
-4.8166285
5.912347
-2.213969
1.6366863
-3.1123955
-13.549653
4.7406305E-5
1.1474289
18.467134
5.042827
-1.8139423
-1.2725407
0.865483
-6.626117
-3.6786737
-1.051979
-1.6085595
6.9054604
-4.8764377
3.485561
3.2286546
0.07250484
-3.7888598
-13.168356
-1.7995676
2.7919624
-2.7170506
-6.650364
0.29232112
-3.193795
-1.7436711
-5.2654986
-1.8150777
0.92177314
-1.443863
-1.1831533
-1.0441217
-4.369305
4.734354
-2.6628957
-0.6908533
-1.7332281
0.52855957
-4.6250005
-5.4865303
0.84584916
2.866098
0.24187617
0.55886865
6.212518
-2.6282754
1.4066219
-7.9408655
-15.748392
0.08162485
-5.620654
5.0338683
-4.1856217
3.5141063
-1.5552725
1.8396696
-2.0932138
-0.93016815
-1.4553958
-10.191241
0.9579123
-2.4226813
-7.9478683
-2.7656963
-4.139159
6.4054413
-1.5626287
-3.706194
-10.945945
-1.0285417
3.546134
-15.131271
-6.136194
0.6907415
-9.2428665
-7.8427234
-0.58262676
-5.460091
-6.013944
3.1526403
-8.687439
-6.6175456
5.1095123
3.101528
-1.0757617
-3.394225
-1.9030328
-18.054222
-1.7413518
-9.428366
3.800415
-1.1165094
8.359469
5.7173023
1.4602119
-16.983715
-14.363903
-5.0995126
-4.818635
-2.943556
1.9978206
-3.3842134
-15.390717
10.652704
5.409774
3.0148342
18.127163
-4.162327
-4.9233723
1.2142764
-5.5264993
13.77453
-5.7827935
5.235207
-2.4367065
-11.425954
-2.793332
13.846562
-5.610891
2.3888452
4.5811367
-4.5634875
-4.200216
-2.552499
-0.009332788
6.1323524
2.478346
1.7827036
-4.6027617
0.828617
-0.5011863
6.179563
2.4827068
1.2883388
4.359209
7.3632097
-6.053618
3.664041
-7.3652377
-4.2240915
-7.961366
-0.7616505
-4.0825205
13.511208
13.911042
-0.14774151
5.344161
-2.6174495
-7.854184
10.6565895
-3.7398477
3.5837996
-5.8182883
10.292673
4.229395
0.81579244
-6.7638135
14.549214
-10.619841
-9.938559
2.2218833
-5.447667
-4.8022666
-4.680414
2.2576318
-4.1097465
6.74255
-10.426887
-2.807114
-7.001484
-8.742383
-3.9409437
-0.80776435
2.7552438
5.3112073
-4.709581
1.8071482
-11.505351
-4.7178617
6.7287526
0.67232615
1.0277716
-5.0914283
10.949217
10.822327
1.2862899
-9.106346
-2.2232854
-9.303609
-4.513352
6.8004103
-6.0823
-4.4488006
-5.35289
6.677688
-6.9860077
-0.67989206
0.4170028
-4.772292
-6.3840246
3.5966318
-4.307017
-8.141322
-6.0974326
4.120621
-5.71813
4.7060113
1.4489421
4.1635256
-6.2799273
12.040455
0.6914374
9.061315
-3.1975954
8.206126
-12.623291
-14.517699
-0.33992743
-6.4355655
0.026266357
-4.198894
0.9338659
7.8334765
0.15160324
3.4996076
9.954681
4.841698
5.003685
6.219533
-6.168365
-4.8903365
7.201945
0.9590358
-2.870603
3.9026217
-6.084509
4.4872146
8.647907
-4.5742345
-0.7336739
2.6317403
-9.038138
8.037421
6.716577
-12.790817
-2.8180156
3.3117685
-7.461091
-1.7132578
11.362617
6.239007
-11.31073
-6.2435827
1.0067202
-3.3837166
1.9509946
4.988339
-8.02393
-4.0785656
1.856862
4.014764
-11.780777
0.44895482
0.37554088
5.480963
-2.1278913
3.2963178
-0.99797034
3.8087685
-5.9181833
7.283819
-3.7796757
4.976306
13.447408
5.7348394
5.780517
2.5325925
2.3258383
2.267551
-1.4240792
-3.5963824
-2.1074948
-7.241764
2.0395317
4.612235
-1.4265921
5.2054763
5.8606668
-8.623948
1.7723075
1.2597953
13.038488
-6.9472885
0.42500684
13.301242
-7.5158935
-6.719081
8.233832
-3.8413837
6.632846
2.878773
10.505263
9.427583
-1.4632262
7.0432715
-2.224507
2.4644551
-0.5200341
1.1405206
1.8099148
3.345682
1.373517
-4.147436
-7.518501
-0.74259865
13.350419
-4.43494
2.4581122
8.2361145
-2.6824923
-1.1062566
-0.5951121
-1.785159
4.635872
1.0187159
1.3776863
-2.0561423
-4.4704537
-4.120894
7.0356064
2.409869
5.082498
2.8319225
9.475937
3.7630696
-6.1137314
1.3297943
-0.3850364
-6.0463085
-2.7708614
1.9307334
-3.6804996
-3.9130077
-8.805981
-5.561645
4.1945
-11.246796
-1.234326
-3.7982762
1.8588289
-4.9587107
-0.2721353
2.9096253
-4.903325
-8.546217
-4.1431556
-16.284103
2.2699897
1.2658384
7.9389253
8.433583
1.3441061
-6.9572673
-7.2153244
-2.9133475
10.444418
-2.8013146
0.69005436
4.9156466
-4.1143413
-3.261317
-2.6708837
-7.972932
-14.627684
-3.8803701
-0.9826188
-3.667697
0.85147935
-14.720871
2.4413114
-0.44890478
-5.8038983
-3.9408486
-0.7795206
1.1887493
-1.6022788
-5.214369
-3.6512709
-1.4284257
-0.28211498
2.494564
4.528581
0.08204609
-1.5332259
1.220762
-16.7438
0.99816877
-0.47104025
1.8131237
-12.548636
-4.7355323
-0.54934454
0.46778893
3.2417712
0.10103419
1.1919087
-3.02212
0.7558455
1.2278183
2.0449462
-1.1432558
3.1929572
-2.3295314
-2.1062183
-1.8295996
5.8612432
-3.6689656
2.7543914
-3.1952953
-0.16840577
-3.708859
-1.9626452
4.747562
-1.6652544
-0.9447214
4.7122064
-3.7012336
1.8736124
0.601243
-4.087741
2.7267208
-5.299807
-4.6217475
1.6523696
-0.039943215
3.1739032
-4.2308836
-0.5564859
-2.859198
-3.038539
3.402028
-2.735787
2.345905
2.4636512
-2.0848067
3.0675714
-2.346632
4.4806924
-1.7802235
-2.792733
-1.502383
-4.588502
0.59138477
-4.1187596
2.8798096
0.5603391
-1.4666162
-2.0201933
1.344896
-2.4193065
-3.2677557
2.998992
2.240833
-4.9391203
-2.5931556
-0.77693117
-1.2310729
4.2638273
-1.61837
-2.158041
-0.29198655
-2.6487906
0.8337642
-0.6947061
-0.21564598
4.2268257
3.3548057
-2.9430308
-2.9646378
-1.1714485
0.3571333
2.618128
2.532055
2.6838176
-3.1129625
-0.9802502
3.3172057
-1.6101284
-2.3174357
-2.4039288
-2.9347053
-4.1916547
-3.011969
-0.6336147
5.6683645
-0.82343733
0.67061865
-3.0434642
-6.192564
-5.57351
-3.9221654
-0.63715875
-1.8757993
-0.45194533
-1.366194
3.4263074
4.5255723
-0.33683455
1.1010396
-0.12857789
1.5324414
0.85171485
-1.5259694
0.6331676
-1.1145773
-1.2465869
-1.8696009
-2.260344
-0.7949868
-1.788162
-3.6943574
-1.4094644
0.79393893
2.2905402
5.9920645
-6.124255
-2.7907925
-2.4765458
-1.1908818
-2.6846192
3.2044966
1.085359
-4.076686
-3.4337955
-3.9971306
-3.0668175
1.2761612
-2.750675
0.84748733
-2.8490944
-0.08499925
5.7051663
-4.148366
-5.364859
-4.6563935
-1.5629014
0.07881739
-1.1315316
0.28741968
-0.21757066
1.512925
-1.3249596
3.1851122
-1.0379204
3.763579
-1.4876931
-2.8981416
3.7745562
-2.8891444
-4.09883
-0.273059
-4.223399
-3.7367082
-4.379866
0.5450764
-4.485425
1.8248637
7.444397
-2.0965998
0.6605103
-4.600918
0.37451255
-2.1272588
-1.2940274
4.369591
-0.36489657
3.913263
-1.6812583
1.805633
-3.4293919
-3.988967
-4.283065
-1.289644
-3.0879388
5.5710483
-2.7517161
-1.6277462
4.29122
-2.556357
-3.4118567
-1.058463
-2.1983812
8.12928
-3.209175
-1.5402659
-0.9859446
-2.012103
-8.938228
0.49134332
-2.7989502
0.5508095
-2.8362143
3.0857396
-0.52191305
-4.23418
-3.7203012
-4.776941
-3.3457327
-0.67725754
3.1587572
-2.9235055
2.8518667
-3.9147675
1.4711949
-2.7733083
-3.8198543
3.7053657
0.74267465
-5.803808
4.6721296
-3.9574444
2.754424
-5.1332693
-0.24988271
0.931402
2.3485012
0.1024616
-2.2118018
-1.4797252
-0.6074333
-1.33473
0.611479
-1.7052096
-1.8874756
-3.9363525
-2.9813466
5.0254636
-3.623116
-4.2499485
-3.0219004
-4.8691335
-0.36167547
3.9392397
-4.2342796
-3.0381577
-1.70186
1.4660572
2.851906
-0.16774759
-1.1228583
-4.956223
2.4979656
-2.8525631
-1.5861249
-1.3451521
-6.0769873
0.79030526
-3.19913
-0.61928535
-4.398129
5.1903043
-4.895389
3.4468799
5.9212475
2.0467675
-1.3490402
-3.2271252
-0.87292683
0.8187794
-4.873381
-3.6723466
6.808156
1.2295098
-4.689031
-1.59428
-0.057814404
-4.9542193
-2.8073916
-2.3137307
5.169812
-5.751698
-3.5332522
-3.3456278
3.6838052
-1.0366616
-2.9072633
-1.4371762
-5.239557
2.250603
-0.33074155
-0.29980215
1.6208514
0.20850168
-1.0465525
1.7577419
-2.0558853
-4.6130333
-6.0766826
-3.7165394
-4.8139067
-13.275078
-6.197835
-1.776465
-4.3609896
-5.3168917
-7.041264
-1.0770719
-1.4847946
-2.523443
-0.8658309
2.1703687
-0.63688844
2.33938
-5.1533966
-1.6021658
-3.0913894
6.0643625
-2.081654
-6.436938
1.1033977
-0.74141836
-2.1446693
-1.4165382
-5.5384755
