0.0
0.0
18
2
36
36
9
40.07065
-117.61374
39.90468
177.68448
-38.43232
-93.35964
-22.53457
68.1507
-89.11971
4.1071944
-95.546104
-4.4818883
50.033104
-86.23764
73.3685
-9.954132
-11.52786
-46.770905
-216.3899
-151.8048
-125.53354
13.237374
-90.271774
90.08817
111.42362
-149.25377
100.0954
-20.06977
14.456049
-158.74968
12.97059
109.52592
-21.844076
-72.8485
-204.04092
150.52267
80.18508
-8.818475
-14.706072
-2.2974038
-32.3827
-51.39374
13.994614
-158.83864
72.07203
-72.041435
-74.98641
22.99726
-111.02812
-86.77714
10.394671
-199.61467
25.971113
-77.446434
-215.49847
36.46205
-26.965775
-7.49899
97.17556
-99.5027
-72.20699
-74.65166
-61.6953
70.722046
-29.689653
36.39021
-38.12293
64.689125
-110.62587
-62.304993
0.8488413
38.811234
36.61185
-173.37556
35.31473
-33.00558
-26.43967
11.370171
7.2039967
-49.39235
80.40523
-8.190267
23.418058
-121.26665
72.39783
63.961185
-12.601819
10.484788
-3.2204657
-71.521996
98.64605
32.669373
-86.395744
-58.711967
-103.01033
-35.84254
-12.891658
-27.516497
-271.88928
-16.445986
102.47748
-100.57699
13.116995
12.575816
-26.725695
-54.81208
-89.90697
157.04973
148.86322
-11.392506
-33.701923
99.313805
0.21218647
-14.635815
-58.637737
-63.32503
-69.77703
49.75607
-146.44005
-111.89139
-165.60826
13.940635
-9.99246
-103.47366
-47.950954
-11.441623
32.696632
-1.9938608
-13.2599535
-26.058447
80.76249
123.76519
-44.687305
136.53168
-61.243416
54.174744
134.80576
-35.130146
-51.53072
-122.32534
-76.8104
64.099365
-1.7360389
31.76179
-0.534581
-44.016624
-25.19457
16.515915
-32.0075
-1.9940344
128.24661
-66.854935
-7.5277877
-0.54011077
134.24675
87.98305
67.24175
-42.473648
-77.70155
-71.72136
80.31349
-135.54115
-17.461178
25.71065
28.237562
-44.041
83.21183
-8.394248
-41.300186
-31.980484
-4.350752
77.93859
8.279048
2.291496
-29.619822
-53.059547
-196.07318
213.2633
158.65627
120.830315
-5.905441
15.779914
139.63333
53.712326
-32.0314
-34.128796
-69.028336
68.71321
-8.497219
-38.954453
-68.09139
-155.07219
-176.62428
-61.77433
-95.64792
-25.883617
216.7138
-19.015593
11.066996
-26.20127
-41.10136
-136.78346
-145.6285
-58.745087
30.190807
-111.851616
222.04427
-39.476677
-115.280876
40.99477
-21.082956
-23.652979
-42.427383
75.883835
-71.581184
18.3957
39.889336
16.98355
165.34671
-10.3563
-17.575521
-108.11826
-20.384789
93.34284
-25.320345
-28.03729
-1.3076471
-113.306755
-0.019737275
176.62831
-78.81422
-27.669289
44.933002
157.18837
57.481937
9.2073555
42.868717
53.842766
69.91852
-81.27076
8.809307
-37.01331
-17.014626
-45.765476
107.643425
-131.20093
-40.487804
-99.303276
21.618282
-120.638405
89.40766
6.353417
24.380981
75.96419
40.50667
19.664831
-27.067516
-2.4143155
13.665471
-43.138332
11.395608
11.873168
-0.37731683
-6.7806807
-9.163009
-0.49371007
-55.64441
-71.94766
33.585205
41.363953
67.22803
4.867544
-1.7067468
62.962055
13.823703
6.0111637
41.98845
-57.980442
-10.127963
-15.995463
-15.78109
-109.261246
-62.292583
46.201637
-55.887077
3.5784054
16.783194
94.53049
-46.94753
-43.525658
-221.1999
-1.0995573
25.21814
194.56363
-18.17705
-125.60487
62.471306
67.10307
-65.39735
-136.62558
-69.41028
-4.159928
5.5341644
0.4904438
-22.991348
146.20499
12.764865
-179.8285
65.409645
-71.0526
-0.7146142
86.46885
-80.63369
-16.75062
21.917152
-133.21063
181.42249
130.2847
-80.720085
6.724757
-80.094154
218.56786
-161.11385
-192.70189
-63.09049
72.546295
-131.01996
-88.81099
-18.520569
234.51932
-6.1100903
-20.992044
90.633644
85.74142
-37.055256
116.57699
14.2224455
11.934906
-80.035805
85.324585
22.683086
40.395195
-58.933205
6.1906095
23.280111
-30.074291
-152.23239
122.252174
-84.999825
94.94059
-40.871082
-223.42262
58.196568
90.716805
232.95148
-17.560923
-34.120255
12.567169
-84.83743
5.2657704
50.5384
-35.583054
-53.364265
-16.706036
11.879647
-19.801428
-137.21878
5.348772
102.91599
57.921345
-111.49769
89.0079
5.8599453
-1.0201219
3.5188026
14.6888485
78.837006
-261.5362
-0.17233725
60.478348
-61.257874
-0.8341731
13.177808
44.59589
-34.186123
5.8327303
56.461914
175.56593
-22.496262
-47.794186
-74.64416
-23.031971
46.573826
-153.32767
111.06842
-110.43629
85.77445
-116.93407
-31.98754
25.79669
-32.461174
-48.734318
43.584576
-75.605995
95.67708
156.97295
-43.896225
-188.73442
-10.776093
40.975033
-7.56102
-26.774845
-162.72932
59.496662
11.784823
11.363493
-63.24965
12.913306
-42.971806
-133.24434
-112.855804
-111.912445
-30.20862
-13.730679
58.322746
77.19426
-92.382385
101.315056
-70.394485
-65.28417
-48.496895
47.229553
45.560158
106.787476
-20.860964
-113.32031
-30.475372
-80.18577
-115.61531
-167.42616
131.51031
74.223145
-33.031204
48.883156
12.723996
-57.110836
72.04425
91.56178
-11.593874
-63.744465
-0.9002886
-1.3755788
-110.75676
-59.668995
-20.632898
-89.68794
-59.56025
88.7451
-142.90776
-110.73995
-221.77548
210.40907
67.06442
-4.7541566
87.98512
188.95564
95.44956
-40.25096
31.693373
-105.15008
-23.162224
49.440266
-34.599716
-2.466944
27.690475
-114.91295
-19.947815
25.76205
74.51334
-13.251972
2.2792768
-195.82529
239.1098
-21.911179
23.45994
-17.503214
1.9012119
-1.013979
-1.9234415
-104.407005
-126.255
43.700623
115.33787
21.30242
-77.348694
94.127
98.81462
-112.81789
-111.788956
-73.8943
72.63435
96.39345
28.642057
22.027569
42.243153
84.27646
35.22246
110.38403
-13.678454
25.598555
85.32569
-9.803667
53.668835
12.984743
38.271168
-55.620644
-8.61479
-40.166416
55.699333
-104.869705
-109.9475
139.50851
-3.098337
41.655144
86.18727
21.44938
-96.50477
-42.859688
-5.6725
72.18464
51.85771
138.22409
-63.400757
126.73953
17.141981
84.455696
-91.990875
16.27891
81.71683
-34.5323
-176.39896
-168.37683
77.11182
-62.38276
-23.48254
12.604921
-12.867099
-28.392464
47.33189
31.295458
-62.380642
-31.052649
-6.4300566
-54.126724
-22.402397
58.093143
-0.6361429
49.92656
-0.51456034
9.3047
-41.476223
-17.112148
20.090956
85.25542
-120.826775
-29.55557
142.1772
12.389035
-15.361818
-20.003313
-95.80891
-115.895966
39.310028
-13.022206
-7.955876
70.908615
-40.04847
95.67193
-37.614117
55.593273
-32.258827
28.992569
29.957664
34.259525
-105.64467
-90.113266
22.886858
26.138182
-102.55538
111.906136
-82.41815
19.271292
-81.88496
-74.39036
13.088751
-176.78871
-2.9229996
33.420734
-11.616454
-0.9678797
30.430008
22.641195
-123.2247
58.900047
-22.179611
-16.577515
61.605907
-128.41667
139.16219
-57.66801
-159.65448
-112.35899
0.8781564
-0.63183105
-0.013180494
-0.994568
-0.5326654
-0.8977119
0.15793669
0.7252108
0.05369389
0.56700194
0.12336862
0.27190173
0.5108979
0.815889
0.25137913
0.29426932
-0.5486196
0.15695882
0.6928868
-0.7658967
-0.09193611
-0.2305162
0.82800627
-0.008629084
-0.49696338
0.23652303
0.14775789
0.846053
0.5285108
-0.42162418
0.049142122
-0.7041192
0.3315133
0.5986818
0.7665324
0.0345968
1.5719692
-0.43188027
3.911375
6.809151
-7.9228673
0.50135577
-2.860034
4.0673957
-9.864169
-8.575231
-2.15248
2.2737665
-5.1626086
0.18698771
1.6522484
-2.4986389
-9.320622
-4.622669
4.1409106
-8.274733
-6.036649
8.745622
8.402821
-0.530482
-2.993658
9.702672
-0.9852747
-1.4295415
8.102976
-3.806454
4.1004953
5.0947623
-3.0855112
1.3994418
-2.616503
-6.4742045
-13.364896
-8.63072
12.414071
-4.967373
8.906427
6.0123563
10.072272
-7.768393
-1.9309568
9.676208
-4.981011
2.109342
-4.8906026
-5.8880424
-8.133911
-1.6505415
4.7752485
7.554867
4.8431964
1.3720621
-3.2980556
-15.940451
11.546545
-1.7873944
-4.609121
-3.7659433
-9.130253
-1.3345615
-4.570819
-1.2129174
10.245133
5.895042
3.9477038
2.8747993
-4.380052
1.3787645
2.699475
4.3857737
-3.0396526
2.2275288
-10.496966
0.76471335
-8.338887
4.380538
-1.7086265
3.5600839
-2.1389
1.8468311
1.4940444
0.9267768
4.512838
2.1157706
2.5174294
5.072265
1.7075415
-1.7966169
-5.55692
3.6088905
-2.8377013
1.1406195
-5.597625
-6.608633
-4.253278
-14.123153
-8.386642
-2.85143
-1.1179482
-4.80537
-2.244195
-2.0621312
-4.662948
-1.5648214
1.6327181
10.269048
-8.735818
2.375773
-0.44361588
2.4823809
-5.3261814
9.63963
1.6413424
3.80247
5.2842164
0.9970432
9.5177765
-3.2267525
3.7003522
-5.016727
-3.005309
3.1952467
0.23399585
1.8221645
-5.062603
8.476839
2.6641502
0.5286184
-1.355835
7.1603165
-10.816687
4.5093765
2.6937943
-5.859096
-5.4844165
-5.032116
9.6756
-6.530614
-3.7554557
0.5014377
-2.907486
-2.3077574
-2.2343779
3.688521
-4.0099936
-4.545683
-3.3840697
2.851914
-4.2439246
-5.257331
-0.8515866
1.0743004
-0.4196098
-0.35224622
-0.7187794
1.6966714
-3.1269429
2.9475155
-2.4520307
-4.908629
7.153484
-1.6963886
-3.7085185
-0.94536066
5.5312595
-3.2273424
-0.21887273
5.887189
2.035496
-3.973946
-2.4854202
1.0077261
-2.1485028
0.7372347
-1.0392828
-1.3180062
-15.963741
-6.3286786
2.3232932
-6.4410605
-0.0877281
-4.7755938
-3.255891
-1.4615619
1.1205906
6.3674583
1.5257165
-0.42441538
1.6834307
-6.079354
-3.9001288
-2.593711
-2.6315129
-1.5857726
0.14285207
0.65497065
-0.52451247
-9.450591
2.4218082
-2.4059565
-2.7672832
1.7753074
-4.6423297
-0.37791127
1.2253532
4.049825
-7.6247587
-8.68279
-2.6018302
-0.76717407
-7.9778714
-4.839251
7.896597
-0.006929024
-10.5976305
-1.5149808
8.873687
-7.0759096
-0.20799135
-2.9837065
0.6412106
10.69589
5.3237476
-2.049858
4.472169
-0.12379001
-0.3479519
3.1558812
10.273095
-4.5003633
-0.90167123
1.9590919
-3.3104851
8.672658
-1.2633145
-0.346168
-4.154252
0.33575276
4.6032686
4.896361
3.8384464
-5.769696
-3.7548418
3.2894504
6.630982
-1.2766265
-5.472213
-5.9943943
1.9273697
-2.7248836
-10.602565
4.286135
-0.8428627
-0.833406
-1.8839786
4.674023
-3.2636516
16.085518
-3.88168
2.8060393
-3.9232132
4.615528
6.280565
-8.252508
-9.506614
5.571808
-14.336751
-0.99810344
-9.621371
1.2376922
7.023027
1.120348
-4.8582044
-1.6486479
3.1957684
7.3898134
1.0543118
-6.253965
3.2401097
-1.4951817
0.8439619
-7.976936
-10.594978
-9.0163355
-5.8656864
-7.446077
-0.59518355
-8.128271
-1.296234
-4.0309153
-0.2391236
-3.4563696
-4.253213
-5.174517
-3.7193742
6.512844
-1.331374
-9.556796
-10.960266
-4.045705
-4.5390396
-4.7387414
-2.17516
-3.2754943
7.988922
-7.1124883
-4.6706595
-2.2278676
-2.8145363
-5.770695
-6.6829247
-0.50564945
0.8854074
-5.854141
-1.9472061
-3.032539
-9.244329
-4.555246
-0.3809509
-3.774658
-1.4715123
-0.18659212
-1.6570778
3.2208266
-3.6679575
-3.0184743
-1.0973345
-2.9247947
-1.4253212
-12.01495
-3.0010731
3.2330768
-5.521981
-2.183082
-5.393587
-6.975564
-8.844571
-1.7453861
2.2593646
4.134434
-2.0312707
-5.6606846
-1.6416887
-2.6951714
3.1670659
-4.271584
1.9712797
-0.94541913
-0.9312467
2.2166686
2.4899242
-0.5171109
-4.2134495
-0.90752995
-1.3937095
3.098114
9.552518
-5.7650933
-10.509779
-1.4818255
-11.87467
1.3094975
-1.2903091
2.8262053
-7.13049
-3.4265268
15.571483
0.87037414
-2.722401
3.2667334
2.27879
10.249476
18.696863
-5.087512
-6.6887636
-2.1426826
-3.0281277
-2.5148869
-10.480855
-1.4345582
1.2047149
-3.1249363
2.5853152
5.911419
8.487689
-0.6113671
-6.4492774
2.1171207
0.5149201
-5.265055
-8.609635
4.5264096
-5.5341763
0.89637536
6.1124187
3.3374634
2.6553245
-11.30524
9.049547
-4.57728
14.540495
-0.18282309
-6.4931493
-3.9687726
-7.9782453
-4.1836643
-6.623184
-4.279945
7.285123
-2.1268287
15.480769
0.7403863
-1.8481169
-5.7843237
-0.14428747
-0.39584127
0.21822992
-0.5567414
-3.7786353
-4.877038
-13.702252
4.186429
-0.49012035
2.4285645
-1.8369874
8.106475
-7.213003
-3.1416447
-6.062453
4.470168
3.0394394
5.0625668
6.6666565
4.5390363
-3.7432082
-6.9558215
19.948313
-11.538138
-1.9396316
3.3676174
-4.516565
-4.673415
-3.9236665
-8.733061
14.785886
7.255271
-6.6143727
-22.171549
0.025787419
2.1034598
-4.461187
-2.5409493
1.4673083
4.1547856
-1.5739492
12.298287
-6.0983405
-3.5637405
-4.051529
-5.6017976
-6.1279364
9.369937
-19.491755
0.2183619
-1.1037413
1.8499429
-1.0281128
1.450129
4.2319417
8.092082
3.0546854
3.243446
0.95564115
5.390667
-3.450503
2.4667437
1.7562377
-9.20475
-2.7687483
-4.7538896
-2.1068945
12.81264
-4.797421
-0.8696962
-8.835258
-2.0419505
10.195919
0.16475838
1.2505871
0.5884571
-5.90424
6.935423
0.52664447
-1.4846908
12.493935
7.3076153
-0.36151698
-5.599177
-3.4891024
-3.7813964
-4.7124963
3.3851862
10.827215
6.9248323
-5.1347957
-18.542377
-5.32415
-2.4362931
-0.71712846
-12.879223
-0.8816796
-0.044695687
-6.3955
-7.3706284
0.9396933
2.4331474
-5.3409905
-10.978331
10.113691
-8.292825
12.213363
1.8915409
-12.791726
-1.4354105
10.045021
-2.8314142
-5.8662844
-5.723872
6.2283363
7.0351005
-10.1118765
0.28913486
-15.219448
5.3993316
-3.7056577
-3.7396057
-0.114911444
-7.8142343
1.552285
3.7991922
-9.358424
-0.40309736
0.02301878
-0.93520135
2.8521144
-3.1529715
-7.1384544
2.253221
0.12154214
-5.33409
-3.2406507
-4.6647677
5.815237
0.17275277
4.809207
6.0964866
-0.16311133
-2.96796
-8.581308
-0.89318424
8.817583
-6.0551515
1.5593873
2.3573163
0.1772334
-0.44140187
-6.199746
7.6262097
-3.7325299
2.134072
-2.1495514
1.7552048
3.500968
1.2987018
-6.0477834
-8.907361
-2.9273043
-7.778621
2.5852325
-0.2928245
-19.765354
5.291007
5.592189
2.548389
-2.0240602
2.9415967
3.4614747
10.935282
-1.8694423
-7.758338
3.7289808
0.4172221
3.6939476
-5.3334246
6.526994
-1.1247565
-5.8408613
2.291319
-3.3205342
-9.657407
-4.609727
3.4613476
4.8774185
0.06045395
0.3812692
3.3622413
3.6022782
-2.2307491
-8.681083
9.3437805
11.542896
-1.1035382
0.18684958
7.1540174
-4.057321
-14.960988
-9.189076
2.5564842
-0.0013460895
0.5456502
6.152425
-5.5939765
-0.082280576
6.4486814
-2.975398
13.530568
-2.4091408
2.2590842
-10.617862
-5.9997334
-8.679836
-0.7969889
-6.309743
-3.6440177
-10.033786
-2.3575432
-4.918473
5.738585
0.056611314
-7.991412
-3.77762
24.869684
-11.14395
-0.8661987
8.533908
-1.0859385
-13.092993
-3.3373764
-9.009123
16.97438
-5.6078286
1.7692592
-7.5022492
0.046898637
-1.3281018
-1.4686666
12.387805
-0.19805063
6.6415424
-18.513664
8.798456
5.94356
-8.5199795
5.1938243
-15.646429
3.8125236
1.6105555
-1.8182926
-13.291632
-0.68962973
-0.003981047
10.970339
-2.024123
-11.812381
-3.2801101
0.35514325
7.8467774
3.6853478
-3.7818308
29.25918
7.2559733
-1.3520222
-2.7893507
1.4242779
-6.277647
-4.151311
-2.9916706
-1.2869928
-19.545532
-7.955526
-4.877797
1.5274662
-3.1011207
1.7184615
-0.40939933
3.910864
-0.7909949
0.21779802
-9.904807
4.6617446
-8.395164
3.3117216
-14.385375
-1.0181382
-24.333199
-8.832215
4.5796814
-3.161021
-14.345285
-2.260708
2.9304683
-6.0919333
2.9971921
8.8059
2.0278213
3.3994832
-8.212359
-5.880617
-1.6463656
-15.534978
9.353015
1.2491336
-0.03025766
-6.899492
-0.5526836
4.1651297
-6.151151
-0.01816786
8.7765255
-2.4190252
-2.8025327
7.3370905
-1.1851593
-0.7285476
-0.55293053
1.445163
6.7519593
-11.671744
0.84947366
-1.3731726
-0.16227204
-6.134191
-8.765591
3.098959
-5.088126
-1.1655133
-1.7984372
-6.6403866
2.1318626
4.4326005
-6.5587087
5.5691442
4.8896737
1.3353233
0.2919007
12.079149
3.9256063
3.3655207
4.0316854
-1.9053696
3.9342117
2.118056
-6.0392528
0.10403444
-2.636612
0.0052058077
-2.256061
-4.0432186
2.6714308
1.6818389
-6.025075
2.8304963
-3.4918602
2.5581205
-0.3864731
0.8044395
-2.2051206
-4.7114797
6.908711
4.178708
1.6515782
-5.538697
2.088285
1.7458782
5.069655
-5.230495
-3.9196746
-3.3754604
4.455094
-0.20441376
0.05834107
25.598917
5.0264564
-3.3983703
2.1391466
7.004873
1.4253502
18.89946
-4.911809
-2.1326
-7.735825
8.99115
1.8727146
-2.882085
-8.744717
11.961353
-12.12096
-6.9041305
2.1020672
-1.4759144
-1.8331914
2.5990121
1.8063005
-3.9024475
19.58536
-6.902051
3.0748668
5.3241444
5.6402526
7.374134
11.614176
-0.23432013
-1.6561002
-8.923758
-1.0795499
2.685787
4.698806
-1.5854028
-3.298861
1.7539635
0.2679371
-7.5841236
4.712141
4.6763816
-12.397697
-0.2502926
-2.562095
-0.091410965
-5.023563
2.448178
-0.14774932
12.015765
-10.413193
9.179287
-5.154893
-9.37162
-6.1700897
-1.2958068
-4.350418
-13.550363
3.3539486
9.476083
12.128405
3.7158465
-1.2234308
-2.0625398
-15.98638
-3.9701755
-0.71229905
-4.9023747
6.797403
8.085356
-2.9923086
10.719729
0.21197303
5.8353925
-0.18287487
2.00961
1.561543
2.7502398
1.4610674
0.7109116
2.3403976
8.061576
8.39549
2.0213585
-5.062517
1.3412479
-2.370808
-11.3554735
-9.227795
5.9307375
2.05167
0.86398035
-9.157064
2.8357062
-2.1328335
2.874343
4.5936766
-3.4942298
-0.84579206
3.212243
2.7396305
1.6534692
-3.337115
-5.602582
-4.2676334
-1.563192
2.5635426
-5.7936263
-6.583263
-2.6777723
0.3389696
-9.807663
5.1566133
-5.5686536
-2.740585
-1.3637134
-8.81453
-6.719255
-5.7518463
0.06886598
4.032474
-0.10371274
-3.016436
-2.7641647
-5.1172633
-2.626385
0.21150187
-1.804392
5.2714148
-3.920863
-3.273211
3.2691417
1.1849033
3.1702602
1.4190762
2.1568766
-3.1389842
-0.95061153
4.861083
3.4107683
-3.8832533
-0.40826997
-7.600105
-5.1671286
12.754846
-2.9683006
-4.8838744
0.36100987
-1.8751942
-2.4734237
-13.852362
2.585298
-9.376411
-5.0480847
-4.702361
-6.3239317
4.487067
0.48694354
4.676438
4.136159
10.905303
-7.923973
-13.520194
-1.9596683
-0.6442367
-11.264233
-1.562432
-14.039577
-5.7121544
-6.1323423
-1.5461847
-7.119456
-1.7909039
-5.7554164
3.8779778
-7.037023
2.7881749
-4.848427
-7.429425
3.899875
-0.27653426
1.4945315
3.3361497
4.2359595
4.2713585
2.5119457
3.038576
0.8314088
-4.606324
4.0804462
4.5182576
-2.0939522
-8.040269
-1.7417607
-8.8577385
7.3740196
8.49
6.2749767
-5.172369
-1.470373
-10.947873
-8.052333
1.5081648
2.3352435
3.5986197
-2.988001
-10.684329
-0.03799124
3.842055
-1.2981175
11.403975
-8.057284
-11.183996
7.5389276
2.8754268
-2.8078759
0.48769605
-7.2092757
-13.468437
-3.3278773
1.5099491
-3.911343
1.1668344
1.1460153
1.4080553
-9.2003765
-7.346246
-5.3300443
-4.1091676
2.6571872
-4.7057834
-0.56830007
-6.2182655
-5.432012
-2.3945138
-1.7161572
-3.4167292
-0.038342908
-11.605858
8.683404
5.616596
19.518887
-1.0039284
5.3368287
-9.540159
-8.666978
-6.4661236
0.6581451
-0.4115987
-12.385038
-4.1245236
-2.170982
-5.592027
0.65027064
2.555547
-1.2352253
-6.52695
-4.9550405
0.84990954
5.374049
-3.162096
-11.869003
-6.1427712
-5.0590553
-4.3266788
-1.584231
-2.2582085
1.9139004
8.460853
-1.7131109
-4.867479
-2.2615962
11.332354
-1.9705873
0.4480316
1.5611058
-0.027807212
-9.178232
-6.2246585
-0.5117465
-2.1241062
-0.8668211
1.152501
1.5834968
-13.224937
-19.626808
6.1528707
-2.4867177
-3.5728207
-3.3145423
-4.145371
-8.655906
2.1485045
2.8278143
-5.395609
1.039333
-2.3681262
-3.110112
-6.4094815
3.1137996
-3.7444217
2.516584
1.1437793
7.4406905
-13.542495
-2.6847618
9.786357
-1.1438972
12.037276
-9.165041
-7.4593735
1.7465549
6.6536384
-3.1162138
2.5690162
5.4750366
-6.673713
-9.179759
-3.219633
-10.824914
2.1212103
2.6555848
4.2775497
2.5420246
7.756195
-9.173179
6.054101
-2.6717117
2.24658
1.8488206
-2.3677638
1.1569726
1.5605124
-4.0908837
1.1090227
-5.7507024
-8.049128
-2.5461695
3.4558437
-5.6383276
-3.6272273
-0.1546238
1.6472936
1.0028
-5.1368237
6.580827
-0.3126889
2.2441158
4.0641236
1.3523061
-1.7275336
-15.376369
6.124856
3.2069652
5.634957
-6.663472
5.653171
-9.653466
3.256193
5.2969675
-10.723864
10.482091
7.941721
5.913957
2.456658
-11.271109
0.69942075
-0.13000572
4.9820766
-4.3727593
-2.133534
-2.1134079
2.5572724
0.65246207
-9.159178
-4.3559976
1.1554974
-8.064953
-1.1254208
-0.25398612
0.29289708
-4.8759747
3.0084
0.87241304
6.3938136
-8.519718
-3.6422203
4.29199
-6.731525
-3.1260788
2.7851303
-3.2190642
3.9390435
-4.727355
-2.1186533
-10.543838
-2.110303
2.5581408
-2.3114333
-11.550269
-7.658234
-10.139292
3.7065997
-1.3869182
2.2175584
14.414024
2.1508558
4.1011777
8.439645
-7.5905814
10.316911
0.648737
2.527254
-7.7359776
-3.0805163
-1.9310485
5.7671504
-4.639532
-4.3028607
-17.252993
-6.547492
-8.5811205
-1.6616822
1.5217795
-4.7471924
4.975623
18.128027
8.49876
-2.3329191
4.201376
-3.6160593
-11.097736
-3.9211216
0.7019702
-8.057448
3.3344867
-12.271517
-4.027238
-9.072096
3.9538329
-6.490046
2.7242618
-1.1585673
-1.6064156
5.114816
-6.3068085
0.08350399
3.0009725
-1.7779435
-3.697775
-14.706807
-0.30366728
-22.541162
-8.243263
6.488515
-4.393014
-10.138373
0.6348449
-0.4278486
0.8195696
0.6734199
7.8937745
5.1619897
2.2315352
8.058515
7.029895
-4.5332775
-3.7383256
-1.1620061
-10.033698
-12.797016
-5.668212
-4.637413
1.9096276
1.7103331
-0.31232017
-12.442363
3.0325887
-3.6398108
-0.27727857
-7.310058
-15.619741
5.5437937
9.056502
-13.138472
0.3716068
-0.48978525
-1.0166767
-3.4976141
-1.3840595
4.9005075
-11.981348
5.057058
7.5349865
1.6610433
-8.540839
0.04415318
-0.15416908
1.353221
-2.4374146
-0.86290854
-2.037435
-1.7731769
-0.39646834
2.9180129
0.72178584
-2.8344004
-1.1859652
-0.98779607
0.11115253
0.06793942
-2.055565
-2.1865149
1.3795868
-0.9480434
-1.7412579
2.3480778
1.5144359
1.57597
-2.6648858
2.989767
-1.3983618
-1.8400961
-1.0249695
-3.6766865
-0.24889569
1.4839143
-2.6169152
-2.1415823
2.779105
-2.7579985
3.664319
-2.362151
-1.240972
-1.0702958
-1.050813
-2.3014846
5.535378
-1.4962038
-4.150317
-3.898635
-0.3873517
4.081394
-0.6697264
-1.4367553
4.1568832
-1.9069378
-2.7640822
-1.7673123
-1.0184687
-1.2215049
-1.9872096
-0.031037763
-4.9415665
-1.4323572
3.879378
2.5250764
-5.66655
-0.11378829
-0.34549797
1.5059614
2.906984
-2.698979
-3.730829
2.0627646
-1.0539808
-0.91560864
3.857541
-3.1271472
-3.8328648
-3.7114432
-3.044958
-0.46552414
3.8915403
5.4441915
-4.131239
-7.7055955
0.00664471
-3.439325
-1.7110204
-3.4706705
-2.6572893
-1.6754084
-1.2557114
-4.164957
0.36963052
3.177007
2.8504124
-3.2893372
-0.49008146
-0.27211443
-1.491629
-2.6515498
4.083417
-0.50943977
0.3500985
0.22083229
2.408762
-4.64115
-3.6233013
-2.1852438
-3.3653889
-3.2366912
-2.8900933
-7.49433
-3.521172
-6.592811
-3.1226845
3.0060482
1.7690682
-1.1106403
-3.5046802
0.9720572
-0.99656373
-2.6478906
0.3284839
-1.8448946
-1.7401326
-1.6810578
-2.0136306
-2.6427038
3.3623347
1.8835863
-2.8968954
-1.7533805
-1.8003715
-2.498802
-0.3644473
-2.1167185
-2.1828218
2.6943297
-1.5178331
-1.1785226
-2.3300698
-2.1140432
-2.744694
-1.4942256
0.47028977
-0.59649605
-0.85547423
5.449589
-2.6279771
0.08618999
-2.8861785
4.8962693
1.6014615
-3.1033587
-3.5735903
-3.3221507
2.5355806
-2.6574326
-1.7962548
-3.3153481
1.0300112
-0.8365311
1.6830395
-2.1746502
-3.5553353
-1.2421815
3.5620267
-2.4268267
-1.5614071
-2.8197908
1.4518496
-3.9226255
-2.331094
-1.7607876
1.8705591
-0.9340984
1.7173761
3.3237185
-0.50398874
-2.954106
-3.7358177
4.03039
0.10899452
-0.058975827
1.3299454
-2.755495
1.5980073
-0.8934191
2.8244338
0.15059507
2.4042244
-3.3941524
-2.5064352
-1.832867
-1.9038998
-4.924644
-2.8172827
-1.5325134
-0.39460912
-2.9976764
2.6923213
-2.399907
-3.9828172
-3.5779376
-2.203451
-6.051353
-3.4794056
-2.8674207
-2.0193267
-0.6671232
-2.0962553
2.884676
3.5063758
-1.7849962
-0.7196353
-0.652252
-0.15652215
-0.806252
1.601861
0.24972914
0.1974303
-0.4536615
-0.68702173
-4.2138367
-0.8863238
0.9059559
4.756032
-4.4735794
-0.79977024
-2.148383
1.3663292
-6.5074873
-2.6216478
-1.2958529
0.63494277
-2.7383466
-0.47304457
-0.0155843785
-3.847527
4.231548
-2.9301796
-2.1332204
-0.31642884
-1.4261181
-1.9672744
5.5980816
-3.8014133
-0.858423
-1.9031442
-3.457068
2.7229831
-1.3881726
1.635289
-2.069793
-0.3888472
-1.3640159
-1.2257284
-2.002524
-3.7641644
-0.7122372
-1.1594751
2.3473709
2.8708568
-0.8680842
1.4502115
1.9139745
0.7825519
-3.8173108
-2.3942413
-2.4988134
2.968904
-1.5613946
-1.8524051
-0.7113373
-0.34248257
0.7335735
2.6725948
0.27166712
-1.4099783
-3.4813643
-5.0956774
1.0745343
0.23920512
1.184896
3.1389863
-1.022779
1.6309496
2.068905
1.0373403
-1.4775612
0.10821857
0.69985664
-2.480437
2.7801228
-3.135979
-4.1656504
-1.4094237
-1.8597586
-2.296657
5.286668
1.2845229
0.7502968
-2.9623456
-4.1334157
0.45330372
-0.42726547
0.0025553696
-1.9516592
-0.35992223
1.2816522
-1.8172592
-1.3642201
2.4099154
-0.5048939
-0.9603605
-1.7129388
1.1434712
-0.5142421
-0.22889987
-2.265024
0.30386192
0.35987765
3.38823
-1.6054943
-4.9196815
-2.0749705
-2.7810593
0.77050894
-2.298129
0.995787
0.521344
