0.0
0.0
18
4
18
18
18
18
9
417.2491
325.47552
-295.3699
-66.76079
161.7396
-250.57051
-1752.5872
-43.1828
-66.95173
-1587.8722
-792.7425
200.49023
633.6681
5534.3784
-587.44135
-171.0733
-3568.2712
-1126.1703
2616.7988
807.1466
-279.14957
-765.9133
161.60066
-8161.163
2116.0652
-235.7907
-155.94795
194.75217
13.374835
611.3028
647.4157
5583.3667
4313.782
-257.33234
934.7595
-3515.3457
-4012.611
267.00165
-641.6355
-2430.5112
159.93439
-8484.614
5091.3926
-25.014168
-20.17914
71.97318
251.02158
388.33334
3981.9377
7129.9927
1352.1787
-325.11563
1048.8828
2302.2312
580.7856
171.2394
-492.5465
-496.24432
95.7657
-1104.0076
-2507.4785
-73.09142
-181.83958
334.34473
-888.1509
173.94485
-7584.289
294.72147
-2096.6523
-436.18817
-3180.073
-231.68788
-3322.237
245.20004
-721.4899
-2398.3394
63.623077
-1063.4019
-2055.0251
-82.30784
-20.321655
300.1552
-510.93787
-33.814484
-11.857758
8531.289
-794.3147
-348.98602
370.75278
-1498.4607
764.21136
1020.7887
-473.9911
-1572.9559
155.17426
-1290.3381
-2014.5697
-137.08794
-219.16344
24.60597
-553.4521
1175.9307
-213.9272
-2446.0376
2728.0417
-66.83556
-4679.7764
6212.163
-364.52548
151.07635
140.63956
-845.9139
224.33818
245.53622
1125.1152
-113.776276
46.980038
0.5039817
193.90395
850.7676
983.44916
3857.849
-3722.623
-225.00589
-577.20935
-1649.5731
-1800.3561
331.4804
-680.53107
277.01028
95.48496
-1126.1428
481.4055
-28.41256
-67.42065
412.57007
-50.80565
677.61035
656.3451
-1604.502
-4542.814
-405.84875
2535.6785
3679.8906
74.38731
1217.9955
-960.39984
-2663.8945
-13.093826
-111.72502
-3150.2024
-123.41346
-97.67821
217.64578
-554.7626
145.43091
-8150.0723
-5489.8496
-2125.0645
166.98834
-3486.4011
-212.23395
-772.3772
334.01022
-600.1354
-816.6054
-2416.6558
-1088.5784
2425.7136
-210.68971
38.393326
177.79962
-1004.30023
-55.500576
-1069.866
8897.129
-2182.5178
77.40827
-1503.5945
2439.7341
-3979.7869
-595.04095
-386.9184
-954.5542
-2393.494
-840.6934
1154.8386
-216.55896
-190.05113
191.716
-109.94006
208.14928
4848.531
-5405.6196
-283.42194
-160.73566
-3983.0728
4002.7686
5177.3945
420.87054
-1043.5647
-1545.0266
53.948788
-1317.999
-3026.9807
-170.99374
-222.99536
-131.05138
-808.531
458.34933
-8002.17
95.849144
-3369.7773
-538.4842
-2062.357
-2769.0881
6987.1543
904.0691
-83.83113
622.6614
120.544586
-971.17615
-2849.6846
4.64728
-244.35403
19.002184
-316.9312
568.96436
-1576.603
-616.6561
2587.845
-46.367645
-253.89215
-79.88334
-1947.5486
-193.98071
51.944805
-1409.9188
95.87183
-8073.287
2038.7649
-175.55159
-224.55577
-1621.45
-410.2661
427.5557
-3175.712
4040.044
1382.8987
-753.9007
-2929.8467
-566.2803
-455.89172
63.856018
-439.81256
246.31837
65.26149
-1452.5444
-3.017797
-255.68825
-161.49048
-4.736527
-1194.6727
-19.331017
-7696.515
-2139.7412
-1052.6171
-630.79974
434.06274
2169.6855
-4274.6997
162.0663
-250.3352
-3299.3284
217.81909
-334.32468
89.17908
-210.47705
-139.22116
225.1712
-141.1036
243.24974
3840.3682
5853.6943
-876.11523
-412.31982
-2506.4297
1229.6682
5572.4746
868.56006
-430.8587
-3005.9382
5.776924
-9194.864
1464.7819
-295.83084
-107.11095
172.5734
-893.37854
718.2261
531.45526
5082.0337
-1482.5824
-569.5001
-2589.129
858.15656
-0.062864065
0.6300988
-0.6078094
0.9291432
-0.07926667
0.56155443
0.1745367
0.49328697
-0.16447079
-0.29441106
-0.7620194
-0.072779655
-0.96610045
0.1747911
-0.13673341
0.2952174
0.9016092
0.6967938
-3.1497295
-9.653725
-2.2713547
-8.774518
8.379142
-0.47296432
-2.2927592
-6.1531014
-9.1118145
-90.75566
23.897408
4.339393
-51.14387
-2.9362054
6.012699
0.3035327
-11.353149
1.0305588
-12.300861
17.327795
-8.109458
-1.8168663
2.2913632
-4.828476
38.86233
-3.9140384
-95.4721
-20.723679
-41.16978
23.95102
-30.09471
-11.685691
-30.982845
-20.105322
-18.564432
14.263889
-3.7521572
-33.477806
-24.511667
-5.9498425
-13.890635
-20.203316
3.8132515
-2.3685908
22.743883
-15.685323
-79.90575
1.6505951
-0.65085053
-0.49185354
-5.836097
1.7839042
-31.738512
-7.8731112
10.070307
-21.135319
-34.854828
-3.3260198
-12.01799
-1.388145
-2.8838475
-1.15017
5.845022
-51.901283
-7.4895463
2.6180084
-0.27529097
1.386186
-0.10573858
3.12951
-7.9453416
-1.3176081
-13.066892
-51.320034
-105.71164
-8.119823
-28.178087
-16.082909
13.504063
-9.684364
-33.763737
-33.005318
-57.862297
20.180172
3.6309528
-4.4051476
-68.39042
-12.994206
-92.738914
9.537695
-5.247226
-66.23125
-54.863503
0.6017239
-15.749802
-16.751774
10.555656
7.3936353
14.847218
-67.10293
-70.45056
-1.2396482
-2.501116
3.4374614
-33.74456
2.8047345
-46.18822
-3.3982618
-0.41099998
-163.82794
38.42029
-6.420297
-50.9131
-28.692795
-12.183804
-7.7564497
12.734425
-25.742933
-148.91116
11.689524
-38.7831
-11.338469
-23.055956
-23.424234
-90.232056
3.6148255
1.9505146
-20.450932
-17.999708
4.9063888
-1.7621442
-2.2027822
2.2761996
1.7105217
-1.916369
16.525932
-3.9972076
11.3309965
0.08785927
0.9646948
-0.3771888
0.25119
-1.7696471
7.6081543
1.8969967
-0.59900236
22.565577
-7.2418723
3.236803
-15.62166
-10.785141
-11.458437
-15.278033
43.96662
1.1801102
-8.935808
-7.520128
-5.2310057
-1.2557844
-23.199497
17.229717
-7.419503
-10.999479
-4.7876554
44.603584
-7.9191666
-18.501654
-2.294706
5.3844104
-8.188311
-70.80971
27.352907
42.889114
8.983473
-40.64657
-7.09399
25.81104
-39.904457
38.07094
-0.14328572
-3.3080695
0.77750635
-44.42381
-4.3182306
-1.8576295
-5.719539
-2.6537876
-3.9983065
7.681949
-20.178442
-8.787133
0.26546192
-0.347265
-9.887297
-0.3456682
-1.2473407
-38.083324
-4.0755997
-10.644141
-52.995705
-179.75136
-7.930883
-30.407635
-24.722725
30.511154
-14.157077
-71.36864
-60.72325
-163.70044
13.398742
-26.517515
-0.33110783
-50.59317
-16.904968
-65.40068
18.476023
-14.830454
-159.01392
-160.10393
-14.690229
-54.370617
-31.072968
-20.47449
-23.151373
-43.697075
-20.257032
-76.09662
6.116673
-13.407991
-10.273711
-37.109383
-9.397392
-77.41638
-3.3982394
1.8252163
-31.692577
-71.15149
-1.7005919
-31.745308
2.8710587
-1.5926156
-0.3615763
20.100822
-58.68715
26.33284
1.4487045
-6.429676
-0.47632644
-32.773468
1.5477209
-8.111905
-6.3170137
8.245218
21.856169
-115.79848
-4.464295
-20.357773
-1.848952
-19.182629
-12.021479
-44.103863
24.287586
-68.27077
-11.868227
-11.7544775
-1.0163313
-57.93344
-9.732468
-38.146164
-0.9711567
5.8168864
-2.9101536
24.62051
1.8061844
-0.1729556
0.13747914
-5.221727
0.7424523
-9.219544
38.463783
40.430466
6.9906445
-6.5284567
1.1994619
0.31661484
0.10082485
7.073563
0.75975424
0.567832
-0.60769504
-62.6287
2.7757115
-28.61548
-18.975231
1.0575993
0.3213501
-10.989414
-64.81378
1.8323245
10.990645
-0.7555205
-7.8870378
-3.3243413
-22.757584
-28.35255
-0.7478016
-11.853441
-80.58432
8.931275
-9.280121
-20.87675
6.1277657
11.02802
-6.9554276
-73.65424
11.363605
-54.413372
19.54871
3.923631
-10.26379
1.542841
-22.144705
-12.772327
5.388408
0.37509224
-0.89112955
-3.5163493
-0.9110306
1.6182312
0.80749786
-0.17203417
-0.30938363
-1.8743067
-0.2045711
-1.4170976
-2.0463917
-1.7139955
-4.333739
-2.5841649
-2.5382688
0.21489502
0.21498564
1.7878604
0.45816538
-9.762086
-6.101352
12.405337
-0.35569355
-4.951981
-1.8883948
-1.2035942
1.9479723
3.2270265
-0.21200946
4.7156796
-0.34705362
0.8215265
9.555234
1.4613245
10.615892
7.04716
-0.15336901
0.78072345
-9.282733
15.575243
11.750035
-5.060128
-0.40047637
5.575772
-0.6967521
5.167913
1.6250736
1.5742631
2.4483333
2.6654456
9.137522
7.2839985
10.767005
-0.7319675
0.74969447
-0.019814413
-0.527766
-1.1730163
-3.5601175
-1.6941352
-2.3777823
-1.2269933
-1.0770004
-0.09435317
-1.1551359
0.9389419
-0.51404727
-1.5144104
-0.9255229
-0.3273032
0.4557623
-0.21559073
4.272065
-3.5184193
-0.7380115
-1.9964684
3.9804325
-6.0441866
3.0017393
-1.4854232
3.9240215
0.85956377
0.98725635
1.8951427
2.8046885
0.95912415
-0.6744407
2.4180593
-2.1485343
1.4287639
2.0642352
0.07552567
-0.67648256
-6.146118
1.9123441
-1.9233613
-2.3092573
-3.174646
-1.5808843
-0.024672467
4.673341
2.0774212
4.276143
0.3264782
0.20839368
4.9124465
1.8892819
12.95423
4.121522
2.7958615
4.717718
-1.0976689
10.905678
1.1316724
9.949384
-1.7565811
3.5319252
-0.14020956
2.7147064
2.220253
0.9166584
3.447831
-6.778469
2.0659645
-1.9876128
2.1725783
2.6862347
-2.1923175
-1.1866131
0.12950754
1.5380855
-1.4985756
-1.8160319
-2.2580178
-1.0427449
0.30897462
0.24103792
1.7282948
-1.229502
-0.46997583
-1.2966167
3.1730428
3.1038697
0.555891
-1.2257494
-0.35408485
1.7170125
-1.333025
1.2481947
11.614792
-2.4248104
1.1273797
3.7122917
-6.7429094
-1.4117566
1.8086623
-0.20827372
0.005991476
-8.9929085
0.60391456
-2.8115225
1.5108105
13.854239
-14.806743
-3.1413174
6.862843
-2.8963661
-6.5271425
0.40481997
-1.5979285
-0.83613163
13.356494
-4.218338
-2.8911183
-4.6272483
-3.6914377
8.153519
-2.6043491
11.802187
-4.6463637
6.6417055
-1.8004742
-1.9088858
8.766345
4.6834197
4.31565
-2.9485667
-1.3848624
-2.3415434
0.25741106
2.6836536
6.6232395
4.3239236
7.7390413
3.31447
3.5733442
-0.33998635
-5.5839424
-4.6578064
5.0436587
1.6642979
-2.9533722
0.60250485
15.791985
-2.9579296
-5.9732904
0.11248463
-9.051091
5.7696424
-3.406554
8.485154
3.1680355
-4.1950846
6.6902165
2.4029431
0.22485048
-3.4804082
3.9235888
3.037186
0.64726263
-1.1682792
5.179981
-0.17901817
-0.16528219
-1.4811834
-0.7799834
0.21178474
0.87338203
0.90407455
0.74014235
-1.228824
0.01507938
-0.8058333
2.0974035
4.518437
-0.4408994
-1.2674364
-1.2132138
5.3085055
4.235082
-3.4635015
-1.7177417
-0.9225396
-1.5699924
3.6326792
0.05032592
-2.628003
0.10246677
1.7897979
1.9550471
2.3685393
1.9183043
-2.1559975
1.5930271
-2.5151603
3.2595067
1.5426853
0.6985284
0.5380673
4.128759
-0.6625901
4.021179
0.875081
1.2453084
0.6913052
0.7206477
5.0903964
0.399315
7.26544
2.0612342
0.06772787
0.37784263
-2.7912216
-2.1189604
4.4971423
9.872772
-2.832311
-2.4945157
-2.3428705
-6.6683974
2.575305
-0.054965116
2.223835
1.4635861
2.8355696
3.30145
2.5032535
0.86077416
4.3909116
-2.6190405
-4.1024895
6.225685
-5.879998
-5.9198833
0.67430043
2.6179109
-0.7459683
4.7675633
-0.5832846
0.27727652
-2.65002
-1.500698
2.4136446
2.60456
2.1819365
1.2617694
-7.72647
1.0910525
0.46782637
-4.900556
-4.657797
5.1351404
-0.40458545
-3.832076
2.9353957
-1.8836168
2.1961958
-6.1821218
1.2051117
2.4312944
-2.4313295
0.616078
5.9703274
-1.4391288
-1.416445
-2.2978406
-0.95331347
-1.9079807
-0.9796648
-2.0859878
-1.398206
-0.8559812
-1.4137152
-1.5910778
-1.1588465
-1.7414368
-0.56571096
-0.92905
-1.4488968
-1.1181782
0.24972615
-1.5696735
-2.51957
-1.3262534
-0.32115796
-1.7686245
-1.0159613
-0.5739911
-1.2121757
-0.08816914
2.1718645
0.18124163
-1.4504225
-0.18545064
-1.0122215
-1.6675905
-1.2225076
1.5679126
-0.28543386
-0.5037452
0.74415517
-0.10421372
0.64163804
0.57845664
-0.08939763
1.540513
-0.4300893
-1.0564482
-2.143119
1.1861944
0.20354353
-0.4661414
0.34483394
-1.0085391
-0.08919504
-2.5837107
-0.17217721
0.2421341
-0.53546345
0.531466
0.10341397
0.21392216
-0.019260034
0.17826842
-0.6847308
-1.4243536
-0.87654674
2.2778594
1.1281885
-0.99112284
0.17896964
-0.97853565
0.44358447
-1.6444705
-0.21757798
-1.2561263
-1.8508567
-1.5061647
-1.0284678
-1.2853241
-1.9424644
-1.2469358
-0.6106886
0.6346109
5.520489
-2.604238
-1.2817444
-1.635455
-2.9790819
0.07175044
-2.093978
-0.25797984
-1.701377
-1.048141
0.030534277
-1.5259781
-1.3406507
-0.426666
-1.0293319
-0.24241914
-0.8998601
-2.179649
1.9129624
-0.076673195
-1.5113027
-1.1110951
-0.9989828
-0.8794388
-0.47054687
-1.7617444
-0.6695437
-1.7674505
-1.3655087
-2.2419095
-1.0352486
-1.8803626
-1.7489314
-1.8101923
-2.8369675
-6.229111
-1.0577173
-1.6939574
-1.6079409
-1.5735638
-0.037739318
-0.9591096
-0.8173634
-5.628432
0.19663304
-0.7765845
-0.5261003
-0.41888744
-1.166869
-0.20493433
-0.42696825
-0.6486425
-0.47369018
0.80442846
-0.15294343
-0.47820768
0.027851388
-0.29861647
-0.67863345
-0.8250167
0.46758273
0.61829424
-0.11066017
-1.3933643
-0.8099763
-0.8592939
-1.1812608
-0.61589
0.17732187
-0.15560584
0.31858402
0.6574985
-0.74350184
-0.157092
-0.45152873
-0.66563016
-1.0151371
-1.2140785
-1.1724226
1.6015071
-0.41064736
-0.72901154
0.5837128
-0.050324064
-1.4374939
-0.28889176
0.06108107
1.4959315
0.7142183
-1.0503747
-0.7664419
1.7629024
0.24217054
-0.80942845
0.14986621
-1.0855603
-0.19575618
0.06043513
-1.2167729
0.38716128
0.6634954
0.46037415
0.731794
-0.82839924
-0.32442206
0.5753291
2.2397664
3.1437085
-1.3060968
-1.9731573
-0.5617917
0.48798448
-1.9763099
-0.7496437
-0.3627691
4.553902
-1.2446705
-1.4729135
-1.6110748
-0.8884239
-1.970873
-1.0726959
-1.5363014
-2.3889909
-1.1650037
-0.028383441
1.8244754
-2.651768
-0.76227516
-1.04025
-2.197058
0.117811784
-1.6080582
-0.063281834
-3.7608242
-0.92536503
-0.6553236
-1.4743189
0.3162353
-0.157882
-0.66499805
-0.0067177266
-0.77386874
-0.112865515
-1.7182351
1.35331
-1.319037
-0.8996474
-0.3893923
-1.1202196
-1.3475553
0.37685606
-2.5971131
-0.37387928
-0.60507876
-1.0539235
-1.2296916
-0.18589438
-0.5991568
0.04812651
-1.3948469
-0.9440126
0.8338449
-2.2158144
-0.28230157
-1.2312546
-2.6897235
-0.23793286
-1.5323261
-2.0212295
-4.7432885
-0.67685795
-2.1320558
-1.0414004
1.5400242
-0.88868797
-0.78631496
0.12804444
-1.7067122
-1.2404325
-0.902664
1.2308536
-0.78010255
-1.884201
-2.627531
-1.9458618
-1.0468433
-0.14278768
-0.107106544
-0.86814904
-0.88517046
0.3963285
-1.7205837
-1.0008305
0.5579151
0.7103692
0.03214234
-1.330269
3.2955606
-0.75091136
0.08752811
-0.8591104
-2.8147805
-0.989517
-1.1073418
0.0018917093
2.103712
-2.0220969
-1.9312003
-2.4096448
-2.393411
-2.934914
-0.7363526
-1.7085466
-0.74174124
0.49686894
1.9470053
-3.9164236
-1.2762517
-1.4439162
-3.8583708
0.2887427
-1.3343636
-0.19731137
-1.703428
-1.5052133
-2.600592
-1.2089162
-2.7910535
-1.4085811
-1.661017
-1.0440204
-0.33589238
-0.64465433
3.4356282
-1.8473932
-1.2037796
-1.6620343
-1.3967018
-3.1247103
-1.1064384
0.6338158
1.4904052
0.19710925
-0.538666
-0.265992
0.9686238
-1.0350505
-0.3501063
0.42424867
0.7623439
-0.06541522
-2.2681966
-0.64879805
-0.15894051
-2.4809582
0.62594414
-0.63211477
-1.0285215
-0.40847382
-0.4225413
-0.33605203
0.4675775
-1.1910826
0.23112491
-1.0042164
-0.055297658
-0.68792164
-0.8540339
-0.834565
-2.2359304
-1.4239557
-0.6654665
-2.7273612
-0.36345026
-1.0080968
-2.766949
-1.6581976
-0.12615627
-0.41637444
0.43772662
0.16961086
-0.06653416
-0.9249281
-0.5230499
0.90126157
0.0044753714
-0.2878272
-0.9893174
-0.6899294
-0.064607956
-0.8946095
0.5330515
-0.35524246
-0.16141383
-0.2465788
-0.2561505
-1.321916
-0.59004617
-0.18280914
-1.0946604
0.26831996
-1.0821724
-1.255795
-0.7354139
-0.7019734
-1.023336
-1.5957055
-1.0284307
-1.6050512
0.23777837
-1.7518338
-1.3057079
-1.8248476
-0.20101261
-2.3809295
-2.862101
-1.9895825
-1.9987569
1.0135729
-3.1814096
-2.989608
-3.3332844
-1.6654968
-1.4841734
-3.0147502
-2.483491
-3.1583216
-1.6202409
-3.09536
-2.7071252
-3.12141
-1.7801756
-2.9388025
-2.768427
-2.4382381
-3.0169692
-1.1428921
-2.845978
-2.1122708
-3.180554
-1.988238
-1.5315288
-1.2296406
-0.7510771
-1.50996
-0.6041342
-0.90005475
-0.25975233
-0.57834274
-0.72566694
0.22736062
-0.64120257
-0.14825726
1.5465544
-0.56537914
-0.6068271
-0.09505975
0.41279513
-0.2442813
-3.508518
-2.1242433
-1.3997492
-4.3098106
0.7431128
-2.722654
-2.9055703
-3.058329
-0.97567695
1.3446759
-1.1591748
-0.90626067
0.0138583025
-1.3626317
-1.0492437
-1.0105166
-0.8281897
-0.5718446
0.38685676
0.79858667
-0.67140794
0.21609382
0.22225869
0.36432183
0.022086535
0.47476995
0.24697419
-1.70843
-1.8375762
-1.7415016
1.0544732
-0.6918985
-2.2936075
1.2768865
-2.2621047
-1.92966
-3.5993075
-2.760217
-1.8329494
-3.4275956
0.7926982
-2.7994874
-2.4928665
-3.103907
-1.0125852
