0.0
0.0
18
3
27
18
9
9
431.7623
1178.5985
83.9424
-487.66052
614.8683
2507.9468
-137.38602
-10.780204
1930.5424
2027.6064
-1716.4202
752.3275
-1960.7015
-1987.627
1243.2163
395.06668
-771.00775
-1785.7676
1656.2242
-499.88757
-816.2622
186.99022
-1985.6934
1523.4822
-929.57837
1205.9253
2202.9734
327.60895
1016.5997
261.843
1019.8747
659.1995
19.488552
-2786.56
-121.89035
1574.7982
2032.8798
3299.9482
2016.3354
-3040.4478
-936.96075
-1392.4218
-482.6516
128.59106
730.59766
-1037.9696
106.454796
57.347622
74.50969
3391.6494
-1475.5458
2607.671
74.45587
-965.8386
1092.8193
2574.648
-916.55707
235.67853
209.40092
-101.36716
-2475.0085
36.341404
1057.2286
1612.0072
1404.9962
242.7003
-2876.1758
-2696.295
702.2598
1468.9792
1455.0974
36.56372
-1472.211
-792.89294
23.92812
241.9238
-845.4284
263.6504
774.59503
-1104.296
-141.70692
331.2328
1586.0815
-1193.6711
732.83057
85.96974
3361.9521
-1040.0084
858.16736
1082.7751
-908.08673
954.2325
1467.6727
-1507.8716
564.2393
-223.01405
954.3358
-1739.9219
-2791.891
2351.6516
-1460.2551
-596.22675
52.950287
433.87115
216.97922
-10.39468
3248.3142
776.89374
-51.777527
2232.0835
-1392.6217
713.6961
460.17154
507.38132
-4974.832
-52.855022
590.22784
991.1788
-86.99183
1594.7142
-2782.7227
-144.86845
1797.089
-870.271
-2284.7375
-1141.476
4092.3354
381.2524
-67.91739
223.2625
934.59143
-196.02432
1946.193
2647.4668
-1792.052
500.06912
1629.5328
-529.687
-182.67772
391.1805
-689.8085
2364.6853
-83.066826
2535.7024
2279.4097
-869.3864
2088.6729
-1528.201
1159.2142
-655.50354
1091.217
-1077.6316
137.82057
3244.483
-1197.1681
-318.847
21.300282
-1428.0292
674.907
-1368.0845
664.4587
2443.2898
111.841705
356.77533
1151.138
1354.1793
890.79736
1062.3466
-1773.7932
-9.525528
958.4302
1724.4613
-1005.23816
594.0114
-2007.2568
1082.8463
3494.9233
750.26385
-569.0005
-1803.3203
1938.1019
-1513.4977
-22.577444
65.59935
972.0157
556.2978
-280.33167
1904.8077
1091.5736
196.45862
826.59247
-1559.5073
720.52264
-365.53333
196.20552
-1251.1497
-131.3909
-407.02872
494.14926
-227.47151
594.9288
-100.40167
-2512.2441
2056.239
-408.2851
-107.31243
340.33582
3397.7021
1023.504
-814.2883
147.27866
-3008.4966
146.27956
689.29626
-1249.3242
-2467.8496
701.7175
-1921.0018
-2206.0857
1849.7925
1109.44
3097.473
3706.8853
-15.418898
-831.01794
-1601.38
3133.2725
-1629.6514
1140.5907
2109.231
4485.426
862.0165
-1453.0356
-1846.1057
-5520.892
1444.5806
-821.65283
284.22458
2291.75
1193.6266
5405.6016
5143.904
2767.9268
763.3653
-539.90173
-2251.3635
1139.046
888.4606
2431.3528
3883.4749
446.2316
-1614.5072
-1707.337
2496.336
-1558.349
1712.025
996.46045
3439.0925
1062.9225
-1502.4144
-1670.478
-3124.824
1047.1819
-261.57635
263.38342
819.73157
1154.2799
1203.8478
3324.2693
1960.2896
1153.3729
757.2197
-702.17053
1225.2457
931.91064
215.68713
2312.9978
28.489483
1166.8761
1112.7902
2323.5002
1665.3931
573.00256
-115.31145
-394.8149
603.42645
-1207.275
-1755.776
1737.5507
171.96153
-1.5699359
104.8504
170.39473
-189.81532
-1187.1667
143.0573
1464.4772
685.3769
785.3339
-424.4289
-67.80429
1137.8271
1235.63
-4632.486
-88.68947
1855.4568
64.82839
242.9501
-877.3089
-2876.2144
-1348.191
1099.1495
135.07147
-335.8215
-1830.0117
-2385.7087
544.9732
-426.34088
424.47766
95.81471
1632.7527
2698.034
-940.6185
-1396.1049
-98.19064
440.33487
-1559.3745
-83.86192
-433.25653
708.4804
-3473.4783
-4.2183867
-584.50604
180.3264
2604.999
580.1318
-1635.9363
-1951.0856
-149.05946
-287.29047
-491.21588
-613.21985
931.5117
478.9692
-431.4508
275.65784
665.1685
-984.9495
539.3444
-3607.3066
75.85858
253.047
875.676
779.2738
1183.2454
1223.926
1443.6274
-780.64136
-131.07526
1807.5016
498.33032
408.61572
1451.8596
-1903.8063
-1113.656
904.48645
818.1017
-1256.2377
-1209.4436
3260.7817
-919.4447
-285.43567
63.26422
-1524.3002
564.50006
1092.1587
1727.4454
3005.754
401.49255
-422.69763
-80.00964
-138.33794
491.65067
561.2812
1480.876
941.9018
459.84982
70.50284
259.9443
925.3636
1482.1158
1392.593
-2688.1428
777.3042
366.93347
-806.7599
-1994.7458
-434.06595
-202.83745
112.4804
270.16882
745.82886
1469.6952
1743.0886
-734.9447
1207.013
996.66644
-3286.5974
788.77094
863.4987
1031.1046
-4161.5293
-100.879974
-454.51315
3203.364
1696.2242
508.57602
-2217.9768
-1399.8234
4336.3965
1832.6803
-1777.5642
-1139.7434
-654.875
-660.2813
-531.3267
468.78668
2410.055
1479.3444
-1049.6975
1227.5577
1849.8475
607.36115
1686.0194
-1779.9227
436.0717
969.5926
1278.6324
-3040.546
-31.87899
1635.7246
550.9746
210.95683
-723.92413
-1741.7336
-280.01385
-681.8132
1551.8643
-1159.7944
-82.176895
1669.315
178.46295
-105.20374
96.215614
312.1963
-4.061895
-986.5753
1628.6472
-214.55157
0.47570658
-0.51235867
-0.8809098
0.29100275
-0.5056616
-0.35211682
-0.41368234
0.9342872
0.7709751
-0.19708705
0.10271752
0.95964324
0.20832932
0.09185815
0.42416477
0.21453643
-0.20891786
-0.28026998
0.11066568
0.8960761
-0.4037242
-0.55478096
0.03254187
0.6642605
-0.32126606
-0.26472664
0.7619473
-54.684185
-15.151328
8.483022
-2.880568
-65.15144
-6.7266097
0.6461718
6.829723
6.565826
59.16658
3.0830076
38.434258
-30.406626
5.528442
-5.0454803
-1.7728378
-4.9617195
-10.418849
33.40127
15.569589
1.2116057
-1.8718351
41.265087
2.668127
-5.3891206
-1.7814482
-10.394071
113.627625
-11.748901
72.88595
9.313738
-17.376143
-2.165662
0.34071982
-2.4272454
-4.7779408
31.496143
22.25061
1.614575
-0.26660216
15.819273
-0.84556884
-7.0998054
4.9123445
-11.364468
138.88089
-10.880801
122.783936
13.620197
-59.024395
-4.4483113
-1.9215915
-4.3396893
-11.7596035
-23.194757
-39.519108
6.869489
-0.012644264
-14.654092
-2.9532363
-4.244942
0.018041572
21.12909
32.36072
-3.9222927
-19.493721
5.4756827
52.72805
-4.866497
-0.09049437
-3.7609973
-3.1751578
0.33947298
-13.576956
5.3819656
-1.6930617
-21.976423
-24.712803
-0.55505294
-0.53552866
25.844719
48.00866
-1.4365838
-39.50623
-19.965193
20.301516
-5.2111998
-1.4760612
-5.4707932
-1.5007837
-28.170603
-9.290554
7.740752
-1.8531379
-19.400288
-8.865481
-4.4073787
3.0518892
4.9685154
9.324601
-3.990611
3.6543796
-20.937315
7.747103
-10.426574
-4.312013
-1.9901392
-11.111148
3.7782152
-10.609303
1.4050802
-1.0681373
-67.525795
-14.778436
-1.4602292
10.766026
7.664441
-109.46141
5.797944
-85.320206
0.35878468
10.290091
-10.935135
1.2003416
-4.5915165
4.0010076
-51.838516
-28.117275
2.1366837
-1.2227257
-46.90658
-9.969344
-3.4144545
7.0290804
37.102318
-232.76993
6.315196
-111.93114
-6.4784074
95.50399
-3.234604
-1.7443409
-2.7014103
-6.6952367
30.94491
13.875529
-0.8362763
0.84536195
4.2970414
3.0881805
-1.8235396
12.219102
7.2012935
79.44264
-6.1229053
70.54517
5.6464543
5.462198
9.008634
-3.5250325
3.4382179
-11.333714
6.582852
-5.0438595
-1.7669747
-1.590591
7.8659883
8.7129
-2.6555355
7.5385094
6.327358
123.22862
-9.915935
111.1135
-6.42055
-8.847948
0.8772162
-2.4414198
-0.77506876
-13.051623
-21.85265
-27.702805
2.8537874
-1.4022746
-36.17491
-19.42934
-1.3272719
0.59246767
23.203041
-104.916534
-3.796872
-73.80063
-13.583901
16.565493
-4.5439463
0.8975255
-3.9456868
2.1619866
-23.41673
11.767533
-1.0035052
-4.1226204E-4
7.704802
-2.3469768
-6.7060223
4.4497867
-23.004908
96.24989
-2.939677
75.507324
23.053219
-2.069128
-4.4944725
-0.70036584
2.3159819
-3.384447
-16.088276
-59.58341
5.6452527
-0.8968098
-5.599836
-6.0231547
1.300843
-0.14315185
18.713
-60.73723
0.30610093
-52.957817
-12.9335165
39.734962
-4.593264
-1.4453042
-4.94569
-0.6952557
-18.307928
-28.6879
1.652661
-3.1117039
-7.1804123
-11.651328
1.3250196
2.8968995
-0.47997457
-76.542496
-4.9258304
-50.919926
-33.528202
21.870794
0.33715755
0.3327412
-2.3600957
-8.404531
-64.478355
-52.607697
3.0945466
-3.4580297
-63.66826
-19.414255
-1.7118003
-0.5787187
30.059303
-130.86436
10.9712
-117.86019
-35.276672
40.347244
-9.650095
-1.8948982
-5.082488
13.215407
-43.05059
-32.422848
8.551438
-3.829824
-49.063377
-9.137478
-2.2682652
1.3933729
19.979868
-40.059387
-12.24123
-42.934116
-4.533599
39.964287
-5.740289
-2.9933066
-6.518044
-10.096558
19.063522
2.3849328
1.152162
2.1617105
6.904963
4.7287226
-4.8037786
8.503129
-12.488422
150.98276
-10.630412
118.199814
-1.2242984
-61.134033
-0.78466314
-2.8497126
1.6053469
-5.5607734
57.26769
21.21367
-3.3036513
1.0181124
28.875166
5.189304
-3.355615
6.9079247
-5.956596
67.360985
-3.3499799
77.16256
9.535966
-47.96546
7.391968
-2.5230966
1.2780514
-13.309813
-2.311999
-5.098925
-1.8000755
-1.011887
48.311325
19.632107
-7.8866234
12.903713
-6.0936246
192.61812
-9.644932
107.959366
-1.126517
2.5092566
3.4389863
-1.4053661
-1.8044323
-1.3045262
-22.915096
-22.356281
3.607564
-2.4894912
-57.250114
-11.74844
-1.6652725
7.272453
-15.244972
-57.523052
-6.0295773
-53.05384
-18.909843
16.591776
-14.073439
-1.7200447
-4.9454427
-7.5367856
-7.5982037
-10.290368
-3.353624
-0.874424
-9.859141
3.8389242
-3.2666733
4.2453785
-9.333809
10.800617
-8.009253
59.969532
0.89645267
-39.62433
1.110153
-0.5667019
0.74470586
-1.5933127
6.222134
-7.519927
0.24896441
-2.211821
-19.579424
-29.408993
-2.408657
-2.7103126
7.0871234
85.35953
-9.781851
44.53955
-6.180679
1.195795
-9.222979
0.70645446
-1.0934309
6.939659
-29.686932
-36.3256
0.65713626
-0.18454441
-9.404848
-15.728167
-8.798349
1.5952239
14.949192
7.151127
-7.8993926
-0.35119215
-12.095479
6.05133
-8.4458685
-2.11949
-2.3349488
4.5485773
-21.970816
-22.327759
4.8133936
-2.0775425
-43.882015
-4.7505913
0.73274297
-0.2715588
19.614714
-21.71977
1.530194
-47.84209
-27.070108
1.0078378
-4.4121823
-2.7753167
-3.927316
-6.580366
-41.83406
-36.234848
2.701894
-1.765143
-23.741323
-12.942185
-1.0431821
-6.0296774
12.45727
-137.03644
-10.310768
-73.82853
-8.121413
81.01476
-7.162676
-1.5397747
-4.0491123
-3.0225956
-3.391753
-9.80157
6.5922947
-3.180026
-15.296613
-17.345398
6.042788
1.6954572
24.426332
-47.58491
-2.6504548
-176.23009
-5.7469215
48.001553
-11.622952
-2.1785476
-2.804643
-11.406726
-18.432299
-9.36152
2.6218615
-1.196503
6.256799
-9.352995
-5.280694
7.905806
21.960493
-108.772484
-1.1208978
-154.31212
-34.234894
55.285976
-7.5790877
-3.589705
-3.1506217
-6.3866105
-0.66215247
-4.6660976
2.7681274
0.3177206
0.18480687
-3.1917596
-2.1952512
-5.298518
1.419425
-1.79698
-1.3041333
-0.961713
-0.414862
0.0806495
-1.972963
0.60525006
-5.7614675
4.96213
2.8705778
-1.8701586
-6.3189898
-2.0421913
-6.315591
-3.9024904
-3.897958
-3.0441136
-4.430516
-0.37448445
-1.3276191
-0.0030740872
0.7936628
0.582992
0.14018624
-0.46024618
-0.7387168
0.3119753
-4.7071295
-4.631375
1.9041773
0.4781426
0.97043395
-3.886246
0.12624466
-5.8719726
-2.2396538
-4.015896
-4.2412906
1.8365239
-1.0423008
-0.62841123
-3.3560739
-0.5314434
-3.9576385
3.4526503
2.395161
-1.1437328
0.26163688
2.1005728
-1.3384532
-0.29642487
-0.8729291
3.8483284
1.298654
-0.6801207
-2.8292165
-4.276644
-1.7905253
-1.9153595
-1.3793883
-2.630351
-3.1771753
2.0276804
4.7159896
-0.95693576
-0.70782274
-3.7431147
-3.5646582
-2.7293177
-1.9407092
2.9570205
-3.0009277
4.15298
-8.106168
-0.271183
0.9136315
-0.3230232
-1.9768684
-2.4862819
-9.111535
5.874141
0.18124026
-0.25701073
-4.825835
2.0473948
-1.2733451
-0.41447788
-1.7349182
3.0211957
-2.4654584
-3.1026778
-6.3499722
2.1519828
0.42926556
1.8378131
-3.0676894
1.1609377
-8.461529
7.2596755
-3.7180228
-0.4845875
1.3452232
-1.6665614
1.4507235
-0.5700338
4.4424706
-5.157087
-0.17112823
0.9417456
-0.87649286
-3.9492955
-2.540598
-1.9887563
-3.0398853
-2.8777444
6.3458266
-5.5216193
-1.2918277
-0.08727535
0.55820435
-0.5540134
1.341639
-1.3864139
0.33859727
-2.7948892
0.24293642
-0.7716076
0.96720403
0.48435414
1.3786322
0.68231
1.1817563
-0.26209494
0.7792119
-1.0351411
-1.37155
-1.6838973
0.36972114
-0.8570702
1.9341387
-0.3622101
-0.03653391
-1.3840402
0.25242037
2.4030578
1.2209688
-0.8736552
-0.26854992
-1.598228
2.290634
1.2470268
-1.2424319
-2.0163329
-2.4690359
-3.0719576
-2.2209907
-2.372967
-0.75242645
-3.047926
-1.2920038
-3.0964491
-1.9261956
-2.7628775
1.3640454
1.1716936
1.1022085
-6.642219
0.2018716
-0.18549462
-0.2120178
0.1552927
-1.3606772
-3.3637428
-2.6680455
-3.0573378
1.1247714
-3.2949083
-3.8753934
-3.4161777
-1.7612485
-3.2993646
-3.3299983
-2.253543
-5.0174155
1.7060422
-3.347213
-2.4250796
-3.1987247
-1.1072481
-1.3795564
-1.2251155
-1.3933381
-2.131524
1.1353884
-1.0154163
-2.3847048
-1.4871415
-0.26262143
-0.3949678
-1.3267982
-2.2033186
-1.380032
-2.38849
-1.6386575
-0.55328435
-1.6721765
-1.3057334
-2.1872187
-0.65078497
-1.9765309
-1.3954828
0.5915276
-1.1686137
-1.0236787
-1.0199343
-1.0120479
-0.7909875
0.838827
0.83397555
0.24049135
-10.433258
-0.1789382
1.0807757
-0.471281
0.08004232
-1.5503154
-0.710111
-0.7189603
-3.9916797
1.7807479
-0.2216121
-2.6291068
-0.10397205
-0.60466254
