0.0
0.0
18
2
72
36
9
44.43661
-65.4611
2.3071568
-12.529008
56.49854
-43.61263
-10.457911
97.17571
17.983585
50.39942
-0.25393072
120.977455
-6.2627935
48.700314
-36.346394
60.904785
71.08381
19.534235
13.97843
-52.077225
94.92954
-59.985046
-8.927952
39.83798
42.76985
61.98535
32.615067
-9.578368
-10.626442
-57.83153
2.0893002
-85.9589
-13.992681
44.061436
60.679375
-2.2461653
54.069187
85.65113
129.63348
-110.93608
-30.044353
-32.39578
19.36568
9.755374
-94.00606
26.502514
22.220556
-1.6032498
39.233974
-53.26362
-0.8037939
67.84253
-70.472626
5.8545585
50.39197
51.22419
-27.47805
10.091672
28.381351
52.04314
-39.97047
-32.405945
4.116289
18.923155
-18.728546
-91.63143
-2.2276907
95.95382
-41.579056
11.19999
-43.39528
-66.281845
81.05143
73.77409
-42.631283
74.8971
63.666443
-48.39014
-41.164757
70.36865
55.031643
-28.496456
28.562046
0.92631036
19.96562
-17.477724
-98.77899
-59.926975
-13.61056
-21.646257
59.430504
19.3329
-11.663712
-48.526394
-50.767345
-44.901104
-10.846204
-12.199022
30.330757
27.791794
-35.848614
-62.076828
7.448549
43.49267
-20.709717
20.653429
2.3388543
85.19762
-64.13557
28.78768
92.056786
-82.64676
44.562782
38.90186
-9.616709
-46.040283
-17.392208
17.849161
82.783615
-19.923403
184.31213
-103.90088
42.810207
-74.183395
22.706917
24.372978
-68.07071
36.11056
-47.29257
34.420704
-52.001724
-13.141638
-21.329931
-41.553555
-92.16154
-42.73586
27.532162
16.91929
-132.07104
-26.7599
42.17241
-62.969616
-16.937582
-10.191511
-33.420055
5.9767237
-26.039307
59.932365
50.32289
-13.953876
-38.41085
-10.711982
5.7875633
-36.977493
92.659355
37.41771
-46.080822
-87.83789
55.16521
8.136118
29.675863
-108.06772
-86.22503
-35.484386
-86.18365
103.37115
52.23898
35.686302
-41.126377
-114.742004
62.086746
-15.446676
40.909195
25.77269
-7.1777835
-46.176598
-19.119158
-50.93863
-24.365702
-10.43894
34.176685
115.269844
20.844667
18.888376
-7.5265236
76.41593
-10.486212
-123.09199
18.72239
50.075016
-5.4731746
34.279354
-28.266998
-63.365467
53.762215
-24.119652
-38.13831
-16.482967
-35.02392
29.77776
-73.32696
12.51398
-81.0734
2.4217198
-57.59757
-25.58026
11.112326
-20.874973
-35.661045
38.089535
20.025826
-8.760452
-6.9172688
-36.246284
-2.0920746
55.827362
-24.602728
32.83699
-14.704969
19.491693
4.763056
6.6342506
-40.874443
-98.516235
86.09869
72.3586
-57.816456
8.666962
-13.344308
22.707695
-65.058815
-13.6769905
-10.833054
-15.495958
40.45716
19.799728
-37.93687
-45.12086
41.490448
-57.765614
66.7529
69.0748
-50.770424
-61.94834
52.523563
-0.15086657
-16.767073
-10.80053
-21.54008
9.767688
51.757328
62.87678
-29.223423
-15.006561
75.75931
42.41136
49.95965
53.39645
-21.770554
38.77808
-43.382324
-16.25334
-70.34134
20.855457
25.123732
-1.6373549
-53.47759
22.76373
-7.637572
-31.842299
-25.446453
-2.8310556
-62.449448
68.18627
-41.570095
-13.510187
-22.385706
64.70924
49.61797
-24.069443
23.857021
-5.692002
0.6543093
5.4286923
-94.46843
-10.170433
-103.17965
-58.209366
-29.402702
40.575424
-108.85261
-6.0152383
33.516068
-35.039192
-18.346779
-85.15108
-52.31867
15.80564
56.1602
-71.706764
23.509604
10.079998
31.442314
-22.583626
0.15172043
-41.67053
85.04307
16.913359
-25.309847
-13.024496
-41.526165
-53.278748
0.97630805
-64.30945
-24.570694
18.419647
-2.773188
25.276384
-12.045327
-21.330498
-42.977962
-47.254616
11.070913
4.33865
52.69909
-29.028673
39.28996
-118.61793
59.926685
67.330925
-46.66229
-27.975428
42.858475
-19.157774
16.387356
30.95198
68.20804
15.673325
-34.98805
21.733751
73.12195
-30.151983
-31.184704
-40.102203
-85.365326
-47.753876
36.75324
-8.768988
-61.94494
39.378345
-0.55354536
-40.202576
-10.989179
35.60032
-40.980576
-24.104076
-80.83789
-39.515057
46.449413
-13.431633
-13.481437
40.54431
-8.44437
86.859245
-6.130539
-28.372747
35.520725
67.492645
79.1449
68.25236
-77.83259
8.242695
-100.4546
-65.1497
-46.47629
-111.91935
75.58886
55.76879
27.783737
-54.119316
-106.58036
11.812543
48.88244
37.860443
-55.217022
-56.663216
-9.094793
103.03983
-99.973434
-2.0058255
45.490868
11.149818
-11.722246
11.091757
-122.00775
94.70824
-30.659407
20.38785
-35.489475
-57.739635
44.58076
15.153629
27.590178
57.19943
54.854313
103.9489
38.21484
14.618349
-32.202427
-80.09765
12.34171
-62.181225
-30.635794
2.478454
16.63921
21.528467
22.721807
-42.81532
50.309162
-33.406944
-29.225973
78.84276
32.20143
-33.474377
29.129208
9.033035
41.693157
29.41359
30.204918
-42.93353
-67.553604
-136.21901
-25.567959
-85.29554
96.58678
-70.618965
17.267338
43.070065
-55.327602
5.453468
11.612353
-15.487485
-73.25146
19.230558
4.360824
-6.336697
-0.21328266
41.26511
-21.285576
-82.69286
71.01943
-3.2861748
11.306104
25.464018
-2.311867
82.82584
84.471825
61.23794
4.926538
-0.88379484
0.38726467
70.10228
96.75966
13.784433
-28.228209
-83.2745
-35.91827
16.73682
-26.066456
52.77247
-28.322393
73.924576
-5.224807
10.480399
0.6751678
4.531393
-15.034044
-36.1814
-78.16236
-39.552704
-39.668537
7.545305
9.299425
15.0821085
-44.75069
-10.726841
-62.669144
56.867416
-46.747395
59.342644
47.694084
-78.230354
118.622505
45.210476
-34.36721
-2.2340355
3.653982
-2.9153605
45.28391
-40.750675
-55.04641
-34.44421
-2.4317317
-60.705685
18.609257
5.11628
-11.472825
33.046818
-7.3522615
-31.465158
19.681938
20.410467
-52.138714
48.704697
52.29285
-24.525557
-32.222885
22.186375
-1.7764422
-10.02885
12.187141
11.504504
25.52414
-9.698707
-55.60478
-22.555397
2.6009357
-8.26305
12.564124
-37.40977
-9.418744
-13.30946
-13.16867
49.194862
-2.3773363
-10.098837
-5.0808787
-6.715362
57.41641
0.3566151
71.48342
27.106413
13.312902
-15.687058
6.387828
16.542782
53.71586
-17.717182
-32.63024
-11.191303
4.3895926
5.163407
28.005024
-10.237681
-8.230152
5.8377476
0.7310249
-0.5470551
-4.956266
58.71976
-6.6063333
34.77064
7.536352
-19.768192
-3.239634
2.906932
57.224827
-19.56225
32.907574
41.51102
16.662014
-50.173973
-1.2047275
65.927765
-7.8136945
-4.7926917
6.6544757
6.3006716
19.409445
60.712128
-103.22585
0.93863463
49.25893
-11.948664
25.735018
-39.54354
38.633957
-97.85879
-89.21334
-20.81258
-31.850441
-50.1214
77.43009
57.3657
-36.700203
-63.05391
-63.859867
-21.718996
86.96203
-99.566216
-14.77433
-86.94905
-29.3726
-14.225968
1.4135773
52.916637
-64.93907
-1.6820223
-57.5012
-50.686028
-0.91012615
-85.90005
9.048951
-11.329088
-19.671818
20.318542
52.06551
-95.21253
42.394653
50.6826
-60.779476
3.6240783
-76.33848
37.789673
-28.740602
45.811935
-47.91832
-30.347755
95.20597
-83.733536
-58.961857
34.471115
76.18905
-3.9392202
1.8608693
-48.40062
-19.528835
-23.3643
-27.886286
-56.95986
-28.703949
-118.68777
-78.08908
90.29118
-11.8943815
57.282234
77.37555
21.125587
116.86643
12.036262
19.189236
13.473323
74.0472
-32.936363
63.20212
-111.23399
46.70202
-41.85444
90.50622
-2.7469795
82.37984
-41.058624
48.403664
13.384617
94.4973
143.4906
-20.385996
25.182158
50.6357
64.91531
128.46512
-61.977657
-59.08875
9.617719
4.455863
-19.669195
-1.5749804
53.618153
32.018745
-97.944885
-18.904787
-41.378586
-8.131743
17.216824
-59.093315
-15.219235
42.45621
2.839718
25.853006
-43.050808
-108.396614
66.96399
-22.465906
18.152288
35.46315
37.455303
-16.157663
76.08753
-5.77716
26.774076
107.55961
55.615864
-72.34449
47.856297
-83.03897
37.348434
-3.3956966
3.4077113
-28.49844
4.6108465
-42.85047
-40.064556
-23.196554
-28.69635
15.378009
-5.189898
-90.875534
-66.25948
29.191319
-5.1160507
-44.774506
37.64446
-57.996937
1.9057764
75.566055
-44.51161
-5.491804
11.81954
74.52554
25.539354
-42.32358
64.91298
101.73521
-19.512453
-35.48431
-2.8438983
-34.434452
90.11017
-55.037693
30.626707
-23.978962
-12.988363
-111.7499
14.341352
-8.582641
13.387007
-61.676327
22.833202
-42.380894
-45.16711
-26.065546
-7.9547443
-17.773582
-50.49554
19.62593
13.259195
-8.449766
-22.270788
-5.832871
-23.607306
-52.84541
44.544544
-106.80566
32.43812
-53.85416
17.076494
-14.668596
14.028804
13.075655
5.133211
10.676345
-19.406551
43.552246
81.20526
-6.019269
-96.68083
-82.57513
-17.23334
37.843563
-77.78222
-73.81886
11.879775
-10.070648
2.038205
-39.270943
32.90456
-21.213373
-69.89182
-1.0591654
-98.38541
-66.83462
70.099754
4.0998125
34.12555
63.889366
9.751914
10.091192
-52.27446
-38.733196
10.132315
-25.288382
4.9014792
101.708015
31.411682
-48.291656
-4.0423603
1.9322793
-16.574617
-13.895299
-33.50662
27.411123
-61.713425
60.091324
85.11092
-5.1434846
23.667187
30.598417
38.9116
9.778397
65.680534
2.2588153
64.1787
28.651794
-101.73608
-16.385609
6.7817407
-31.523388
7.3743634
59.634033
13.7573185
-75.03304
12.614667
51.149334
10.718799
46.941067
-27.41426
26.490261
-48.31385
3.6999454
62.68018
-29.883461
-43.372654
-49.138863
29.327412
-74.82031
-96.049644
74.92579
24.482618
39.806618
-59.538612
17.0366
27.633202
-24.897266
29.550117
-24.101183
-6.165931
128.30232
3.5337865
-123.87646
36.39632
6.2034764
-47.84275
37.44098
-10.951466
83.28783
89.09811
54.125595
-75.20484
-29.418913
-39.99528
-0.30732
0.16595346
-8.26868
-77.39492
-40.57368
-19.610243
9.185037
-50.55127
-67.930084
5.2308536
-58.896317
7.7050705
-40.020203
50.092945
69.704605
-52.027664
32.365105
-140.94826
44.09511
56.172615
16.39909
46.82193
-28.14972
-90.11744
-81.747696
22.444214
-36.1012
-1.6669692
2.483322
-0.81487614
-91.301186
-64.01624
-66.59303
110.63581
40.028088
-34.104656
-24.95766
34.73973
68.33034
-14.287643
43.911777
46.600506
-16.826622
-31.859142
-41.347824
39.239796
-68.114716
-38.829853
22.161865
48.11097
87.588585
76.599594
-145.30486
22.51291
37.20873
31.559956
4.8792806
-66.87771
23.906069
27.187366
-79.00993
-111.752495
-45.812645
-61.67715
-77.222786
-3.0206032
-59.882427
91.75416
-55.664608
-114.49802
36.585426
4.658967
-52.1281
68.819855
96.15451
13.301253
44.875744
-16.458593
-24.758945
-82.85582
-7.993885
4.115348
-34.312977
-52.264046
-2.5249598
-63.162014
-88.9202
-19.836393
-98.81036
-37.25357
-62.5981
-132.36533
14.06183
-50.81259
-28.046667
-99.180885
-104.58957
-16.233578
-7.3904543
-43.92596
103.77079
-62.160404
-27.360773
54.41867
-15.774244
-48.85114
-27.595165
7.0495577
9.645588
-6.9237175
-51.517887
40.428024
-85.690735
-0.23632742
-40.13668
-46.449078
8.463643
12.116963
53.153717
-47.17635
38.075897
-40.555202
-16.480316
19.292727
-71.967705
-112.60744
-79.84743
5.138788
46.30022
-23.615286
-24.886312
-27.059551
-25.999208
47.398808
30.006582
3.3107817
25.331675
65.78734
14.033663
4.581316
-27.04
-4.850888
41.984974
56.325592
27.077612
-7.565832
-14.721443
135.24765
30.388462
25.616796
-60.13508
-56.669518
9.005073
-26.72821
-105.29473
41.466633
105.96287
-6.800496
-64.00599
56.27138
44.00537
-9.00091
-43.736713
-31.154501
-55.55424
-53.393982
35.438488
69.821205
-47.195755
13.972529
23.91488
45.396004
3.509393
17.988958
-120.57303
-63.589836
-52.15284
-56.693813
21.989574
28.469639
1.5718728
4.2153835
52.99988
4.1872635
21.112856
13.749184
-43.581352
15.217778
11.187656
-44.817387
-21.058212
27.839525
-10.640777
-52.79097
-18.751255
57.160423
48.1936
29.132925
-52.00092
70.50613
-108.10251
-10.717932
-39.363857
18.368479
49.805275
28.78123
39.611225
-49.740013
-13.29084
33.87942
-39.233315
25.875076
-57.179417
-116.17388
8.414196
-32.694492
-65.579834
-13.297522
-44.426933
-35.99188
23.878532
-36.724712
-33.91692
58.916367
-34.348793
27.348124
-27.542883
110.60052
29.449722
25.183983
-5.1570797
-60.26623
-5.501833
1.3767511
134.9434
9.278729
-48.267708
-34.22336
-84.621544
-42.098083
-74.50251
5.343444
-44.5892
-48.33796
31.026861
-59.035656
25.07112
-14.358854
42.12626
-45.31893
26.236267
-31.904364
-26.084597
-3.4381647
-15.43899
-9.748383
-47.91698
28.023315
-1.0110366
18.115156
8.776818
101.938126
-23.335346
-58.545273
-27.0492
-81.54897
-73.03041
-22.995222
-22.027542
-65.084236
-16.839811
57.369637
-77.21309
-33.84012
-31.567657
-1.5855734
-74.354164
5.576447
-120.08881
-6.581117
-149.53835
7.6203613
68.86167
-10.031326
-57.358513
2.007853
-31.694487
48.897312
-64.68372
-93.02257
62.069447
-25.357647
-143.74544
49.225994
12.113214
-34.837524
11.755276
-25.820772
14.137132
-51.08428
-77.47293
66.89168
29.735815
-29.792147
-11.475507
78.863625
13.946258
27.356583
23.62694
12.170697
22.980125
-16.96811
76.16091
19.239727
26.019499
-49.1537
-18.122913
4.295665
-94.939606
-56.74003
-43.99665
14.591785
-1.0083156
10.392335
18.144493
5.613905
96.32962
-23.649046
-23.704723
3.1356568
-13.033753
31.285746
54.548275
20.18434
21.86898
31.02689
-44.85096
-138.08975
-60.634594
-94.774086
-19.14935
0.07413889
-13.859117
-21.797613
57.015244
-5.653572
14.4173155
-106.31724
63.56536
28.27862
15.346778
64.69367
103.0414
90.89883
-10.067202
1.1816658
1.7424415
-0.5182426
20.098204
0.94268006
-2.9791186
4.5879636
3.461023
0.6150791
-0.65776134
-0.58295
-1.0726024
-0.30652195
-0.053015392
-1.1993992
-4.539774
12.656521
-38.73329
-0.80943096
-0.7036263
-3.6759472
-8.555254
-0.79508966
0.45764038
0.7457362
-3.4874167
9.921576
-5.0936174
-8.770183
-4.334235
2.328306
0.41069105
11.72035
-16.364664
10.026397
0.36999652
-21.023676
-2.5409882
-2.7964344
-0.81643414
0.28232098
-55.015057
6.0537705
3.3127682
2.0713103
-0.74580884
5.8489337
-6.6443315
-1.6786158
-3.1972938
0.4550208
1.1011914
-2.016783
0.51228917
-11.697416
-3.917945
-6.4124527
-0.50886405
0.7317869
-10.179756
-0.8956192
-0.004345956
-0.23632929
-13.682922
0.797588
-0.37520412
18.955498
-17.991278
-7.327444
-0.0013746116
11.560151
3.3910136
-3.4719005
-4.9551597
2.4603374
0.6860795
1.421527
4.8368173
2.259716
3.2852583
-2.0993316
-4.1870384
-0.7776155
0.84263885
1.8106917
-3.3145392
-0.5115352
2.6454585
2.6452327
1.3451791
2.5799732
14.400112
2.0728111
-0.9341796
-6.0206122
5.642692
-1.3411604
6.597812
-3.490801
-5.2912035
-3.5957289
-3.9216034
-3.3115118
6.5529804
2.89411
-0.060670618
-4.9131074
4.843829
-0.28891528
-3.6846302
5.0797663
-0.26219282
0.61841
-2.3194392
1.7795602
-6.567106
-2.0010831
-4.2251205
-10.8113165
-3.373904
-2.7015998
-4.056178
-1.647431
-0.8510904
-1.7350997
0.62860245
-5.6828356
3.8373244
-1.3934988
-3.556503
3.5995095
-1.4547672
-1.4600343
5.5827336
-0.076839976
10.54771
2.7410407
-2.5441818
-0.88194275
-0.11439539
-0.7935799
-1.1554006
2.0372643
-0.8564511
-1.1412722
-0.4684034
5.6915674
0.15277272
-0.6144014
4.6952386
0.27226514
2.7444296
1.0903921
4.8984714
-2.1163628
-2.9647593
-1.8219548
-1.8297609
-4.344396
4.2651353
3.3045492
-0.3496279
5.3213463
3.9800565
-2.9541028
-2.3971303
-3.7306542
-3.1894045
2.0298526
-0.7635358
-9.943167
-4.228341
-2.4367037
0.07860306
-1.0537338
-6.8912435
3.5225196
-5.3147902
-0.5635462
3.674653
-7.4675746
-1.5771554
-10.687436
-0.15449272
-3.984719
1.6940647
-0.9343521
1.9316778
-6.3209276
6.1451716
-3.9260442
0.83858967
3.0687118
-3.2733724
-1.3915833
-0.77424526
-3.907506
-2.1335042
-0.38891414
-3.5707555
-0.41641048
7.7743125
-0.7616231
-1.5407363
3.5280032
5.792152
-1.1498656
-2.6631052
-4.821635
-6.9257607
5.0026407
-11.211705
-6.8736157
-5.4645047
-0.13478133
5.6037354
-10.240004
2.7608304
3.0766466
-1.4386485
-2.35361
2.337188
0.8742571
-1.7611783
-0.9055762
-0.17948698
-0.06063603
-6.779212
-1.1437162
-6.4157586
-5.9579625
0.08129669
-3.9423761
-2.7319915
-4.3231506
1.344804
-5.5529633
-1.5630884
-4.9783473
4.452778
-0.5155666
2.1438677
-5.4162335
5.4877353
-3.5249488
-6.3475122
4.6454444
1.5325725
-4.77902
-1.188116
-0.107527345
-1.2982569
4.9455667
5.4530487
1.5487657
-0.056798797
-0.9499623
1.7487797
-0.18035617
1.265321
-1.056114
0.07897302
8.7230425
-1.438738
8.331488
5.0250583
4.2832036
-3.6564252
9.337542
6.2611346
6.369739
-1.1932043
-2.5590088
2.912046
6.1619997
3.9743862
0.35451075
-11.617101
-5.4791408
0.99891776
-3.3187063
7.2457952
-9.743768
-3.930422
3.7618418
-0.44556135
1.7441648
-2.3704033
-2.7158222
0.14049758
-0.8123021
-1.0195239
-2.0202675
4.8162327
0.50556815
-0.45193076
2.0635169
2.867141
-6.075941
-2.4070075
-0.7946648
0.45651552
2.2016206
-3.2459266
2.4576316
-3.4877946
0.6365552
-2.7187717
1.9040921
4.6312666
-2.7560618
0.069121875
2.9571366
0.20108813
-3.5159962
-2.6707919
2.8056693
-2.1721883
-4.4635363
-2.217907
0.87689996
-6.6644406
6.346257
-3.0991912
-3.598874
-3.0702202
1.3261542
0.33599412
2.1229467
-3.7414958
1.974461
1.1449238
-8.271067
4.453373
-0.7763618
-5.9750886
-0.00866265
-1.4255097
-6.3931355
-2.8705392
-6.3087516
1.157914
-7.194437
6.0950384
-5.9267297
-8.00803
-0.92281747
1.8739753
1.7792659
4.795742
9.410127
-0.6608542
-0.5284704
3.4695477
0.562261
-3.3342369
-9.01936
2.7653546
-5.258937
3.407324
-1.5915457
-3.1920478
5.445014
-1.4515036
-0.51605934
4.5173783
3.8842404
-1.8174701
-7.1413636
-0.10100793
-1.6004424
-7.0675454
0.7357259
-5.76205
-10.735665
2.514436
-3.1870043
2.531076
-2.666118
11.531763
-2.3794975
-8.084493
-1.7942642
-4.4403563
-1.1355278
6.5066733
-3.250133
-0.8907431
-5.124118
-0.5322043
1.4066918
-8.669369
-5.7133164
-1.0742663
3.2190688
-8.743649
0.5865942
-0.5186033
-2.8321865
-0.093725786
0.34765422
-6.197759
1.017713
-0.2414451
-1.667729
1.7339585
12.664018
-1.3823878
-3.6036677
1.5739958
-0.7358218
-0.8390569
-3.1541877
-0.79685336
-0.06529346
-3.152331
-2.0041127
9.667159
2.7423532
2.505535
3.7470675
-1.2672849
6.2793894
-0.25123644
-0.44165537
3.729201
3.6148274
-5.38713
-8.779805
-1.3377671
-4.2404313
1.9379356
-5.704619
-3.6727114
-6.0235834
-0.13633776
-1.1205739
4.9929585
4.136241
-1.8913034
-7.2203484
6.4693723
0.10237024
0.6152573
-7.9280853
-8.412585
-1.3182914
-3.3171844
1.49101
4.924462
-4.1371975
8.352776
-5.808641
-1.3911588
0.035477694
0.6305672
3.4662893
9.5692215
0.45901498
-5.530072
3.725999
-1.2096936
1.7243338
0.078706324
-5.078052
-7.0618434
-1.1337404
-7.2334375
-1.9038794
1.8274325
5.8836913
0.31438592
-3.7539582
-7.217625
-0.037849467
-0.40552303
-4.35582
5.0727086
10.115716
-0.22072315
0.45568702
1.148672
-7.4006867
2.2514307
-0.47805786
6.3935933
-0.6647491
-7.933786
0.7810094
-3.456907
1.5111954
2.979466
2.6463795
-1.0262251
-0.4558818
-2.6238282
1.5579957
8.771682
-3.1070342
-4.311147
-4.640302
-0.31072214
-4.0670357
-0.5980752
-3.784662
-1.955347
-2.797333
-0.3069201
-0.07229044
7.705469
0.8875269
7.152112
0.30591342
6.7036195
1.1172225
-0.2099655
4.8994823
-0.34606037
0.80403453
3.3901112
-0.27719247
1.8006587
-1.9133713
0.8572213
5.586542
-2.6988318
-7.044786
-1.8642699
3.8315473
0.01279013
6.053953
-16.610651
1.5628259
3.1119719
2.3275325
2.4615276
4.98018
-14.820794
-1.1666969
-2.7885292
-3.5974593
-0.39164472
-0.94218874
-0.38634712
3.407525
-4.0634437
0.52518135
-3.418895
-7.736546
6.193696
3.0573435
5.96405
2.3239648
-1.8044609
-7.6108327
-1.5656589
-5.227524
5.7403197
-1.5566082
-8.787369
-2.4012263
-3.730032
3.8619626
-2.768818
2.0051594
-1.1985668
-1.2435206
-4.166136
-1.7043003
1.9984492
3.491995
3.631054
2.4254317
-1.6908962
-4.1741014
3.8232973
4.8840632
4.429597
-0.9556785
-0.25120664
2.9793963
0.23947917
-1.4064045
4.764085
5.996972
-1.2741493
6.3693705
2.5334044
-1.7798462
2.753973
4.403086
-2.5889792
2.8038254
-2.8667817
2.436144
-8.093032
-4.6153455
10.832128
2.877754
-1.8275864
2.291335
-2.944859
4.7117085
4.330852
-1.6417421
1.1863995
-0.16769493
0.060957823
-1.1275024
-0.70744276
4.7664227
-1.4082618
-6.212486
-2.8206956
-3.1845458
-0.80404913
1.119783
2.1270576
0.5446535
-3.362641
6.218821
2.2201693
1.2183198
-1.153474
0.8831485
5.6347456
4.034225
2.44456
7.762786
5.806388
-0.49556935
-1.8722147
1.5214899
-1.5092713
-7.1077547
-4.203705
-0.82287246
-0.41082728
-0.43077296
-0.73723066
0.54323286
1.6476191
-3.4969985
1.9899316
11.869685
-5.4494896
2.6267083
-2.0302694
-2.8871439
4.4480686
0.6903347
-1.0748883
-3.7496657
10.942183
1.2843344
6.7427278
-0.13413975
0.29717332
3.012266
-4.0768294
3.504565
-0.5677556
0.46640483
1.5024724
0.39014158
-3.171556
3.1254432
-2.873106
3.2323627
-0.16819952
-1.0480016
-1.129995
-1.5576848
-5.134363
-2.9287047
0.85110337
-7.421006
0.3048411
0.0902718
-7.2537165
0.9798376
-3.3287272
-0.51457953
-5.5791574
-2.5452302
6.648931
2.875457
-0.21908724
-14.584304
6.60438
0.036040854
-11.372636
0.90977246
-4.532466
-4.4104795
-4.462018
0.721602
-3.2450504
-0.5310114
-7.8415794
-4.7880354
4.5403233
-0.34254286
2.9798186
-0.20368682
-5.7403717
1.7620512
11.0548
1.9074882
-0.013051879
-2.3586257
-0.8218768
-0.7534363
-6.1602106
-0.30498254
-1.0297819
-2.3338015
-4.744465
1.3424772
-1.9256914
-0.12065065
-3.7001395
-14.306829
-0.32399073
1.4555715
0.59137815
-0.2798838
-10.026292
-4.7945776
-1.2068753
-0.49639428
0.54627347
-2.4068482
-3.540691
-1.4386383
-0.8762526
-4.7239127
-2.312033
1.173076
-0.3911156
-0.7147188
4.9218006
5.59659
1.6705993
-0.030613989
-2.074209
1.114189
-4.125344
0.666052
-4.0311823
5.3685966
1.4565718
-5.87219
8.704817
-5.282685
-3.4984524
3.7880144
-6.456715
-4.4592266
-0.8275852
0.3729511
-1.7106913
1.744643
-0.8279016
-3.1373136
-1.3421093
1.4839631
5.3364053
5.510726
1.3555757
-3.6718035
-3.4917333
2.0494342
6.300804
5.691636
8.724062
3.1203902
-8.626849
-2.1805038
-3.96335
2.0810857
-1.0565786
-0.7908815
-5.828669
0.6864509
4.62734
-3.359378
2.5869775
-2.3162785
-0.9013787
0.66548216
6.349435
-0.8437788
4.3080783
12.849445
-0.04589125
5.165522
0.47332788
-0.85885
4.577121
-4.761854
-3.7913902
2.329408
-2.4366672
-2.8192875
-0.66274863
-5.542127
5.6675606
3.5724103
4.88112
-1.4321419
0.009673852
-2.717718
-2.9447207
-9.600156
4.8985767
0.9894765
1.3482115
1.2453364
7.290032
-4.801957
2.175655
-5.041479
0.78604954
1.4128915
-1.6865305
-1.6926477
0.81495285
-2.3234148
-1.7474701
-8.639029
0.50188255
2.45215
3.873308
2.0162587
3.6810038
-1.3723006
4.0272207
-4.9948773
-4.69214
-4.3576045
-2.7481878
3.996053
-1.9696043
7.5268664
0.62065184
4.3583837
0.92378616
-2.1454568
-3.1703837
3.1181498
-3.2357237
1.1457903
5.4405303
-4.3518434
-7.0738573
4.5879936
1.7050728
0.60113454
-5.5065613
1.0166254
-1.863421
4.3670797
-0.708844
3.5100489
2.6614933
-10.54037
-1.2267014
0.9532222
13.146865
0.7273853
6.356316
0.39377353
3.6260092
-4.53984
-5.97477
1.6199589
-2.5276527
2.4389198
-0.04414772
-0.08773668
-9.553362
7.48403
-1.4334639
4.977982
2.6826568
-0.7089674
-0.36745957
-3.8183858
-2.5773244
-4.502808
-5.312504
-6.4954834
-8.450734
1.3707759
-3.8532388
10.7802725
-2.3660028
3.9663546
-2.8907168
3.909812
3.5677397
-1.3671049
-0.29444236
-2.211586
-5.3910623
0.66543204
3.226656
-2.112817
0.115876414
14.749051
4.71533
0.05693632
6.4341087
-0.008651573
-6.0626917
0.8344561
3.864517
2.4908679
-7.017593
-0.8866874
-0.46319452
3.119701
-4.3393373
-0.13140975
-1.0104538
2.9197884
0.019619394
-0.8787751
9.3947115
1.2363054
-3.721005
0.051075347
1.7445221
0.27077276
-1.4553123
1.9350079
4.9089847
-4.1996183
0.5988657
-3.1186135
-2.6869345
-0.020595022
-5.863191
0.44070593
3.9869082
-3.1796305
7.960188
0.27117842
4.9705696
-2.771057
-0.77935225
4.688129
-0.8591991
2.7586937
-8.481079
-5.914868
-1.6117259
7.652851
-0.10175625
-0.23538996
-2.1536472
-2.2405193
0.4970579
0.8893081
-0.5105151
-0.767863
0.7776591
0.14890622
1.0291371
-3.5914361
5.890551
-1.3351716
5.9075084
6.313438
7.380412E-4
8.245633
-6.725746
1.2020087
3.4707434
-3.6654913
-0.78641176
-1.7505715
6.9132347
1.6781192
-0.26744857
-6.049529
3.7588766
0.115430094
8.5453005
-3.803715
-1.3616488
-3.9273999
-0.7730783
-1.4450543
5.792323
2.3353922
-2.47178
-1.155745
7.853845
-0.36977604
4.3936615
-1.7966621
2.6074958
5.6940646
0.29104695
-1.6857219
0.33917692
0.8637914
-2.23847
1.7397587
-1.007697
2.930796
-3.4824464
-0.1059483
5.864771
-2.9698007
0.31067082
5.685843
0.2548048
2.1474376
3.3891907
-0.90546745
-0.6355071
3.6722863
0.4251147
2.3713048
1.2000451
-5.1901855
-2.6477435
-2.275007
-1.3223299
1.2256305
-0.04554279
1.6437705
-1.1044866
-7.0684795
5.727524
-2.3883193
-2.9337814
0.18740016
6.2194047
0.09501386
0.65142506
0.36668366
5.0657988
9.767087
-0.6849272
0.2416053
-5.087957
-1.4400859
4.191002
2.6512876
-8.218091
1.8703501
0.61308074
-3.5960174
0.7430135
-3.7146122
-1.2810415
-1.9764715
-4.132922
-6.225151
-3.6281586
1.7898926
-2.8013952
-1.4180951
3.316459
0.39237702
-4.545156
4.0985255
1.8317761
6.528858
0.71269214
-4.6441793
0.23309246
3.4076653
0.3803783
-4.5423136
4.569405
3.1263032
-1.6692028
-4.2164717
0.4826933
6.603691
-0.5577069
-1.7326986
1.649756
0.4395967
0.25487113
1.8223737
3.4347992
-0.42396
-0.8723184
1.4818891
-0.67214423
3.4494932
3.2780328
9.079791
0.28749728
-1.9890286
5.1692986
-0.32706416
-2.969571
1.7182518
-2.8170087
0.91472554
0.49119714
1.5371127
3.1525474
-1.7069911
-1.84725
1.6036439
-0.49835658
4.1053777
1.1584896
5.3552694
1.1348205
-6.4397655
0.80950654
-0.941793
7.6381235
1.5869185
-0.3299312
0.971621
1.1997296
-3.4747927
-4.1585717
-3.5909839
0.3716171
3.3411326
-3.1057441
0.4104639
-5.4070244
6.189301
-6.956131
6.765567
6.7869644
0.39060196
-3.5220296
1.1557124
-3.3771024
-2.2560885
-7.142793
8.475151
-7.0499153
2.111046
-1.6473547
-1.5615712
-12.059943
3.0214612
4.751282
-0.5340844
-1.2283988
-2.5900953
-0.36600694
-1.0907812
-1.7303329
0.01949905
10.173298
-4.2239704
1.348991
6.5625052
1.9340935
4.5460906
-2.3421235
-1.0251397
4.972581
-1.4094483
-3.8044307
2.683389
-4.7989535
1.8090183
1.0426964
-2.1866772
-0.119612284
2.0487614
-7.394989
-2.1830733
-5.8990135
-4.770456
-1.7840827
5.9554124
-0.008657394
-4.562782
-2.795286
-4.0848446
2.6859622
3.576561
3.6963992
3.167506
0.30925086
-4.900523
-3.20847
0.16706873
-5.738863
2.4460175
-10.594943
-6.2704873
2.5599897
1.8269166
2.7461493
-0.71474165
-1.2037169
-1.0981045
-5.5203996
-3.8049512
2.3511
3.655749
0.8139377
0.075448126
1.6621394
2.5417864
-8.742946
2.7875235
7.231607
0.538435
-0.63377345
-8.376163
8.341453
3.239043
1.4201783
4.3937984
-1.5636072
-5.3779287
2.036076
-1.9116138
0.21489076
-3.0229278
-3.9251459
-1.1857679
2.7185702
-4.786297
0.9211503
9.139113
1.4301721
4.900298
0.9276649
-4.711315
-2.6577616
-0.8192491
2.7061224
2.5578365
-0.0081852
-1.3377393
0.93671495
3.7697995
4.2919436
1.0267756
-1.620066
3.3618476
-9.394533
-3.062182
3.0450976
-0.4835082
-3.57836
-2.6750476
3.4311788
-4.2497487
-0.18279506
-2.1492167
2.2620432
-1.739579
-0.989484
0.12147958
-6.853656
0.19609986
-6.33666
-6.005026
-2.500368
2.299283
3.6142995
0.7698939
1.301175
-1.893323
0.34778342
-5.5099635
3.7444606
-2.224404
5.108707
2.522033
2.7037137
4.6447997
1.5810016
0.040743135
3.6557894
6.5831294
2.6021533
0.24656959
-2.3072133
1.5115913
-5.400249
-8.6130085
13.629796
-2.8288884
-2.926428
-2.4745278
-4.4847336
-6.2642264
-0.8189291
-2.410207
-3.5108259
2.4756916
-4.895859
-9.02517
1.5762051
-1.1194068
4.3579917
1.1150341
0.7811049
-2.7339122
-1.085719
7.055879
12.040974
5.636298
5.4649353
-3.7462442
-2.0596185
-1.6326234
1.1418955
2.9439113
-0.9891783
-2.7376058
-3.0397222
-2.1191192
7.98282
-3.145166
4.894768
-1.2662091
0.77025926
-3.2697923
1.2615182
-0.025161559
-1.7407335
2.5927715
0.19971354
1.1257967
0.16835938
0.5056654
0.90870404
-1.6785241
-3.7289796
1.0891335
2.0203428
-4.823719
-7.423775
-12.793956
4.492302
-7.0790377
-2.4589593
-4.122188
-0.17241892
-2.5699122
-8.299187
2.6744084
1.4211621
-2.5117688
2.3201592
-3.0922432
3.926867
0.40282702
-1.1197674
2.0904958
-3.5991635
-7.4752774
3.8186877
-4.101611
-15.119688
-5.4146233
1.174428
-5.1007905
0.26125646
1.0022138
-1.0055333
2.0138218
1.6768105
-0.23877583
4.317887
-1.5786476
0.08480708
-2.6397192
-3.8150868
3.8722534
-5.0067077
-3.3491068
-3.8776164
-3.3480222
-8.285224
-1.3476036
-1.549673
0.21492636
-8.713131
1.0266315
3.3556502
-7.228283
-4.1961684
3.3952286
-4.5403795
8.007624
-1.8954905
-3.4540293
-8.489427
-0.9635641
-6.5689006
-1.6898651
-3.8377144
-2.0870385
-0.67159486
4.3908505
0.9377456
1.8815608
2.4342132
-2.6049676
1.9680954
1.0750661
-4.436993
-3.338227
-2.1763663
0.17500578
-4.699122
1.5503365
2.077903
0.9824099
-4.805133
-4.8283753
-7.063485
2.2905214
-8.733557
-0.7660412
-0.12139596
-2.507027
-5.0142617
-1.7858616
4.3435345
2.9480605
-1.3082469
-4.059142
6.276176
-1.1276411
-3.2039046
-4.5621657
2.9143612
-1.498295
0.04461259
-2.551059
4.448027
0.7107423
-0.497177
-1.8650112
0.09091861
3.861816
-1.6840726
4.2789044
-2.9462035
-1.7442548
1.1495836
-2.4766667
1.590668
5.042861
-0.133619
-8.729254
-3.255122
-4.6787543
-1.1227772
-0.42853475
1.7132537
-6.6555705
0.36415884
-10.22658
-0.67319465
1.0684199
2.011504
-6.437542
3.2794704
0.84037095
1.1841497
-0.8424101
-5.554697
3.037177
0.22334433
-1.9823569
1.6666411
3.32687
-1.3871477
8.36685
2.7550938
-5.108413
-4.8457236
-0.5051428
1.6192864
-0.9518516
1.1457375
7.9064054
-1.5200193
1.5396407
-0.25770974
9.089086
-6.705024
0.23492464
-6.1700554
3.40486
-3.8950474
-3.6281598
-0.28807172
6.628351
0.23331054
-4.6702843
-3.6429975
5.4971123
-5.0955033
5.723689
2.3651192
-0.79349196
0.041789826
-3.4195902
-1.1442952
2.071136
4.2015524
-0.3862691
-1.8731108
5.5400934
-5.3062954
-12.752574
-1.3712138
-2.129432
-4.182374
0.56704354
-1.8391535
0.4295776
-6.488804
-5.5006814
-1.4131985
0.4388015
2.4434772
-0.014265354
0.13631459
-1.1582273
-3.8727894
-3.1179416
1.1483637
5.998642
-9.387822
-0.38487822
2.6252463
5.7597613
-0.051854722
0.53603417
1.969491
0.0077577997
-4.0289164
-1.2625425
-0.47867715
5.730458
-7.3244386
0.48359817
0.5847823
0.5304781
2.8142107
5.7209907
4.9670835
-0.2989282
-0.5249766
2.2811725
2.2698743
-3.0512187
-0.8971532
-2.711135
-6.8000393
-2.5839815
-3.488566
6.6799827
-8.915052
-2.982514
-6.3291445
-3.4587295
7.404808
2.0684428
2.095556
3.0986235
-2.448592
-2.7338705
4.896809
-1.1095268
0.80241144
0.85602385
-9.448017
-6.6273293
0.29293752
2.3614254
-5.705379
1.0189579
-0.18802637
-3.5930195
7.1814423
-8.729968
2.0074544
-0.1976744
-1.0678476
-1.6783477
-0.59917915
-1.1986313
-0.7484061
0.7536982
1.3054874
5.8059225
0.81854475
3.461756
-7.422194
0.7974043
2.5157344
7.1221185
-6.047863
2.304049
2.849119
3.5092626
-3.4777622
-1.0105993
-3.2493289
-1.7939296
-0.032158412
-1.1881487
-0.6523445
4.049173
-0.92267567
-6.441617
7.7303543
0.3039617
-7.9061074
-2.9019442
-4.8185816
1.2099441
-6.3987694
1.957051
-1.1829146
-0.03459677
0.4798199
-4.0500035
-0.9001397
0.6299304
6.7548304
4.0733624
2.9985092
-6.0026083
9.711521
5.350587
-4.7876654
0.9285639
-1.7748748
2.8928645
-3.190746
-1.8952789
-1.5620134
2.4617743
-3.759992
2.1420186
1.6895907
7.4751463
5.92928
-0.5643803
-0.33040628
2.871719
-4.2763915
-0.08732116
-2.9719439
5.1641865
-7.6908727
-5.351886
-3.4043574
-0.5914779
-2.1779459
5.2611427
-3.5250237
-3.5309627
-4.2499824
-11.484322
0.31233817
2.431498
4.011899
6.0538783
1.785167
-1.3159647
6.13452
4.691219
5.160397
5.8228416
-2.8724341
-1.999081
2.3782742
1.5876659
-0.22431941
2.541609
-0.20183282
-1.4351115
-3.6662817
2.1511602
-1.0283151
-1.3956227
6.47086
-0.17350668
-4.670802
8.318367
2.5221455
-0.06293495
-12.594301
-3.6329293
-0.9160948
2.9653113
-0.3388667
-3.694944
-4.109003
-5.1036305
3.1249747
-3.4432576
-2.1852756
-3.793133
-6.5385685
-0.13598455
5.482824
-3.0421026
0.056912046
-0.31937584
-3.439074
1.2121342
-1.8296615
-3.1072783
-3.9318466
4.6710954
1.4735117
-8.588104
0.2151529
3.7321694
-0.009123367
4.516131
-2.8981285
0.44882098
-0.4709519
-5.505607
4.292124
2.5264637
4.023446
-2.7350278
-3.2256255
-1.9848324
2.2820666
-3.5974076
0.8775716
-8.8536825
3.1495233
-0.49192107
0.68883836
-1.9723601
2.3964787
1.3784035
3.6690302
2.9752307
-3.3160548
-0.84583366
-2.4593067
0.34299156
0.82420385
-3.772664
-2.3541636
-7.3516507
0.86767733
0.8200824
1.6719416
-0.7034526
-0.9411316
-4.336028
0.65798336
2.0552285
0.5631947
1.6955129
-1.0899676
-6.4981756
1.8973509
-2.854354
0.67944425
-2.154816
-0.73010963
-1.0431968
-0.07318614
-4.5226417
2.6656053
-1.3233999
1.7568147
1.0227952
-5.5376434
3.1524653
2.5171223
-2.7541556
-0.7588824
5.379995
-2.2063162
-1.97471
-9.289714
1.1840189
-7.2426944
6.913064
2.0961401
-0.20470445
0.656046
-0.06217263
-0.73004216
-0.2098294
-5.2636437
0.84256566
-3.1763303
-4.177185
0.085398234
-5.1736717
5.180919
0.39629108
-2.2113862
-6.451927
4.12581
-10.625064
0.91135496
-3.6574056
1.4796785
-3.782329
-2.5095541
-3.9336023
0.22104649
0.83172053
-3.0960732
0.04958623
2.3926134
-3.3081963
-0.52771634
6.510788
6.1978006
-5.9516215
-0.33857316
-6.9031777
-4.173417
1.0356737
1.6853943
0.16253395
-0.5270428
-0.74649054
7.0147023
0.26109093
3.099859
5.402788
-3.0696034
3.453061
-1.2097224
0.6213552
0.25787753
1.475608
-2.4827971
3.2791557
-0.048253946
2.05215
-5.8395557
-1.1971915
-0.46304035
2.9313679
0.94215465
1.4613726
-0.56730247
-1.1535261
-4.443326
1.3045156
2.9677563
-0.13574314
1.2334317
9.0923815
-1.8983407
-1.7686647
2.2889137
-0.9792029
3.2583327
-1.7159656
-0.08558905
0.31267214
-9.624972
-0.912847
-0.36115876
-5.4287324
-0.92783475
12.485411
-1.3872923
9.515451
2.301135
-1.1191567
-5.180461
2.1024444
0.7779813
8.262902
-4.15745
2.2502394
3.4180927
-0.9458139
8.201383
-4.01782
-3.4159799
7.878926
-3.124797
-3.3048604
2.7677448
-1.3299592
6.8571434
3.9502203
6.7375627
-8.296216
-3.5904105
2.427417
4.018164
3.0072908
0.47673488
-1.4123884
-0.04057592
0.19153123
-4.7932377
6.1926866
-4.855709
-3.0058165
4.3531427
-4.393586
0.5425489
0.78355324
-1.8978823
1.01014
0.8549102
0.8146551
-3.843048
-2.5515683
-4.3376155
3.0527818
0.62507015
-1.66575
-4.7020082
-3.330216
7.1345816
-0.4437056
-1.0483459
-0.9984687
1.3523254
6.3489227
3.4157066
2.4183095
5.8256106
-1.6060551
1.7599789
-1.059878
-0.25026903
-0.6895047
6.2472553
1.1677219
0.64712733
-0.993155
-0.43800238
-7.2809076
-6.134032
6.6423774
0.28868106
2.9305856
-0.39189512
-2.304941
-3.8137488
-0.34495384
4.5010133
3.3086066
2.2954984
-4.3397098
-3.8857906
3.6162894
6.7323747
-4.143446
-4.785021
-0.025526881
-6.550165
-0.54601026
4.0512505
3.5044932
-6.939471
2.3500638
-0.5403853
-2.468703
-1.3937225
-0.16545779
0.0038913656
-1.1514808
0.80255514
1.131294
7.524064
-2.4182005
3.207559
8.995995
-1.6114422
6.208199
0.36293152
-2.4076536
2.3611684
2.7372832
2.150877
7.3691072
-1.64367
3.650591
-0.29329392
-1.2659811
-2.8165617
1.8331356
-1.9866457
1.3111217
-5.3958015
-2.9498496
4.986918
-2.189261
-1.654285
-3.5746431
0.18965444
-2.3620033
-2.5049453
-2.9926174
4.3682685
5.4918036
-0.6201397
0.8851881
-5.8331914
-1.0045065
-4.646012
-1.5419143
-0.21111909
1.6594177
3.3376498
-4.702651
0.31087965
-3.0325825
0.7357267
-3.4833326
5.025482
-4.739572
2.1645474
0.8693025
-6.01104
0.43495676
-2.9780955
0.4199744
0.6818061
-3.6303773
6.5272846
0.9930658
4.4408135
-1.5663992
-2.6096444
-3.0488346
0.40652984
-0.5823994
-5.3006577
-1.6888299
-5.6911263
-8.743573
0.2423642
2.464908
4.604012
1.7489814
2.5540178
0.9042193
3.9624507
-1.9556774
-5.6863503
-5.020066
-2.1954026
-5.840242
1.1496862
4.141333
-3.7997944
6.476521
-1.2422035
-1.2365959
-3.4056478
-2.6175103
-5.5781026
-0.23588292
-1.4112762
-2.988312
-8.492122
-3.6662693
-1.5004466
2.1148887
-0.014724455
0.55790216
3.001714
1.1483439
-4.881572
-1.4058264
-4.488074
-5.817605
-1.0088217
-0.6249265
5.9534793
0.6217248
-4.358876
-2.7924747
1.8461566
-3.3727033
-2.2063987
-1.3908579
-0.22904244
-5.932384
-2.6599286
-2.388797
-4.748592
3.5685792
6.211556
0.8836988
-6.63784
-1.8605922
-4.52096
-0.3981375
2.820065
1.590874
-8.230352
0.050015565
-2.3699973
-1.0589073
-2.043902
0.8022493
0.40122977
1.8412039
-2.248433
-1.886664
-3.4536235
0.252449
-0.95326287
-0.8111298
-0.14878313
2.1661975
-3.5012321
0.46682715
-1.1285263
0.1995018
-0.8595383
0.12404259
2.4712522
-3.459672
-0.66012347
9.175544
3.6363788
5.204158
-0.62095964
4.3419933
-4.7521877
2.1062715
-3.9289548
1.8149629
-8.11406
-0.3323264
1.3802388
1.0397422
7.014476
-4.7215
-3.155807
4.1268973
8.519063
8.518438
-0.8893837
4.6233497
6.646132
-4.4182234
0.3310833
-4.2777505
-6.38783
-3.4751914
0.34715417
-4.5826817
-1.5270368
6.2512927
2.524443
-2.411048
-3.405566
-2.3051565
-6.87472
-4.8999553
-4.1971745
0.8504858
-4.1727266
1.9721951
7.782131
0.7649386
6.928194
3.274024
-2.4310508
3.48753
-1.769119
3.6870055
-1.6180106
-1.4544437
4.459417
-2.852722
-3.8916268
-5.189727
-0.80317116
-2.3726413
4.221306
4.0966635
-0.7188002
-0.18192957
-1.4529711
0.39328867
0.97771174
-2.2699492
1.221647
0.79744333
2.3059714
2.4768748
-5.2550354
-0.26114613
-0.14409016
-9.661503
4.38761
-3.401828
4.8401403
-6.278543
-2.3486133
2.3543434
2.1862419
-0.015945215
11.498396
-9.107744
-0.55151165
-6.174113
-1.3674666
5.3798213
0.24129188
-2.019271
-3.3484254
-2.6173427
-3.1325583
2.0933557
-1.182648
-4.2646747
0.67654586
-1.2412835
8.470609
-0.21226819
-4.0419755
3.469808
-2.4500172
-4.231903
-2.353423
0.956265
2.165695
1.0490359
-2.640034
4.5953846
-6.8738604
3.723244
-5.332672
1.3970715
2.957704
-1.7391995
2.4044373
-1.5117394
-9.908816
-4.0684314
-0.12828153
-0.39582935
-5.3398805
1.1569809
-2.9128306
5.874003
5.69904
5.1583734
-6.356423
6.0347767
-3.271923
-2.3179405
-0.060744718
-3.2615895
-3.122898
0.9369161
-5.4522386
3.6611285
-0.45152935
-3.3239615
-3.4713163
-9.225821
-0.745188
6.37706
-6.410116
-6.7570558
-6.5830097
-1.2428734
-5.123964
-0.9433837
5.893364
5.6753864
-5.587305
-1.0462569
0.53845674
-2.1375024
2.8201032
4.225049
1.3475713
5.49144
-1.0887365
0.5275337
6.413904
-2.8423872
-0.725121
7.6729803
-3.2890158
-4.974893
-0.035606723
11.067519
-5.840059
3.4581213
3.357708
1.5062284
8.3461
-0.028577186
4.6267033
-1.1674163
2.2772758
4.1591325
1.5287099
-1.3939091
-1.3970927
-4.650757
-7.147038
-0.6239292
-1.781716
4.958927
-12.785836
2.033922
-1.216512
-5.225016
4.1617427
3.6699007
4.530405
1.8530108
-3.4434497
1.7213836
-1.9723539
0.17935073
-1.156546
-0.7413325
5.2496324
1.8864131
-0.21214306
-0.8552093
-2.7873237
-0.3143316
2.3842604
-1.7960197
2.756346
5.4718566
-0.18613988
1.2161217
-1.9496362
-1.1451378
-0.121149585
0.91364837
2.48878
-0.98462296
-4.401443
-2.7672455
0.89033675
2.5528967
0.42297658
0.9486708
-0.4108763
0.38134208
1.1557703
-1.0097281
7.95572
1.1853621
-3.7616801
-5.337128
-0.7890483
-3.5864985
-5.625667
-1.8856786
-4.6343913
-1.1767406
-0.5403977
-3.3025758
6.180898
2.2731276
-2.152025
1.060318
0.84727126
-7.186387
-2.4370098
3.012623
0.26969522
2.3011646
2.5704854
1.7979006
-4.8227553
-8.113536
-2.2178967
7.9140606
1.3068928
0.48686528
-4.6558723
1.9333401
-2.622373
0.67343616
-10.966847
-2.5523405
-6.822491
0.26251924
2.626473
-0.7903322
-9.6572895
3.5447364
-11.60071
-5.35716
-2.8001795
-7.4851403
-0.60108674
-1.9341309
-1.7284981
0.6173538
-9.995041
7.671829
2.7055957
-4.58334
4.584213
-3.8429248
-0.7637467
0.3527314
-7.843762
-0.40758982
1.6857597
-7.500257
-7.3100677
-3.168519
-0.036478408
15.511057
-7.554667
-0.8064997
-2.932666
1.0298254
1.1610477
7.1706743
-1.6972016
4.369718
-3.5673525
0.0061382023
3.4365096
5.661508
-2.7071548
2.0246668
5.5498557
-3.7416532
-0.03381953
-2.0759022
-2.2947598
-1.8484524
8.220059
-6.2848783
3.5908813
13.02832
-1.942769
2.0623965
-1.0288576
0.5658501
-1.2056907
1.0448434
4.9364084E-4
4.529714
-9.547008
-5.9017076
-2.1078656
3.8039067
2.9122899
-0.37298748
-2.5342631
-0.95160997
-0.8604238
-5.3504553
7.4307747
3.4898992
0.22791815
-3.236777
4.387494
-2.5828912
1.8618264
2.2687335
12.172755
7.101717
-0.64502233
-3.7924032
2.4303837
-0.034240823
1.665929
-3.172141
-12.039172
4.2657337
-4.8805165
-0.44839066
-0.35008043
0.26834583
1.5007564
-0.9064797
-0.049803086
6.490506
5.483988
-6.8329716
1.2643716
-2.7259696
10.863445
2.0456712
4.8067527
-0.050976876
7.3439183
-11.141687
0.82244956
-8.98743
-0.92217577
-3.8598974
-4.572349
2.6887856
4.442495
1.4705096
-5.8652005
-1.6418076
-0.15372977
11.15545
-5.5309534
-0.6085159
-1.7393476
-4.08316
1.2024103
5.7235093
0.8039118
1.4337823
-0.77503854
-3.9367821
-0.35655227
0.9425128
4.863806
-2.8413627
-2.2129047
5.9216785
-3.0883174
-6.265058
3.0887854
2.5581222
-0.28650525
17.579103
1.0533441
1.6576327
2.9816217
1.5894932
1.0085421
6.048266
1.6259186
-10.140597
-6.3998847
5.472947
-2.5771525
-2.7048333
-0.6134895
-2.6104
-2.151426
2.0308695
-5.783116
0.10508476
5.188468
-0.6442521
0.5267886
-1.016206
3.9664087
0.54340136
-4.732356
1.0117667
1.5237342
-2.1714594
0.86588496
4.541722
1.1569492
8.434546
-5.04803
2.7607944
0.089426614
-0.28229302
-3.4435227
4.5231795
0.76907766
-1.6999589
-2.51871
5.6680236
-2.1227555
1.6582813
9.101181
3.833278
-2.0254676
-2.852484
-0.6998742
7.4831343
3.7797656
-1.3752358
8.452567
-1.0538427
-1.2620668
-2.616291
1.5283802
1.5587494
0.94059336
8.412338
3.3193772
1.8925171
-5.6280894
-2.5040889
-5.9673853
5.501582
5.3461943
-9.054157
1.4003127
3.4121292
-6.629438
7.0366597
-0.8644251
-3.7128813
-2.1401086
0.4545651
-0.63326323
0.8260112
-0.3186942
5.301495
4.100899
1.8872933
5.3004465
-1.3192813
-0.7246972
-3.615181
2.9643362
0.37738833
-4.1515403
6.7448087
-6.5103545
-1.0170882
-2.4710193
2.2849522
4.561136
7.8543053
-1.0982357
10.246744
2.784116
1.3885708
5.086876
-4.9390764
7.014541
-0.3750219
2.3057709
2.4991176
3.2650588
-2.7357788
1.7942203
1.9884633
2.7532525
-10.771527
-3.5255153
0.09692252
-5.556989
8.456582
-0.8722239
-0.559807
-1.6098981
2.3488793
-1.8550282
0.37132707
-0.106768645
1.0996124
-3.2559817
3.7795289
-3.3554418
-1.7320726
-3.5743046
2.0481486
1.7316456
-2.4501393
-2.0730274
-2.0351908
0.020221401
-0.42475837
-0.05994284
1.4696301
0.28384948
-1.4140667
2.1603107
-2.122059
-2.0927656
-0.24147487
-0.061980333
-1.6291692
2.9912708
-0.058386315
-2.9985116
-1.9459193
-0.35547873
-3.2927473
0.18522032
0.64268327
0.40005082
-0.71481085
0.29041246
0.14297147
0.52290475
-0.90328014
-0.24207488
0.18819706
-1.725744
0.10328425
-0.35113528
2.6809974
0.45373493
-2.1571589
2.7863703
-2.064402
0.51969105
-0.47944528
0.65940726
1.3967382
-3.9868863
1.3505131
2.888418
0.3998457
0.7999726
-2.8481848
-3.950944
-2.1649868
-3.6299505
-4.353091
-2.18873
-3.7599483
-2.1276433
-4.0507874
-1.304972
-2.16153
-0.56792414
-2.9199698
0.8896806
-0.8841898
2.456065
2.8824956
-4.313179
2.5145352
-0.5531715
-2.4211206
-0.9245383
-3.1422312
-1.2123457
-1.1659864
-1.9466043
-2.628275
-0.7954029
-0.693236
0.460875
-2.2141306
-0.21999267
-1.5800811
-1.2113438
1.5901244
1.2397512
-2.5424323
-2.9028962
1.4766344
-1.613834
1.365872
-1.4756988
3.1177464
-4.5978713
-2.4458458
-3.8024793
-1.8845212
-2.7155182
-1.8801614
5.9897566
-2.8061597
-0.7549872
-0.99698514
-4.6602235
-4.549966
0.02217713
2.6121724
-2.6275766
-1.8444692
0.30588496
1.7775149
2.6798384
-2.0310931
1.7905961
-2.2132769
1.6260186
-1.5397551
0.19656245
0.17250432
-0.9918293
-2.344144
-1.9611199
4.369187
-1.1896359
-1.3596679
-2.284592
-0.8924017
0.03857136
-1.1664697
-0.9535407
-2.4701588
-2.2842722
-1.5941932
-1.3557712
1.0239362
-2.088025
-1.740307
-2.5204954
2.8671937
-0.69821286
1.3761531
-0.7597428
3.288099
-1.8233528
-3.5304441
-1.4475435
-4.083029
-0.25453037
-2.5553627
-2.2211113
-0.03536498
3.753484
-0.4822156
1.8979582
-0.38819233
-2.83479
-1.0245118
0.29160568
0.52147955
-1.9021882
2.0689263
-2.8348987
-3.0448346
2.1712842
2.1187525
-1.0993729
-1.0283586
-2.8192136
1.0367173
0.5442077
3.1380353
-1.4119264
1.0634745
-2.3977017
-0.22063753
-0.33417234
2.5614328
2.684935
-2.2790282
-5.314453
-1.6006312
-0.005550993
-0.45244694
1.2328354
-1.2677388
1.6160676
0.57841045
-2.2201688
1.5397893
-0.3346987
-0.088968106
1.7858317
-2.5432606
-2.021785
-0.013742905
-3.4001446
-0.6089151
-0.30451396
2.485957
-1.1949197
-0.2063936
-3.438521
2.0705385
-1.7342963
1.9662957
-0.2865548
0.21293698
-0.90075636
-0.18187523
1.7987924
-1.9023528
-2.26214
-1.6197507
-0.9552681
-3.502207
-3.084636
-0.35688907
-1.5294356
-2.3456018
-0.7772281
0.39355543
-2.25107
1.3613838
-1.095674
1.4279447
-1.1343452
-0.78730774
-1.6974609
-2.0184145
3.2662275
-0.7328023
2.8111024
-1.6318091
-2.0998
2.897282
0.42102003
-1.4403852
-0.07214469
-3.0671003
0.02041969
-2.016792
-1.1517918
2.3409162
2.4507868
-1.1051916
-1.4080935
-1.5864496
-3.4654064
1.6142883
1.8591017
-2.2710466
-2.172981
1.4365183
-2.8744082
-1.2597028
-0.95652527
0.7157094
-1.5305223
-1.715005
2.0657508
-1.9896147
1.234253
-1.4366113
-2.9386427
-2.892779
-0.78889066
-1.5130444
-0.36365575
-3.8893712
-0.59936595
0.9892104
-0.60854524
2.2459147
1.2216212
1.8229047
-3.0401614
4.8230643
-1.529152
-3.9608746
0.76919854
3.3919709
-2.0803688
-0.2699759
-1.4252937
2.4594605
1.394468
0.24844345
-2.380821
-0.4284157
-0.9832189
-1.72853
0.32937387
-2.3947618
0.5163487
-2.267054
-1.9157647
-1.8445371
2.714818
5.559234
-1.7700802
-4.406204
-3.9931462
2.9753084
-3.447375
0.5437297
1.136843
-2.5534785
-0.15295354
-2.5293772
0.047991242
0.6072344
