0.0
0.0
18
2
72
54
9
-0.6728619
25.478968
-13.769074
-0.68684334
-33.4218
-3.6098447
-20.708267
18.763592
13.273736
-0.49158126
-22.523045
-9.766566
-4.7041087
-16.506247
59.15712
8.933462
30.447208
14.002246
-2.9514985
9.651854
21.923037
36.248367
30.489546
28.310472
-11.166346
-18.774752
31.220238
-5.22716
16.6296
-3.9781349
-3.5708282
-16.76655
-11.147598
-9.939174
-5.7878633
-5.2253475
12.353352
24.645391
7.542857
-2.4494925
-8.0016165
15.074286
18.042938
-14.8557005
-16.284452
-14.584618
3.6784544
-26.040607
12.237407
44.54079
47.028805
-25.96905
-5.4548106
-10.518579
-26.088417
0.17322938
8.356306
-18.812431
-25.934942
24.446545
7.114895
48.74464
38.23534
16.507431
-7.728103
-8.636598
-3.3492343
-2.8900049
6.203761
-19.678904
-33.654636
11.474011
0.18209973
-2.12661
-19.51474
-4.7284784
-1.0585856
-3.3967438
-0.4466894
0.5221208
4.9117875
-0.48748994
0.6400813
-8.625757
-0.9561188
-2.6390815
-0.19055831
-2.5591686
2.0019324
0.07606604
1.491889
14.195686
17.207312
7.6388426
11.215652
3.2692628
-0.72672814
-6.0463314
0.8983054
-2.0597327
1.7401567
-3.9030497
-3.8660047
0.555329
-1.9594023
6.0507803
-0.26604652
0.29043582
0.259735
1.726995
-1.2292804
-5.0155716
-3.0579295
7.1367455
-0.8011422
6.3595834
2.8834226
0.18894155
1.0898985
-8.082808
3.4660661
16.54073
-0.54567814
-2.3701315
-3.1730506
-1.6137366
-1.167205
-1.2633133
0.0661188
4.616357
-6.29962
-8.272675
-2.35302
0.6112667
0.1788838
-0.9076908
0.028355708
-3.4538085
-0.053625274
-0.28164795
-10.40034
-2.758257
-0.9507077
-0.20622526
-6.572314
1.0813261
-11.905144
7.537548
23.385021
-13.063376
-15.449812
11.781224
47.559086
-6.7686605
-23.566738
23.684633
-0.63276315
-40.647728
-21.750885
-1.1389763
30.136997
15.089624
13.625093
16.89829
10.768793
2.0321984
21.7357
-18.444153
-1.2593639
-21.631527
-22.21346
-37.37039
-11.506674
9.459277
3.1324034
21.437122
-36.004684
-7.293103
20.330175
-22.922867
-8.933135
3.1289113
9.492859
35.689274
3.37217
14.994703
-3.996541
-30.27918
-23.978836
1.4098262
17.558016
-3.8946562
-10.615492
-13.9096155
-37.574112
11.72244
10.991678
-32.771175
-12.986998
-1.0444975
-2.8522778
8.19372
-6.2281604
-6.255127
41.620926
9.754365
-9.572146
3.1937044
-15.628718
19.323528
-0.4414531
-2.1553323
3.1111014
14.233139
-11.143197
-3.5898588
-4.14789
-54.551342
-24.423164
3.2027638
-15.00069
-27.398983
-12.177151
-15.102982
-8.335482
3.1914318
20.533045
-36.210026
-15.38105
7.3000965
-3.5289652
-14.217034
-20.268745
-17.659576
-27.32284
12.862507
-10.649029
-37.149956
-1.1556003
27.762152
-19.081293
10.585071
39.172276
-31.49183
5.8971334
-8.623036
-20.29417
-36.50506
-0.9961984
3.7757728
-9.008351
8.434345
-8.3391
-12.031577
21.779194
34.896393
-25.466246
-22.114014
-4.3249226
-27.432575
-18.155268
-7.6509466
-38.9148
35.85017
20.05567
-7.226806
21.907907
4.789869
-1.0176573
12.551302
-4.683054
-4.688529
-8.056274
-8.171165
-8.249247
-9.512336
-15.69326
-6.121622
-9.712312
-2.451694
12.792095
6.754255
-13.074199
-10.879157
18.653006
45.247913
-11.928402
-24.55724
-1.1803142
-49.886845
-15.447931
-14.252726
-0.8499317
-33.16941
45.998055
-45.123196
-30.526363
-13.454519
2.4446898
24.44048
-7.0328045
-22.314842
-1.9390891
5.8295326
19.194592
-38.088177
-38.00682
0.9664937
-18.991121
-28.809021
-17.19399
28.054886
-6.232389
-8.711951
13.799903
16.742964
14.97639
-31.187458
-22.487953
2.3888319
-2.2510097
-2.2218547
25.52204
16.671396
-0.9328151
-59.537678
-26.809277
12.459175
-1.1634045
-31.972944
-24.247076
2.6115298
35.257893
3.8016834
34.656532
-1.6251955
7.751054
34.284637
14.719872
-6.130507
43.675514
34.171085
-5.4769897
-10.892508
-21.48801
-0.6682
-12.82735
7.87571
12.577014
14.513686
-14.7434
-20.953478
4.384307
7.801112
-3.9721034
11.369832
8.900681
-5.566507
-7.1196947
-4.354793
-5.4471917
21.477737
-3.182737
-23.55778
-9.556893
-3.611798
-9.604762
22.87487
15.867187
-9.815116
-42.70695
-1.5970956
-18.260714
27.288095
-38.880856
-7.3575597
-14.821124
-14.736436
7.584292
29.462204
-33.39168
31.965736
-33.27513
11.673879
-9.699025
-21.815075
-39.112377
-11.3504715
-10.5264225
34.572254
26.43373
-18.369858
-52.458588
6.734522
-23.523417
29.600477
-2.7762935
-26.478857
5.3027577
-2.2435994
45.60919
17.231426
30.810598
2.823926
31.224352
-29.687773
-21.778215
-16.18492
-23.439617
17.164145
-35.63573
-61.183804
-6.075384
-22.411392
-11.961813
-36.971794
5.0155296
23.645905
-19.436802
-13.988267
-14.965157
4.982967
-10.148779
23.541262
-32.200974
-2.0817194
3.514919
27.580015
-44.85561
-22.445562
-38.96112
5.01031
-4.2013664
5.7425013
20.65164
-14.737591
32.681305
-12.249691
44.802273
21.435347
-23.039656
2.1686494
-11.422809
-18.088835
6.1455264
-15.665971
-50.120247
11.4418545
-27.231945
30.056274
7.567069
15.477608
-14.648497
-2.0701966
-21.176512
-4.685096
5.943945
3.5398016
-34.52138
-17.870695
18.448513
-5.015572
-3.7032456
39.49938
-7.581927
-2.519686
-1.5484082
28.651163
-17.030083
-24.706068
8.108039
-19.512865
7.0665584
-4.3166437
-32.441357
-1.7687184
-33.785313
-15.001513
13.325065
-3.3173437
1.7845637
-27.437239
-3.0776784
-53.294056
-40.84617
23.07162
-0.83405054
-20.335447
-21.793674
5.4154787
4.7738385
-8.3122015
-17.811806
-35.20566
-8.883926
-20.959524
-14.170238
12.498083
-32.393944
23.78876
-12.5509205
-16.981558
12.262856
7.606071
0.3567595
-5.8965125
2.431037
25.7739
-6.488186
0.035460573
-7.75764
-11.475389
14.257519
18.582457
14.116835
18.677668
-10.186989
34.462696
3.187338
2.2582188
9.876634
-13.147754
-8.922293
-11.354816
-16.73886
-26.185522
-21.154863
2.1739583
-8.084065
1.0970219
-10.896294
14.807342
-22.167444
-23.359558
-2.9723353
-7.043692
9.690546
-5.920291
1.3803388
6.8698516
-0.5965998
-30.259472
-15.070491
-35.126827
0.6569534
-13.217255
-6.0412455
-17.187405
18.972387
4.192764
-22.751392
16.909428
-16.652435
9.550026
14.816884
-0.4406799
-1.8266052
16.283176
15.557674
-6.4086323
-13.403077
-14.339931
-10.542489
-1.4440279
14.640329
14.493861
-7.2872877
1.7951047
5.1608896
-14.496206
-0.9215059
-10.527728
-9.090098
-12.659186
-7.5100703
3.6189032
-2.760897
3.556944
22.334742
20.692917
-27.688961
-14.967694
-45.93151
-37.7334
32.281906
-25.46221
-19.095201
0.44188568
8.909595
2.448265
-35.7134
-5.028753
-28.671062
-51.01194
-41.907562
6.180877
5.1738667
-8.1024685
21.192383
4.6789823
-17.015528
1.2175118
-24.857359
-0.44578937
5.533254
-11.1394615
1.4064974
-25.183926
12.723791
-2.4434896
-21.18259
-25.316422
-9.847391
2.446245
35.00638
-30.573673
-10.40868
-34.82081
-14.331196
26.691242
-1.5808898
-21.30251
-22.396536
-73.559555
-0.42630088
-43.165398
-33.47365
66.277985
0.44388357
2.3410046
-28.173878
1.9342841
1.8106154
2.664949
-22.395155
-12.731677
-35.79378
-24.39638
-13.4959345
-16.237144
-44.16189
21.140585
-14.538849
-43.465614
29.543293
-3.1810126
13.122002
-16.236853
-13.617669
-45.337
-31.191578
17.783659
25.25031
-20.63648
22.682241
-13.078487
-10.152613
23.956816
-15.796545
1.2296088
-28.615387
-5.795712
52.12807
46.43547
-8.503661
-13.896312
-11.05135
14.59656
-3.8990989
-28.718088
3.0972645
-19.456087
6.996266
33.450184
-17.785225
-9.57857
-50.24852
7.631554
-26.789394
33.499367
-41.689945
0.43154562
-15.57053
-10.848504
-14.708257
-24.39625
-0.8749092
-8.534395
-0.01021267
1.4895258
20.157005
5.9482474
30.45816
11.228198
10.87402
-12.049698
-10.74119
-15.120666
16.122448
32.691475
-45.05889
-21.745483
46.242683
14.79721
26.336119
-43.74205
23.65824
-13.369038
14.400147
-18.417185
-6.872003
-39.86317
34.141125
-2.5344524
-5.2803006
-35.32107
29.91928
18.70824
29.718391
-23.83294
-0.8091707
-1.5896596
-35.543827
-1.4592345
6.8673563
-21.153515
-13.769446
2.6257634
23.37058
-5.698401
5.609404
-10.019729
-9.823054
-0.4006222
-20.549236
1.7225193
-26.672604
20.894747
15.581947
8.265921
-33.209652
22.069681
-2.6394217
8.680501
-9.043042
-25.927006
-9.898677
-0.2546612
10.142907
28.570066
-31.585253
-2.1832259
-9.77271
13.400168
-5.9925127
-31.713816
-8.53697
38.10051
2.07284
-1.6103634
-31.432886
28.964426
6.23464
34.73603
4.9663715
0.8133887
-21.642483
13.310092
-13.495094
30.306986
-4.721998
19.08335
12.002935
-8.582551
-0.039328057
-0.11577641
33.65888
-15.704392
-4.6097374
41.94264
-16.20904
-17.529903
-3.4735587
6.341607
20.797491
10.048643
-0.40551913
24.95148
-11.67875
32.271057
12.098379
5.4240527
-3.7061138
8.799283
-30.315592
-17.125101
-34.362804
7.827825
-21.784195
-7.0016184
-21.542408
-6.219327
3.0876899
-27.550344
-2.7149553
-23.187143
-9.174688
-13.031559
-14.50077
16.429886
-22.982937
23.62109
20.710564
-27.972158
35.489197
-8.924962
-37.94277
35.51518
-25.092243
14.433425
-34.879093
2.3171983
17.414454
-4.747741
11.282187
-49.04766
-1.7403626
-24.105844
-4.4202704
-11.942755
-38.239475
24.023289
3.7790494
-37.306576
-6.5285287
5.157087
-40.98755
-30.77054
-24.904514
12.422365
-30.038925
-21.528412
-28.257769
6.9290686
2.013951
-27.912346
-7.316103
-24.676174
-11.877295
22.268362
-14.663353
-4.97779
11.871144
19.215193
-6.179866
20.910246
0.37498945
-19.368774
4.848163
-20.159037
-20.982492
18.898388
-9.145054
-21.15399
-7.9906654
-8.441377
12.97697
-8.932386
5.7609525
-14.831693
27.017174
-39.342987
36.207623
-1.8638341
-16.660437
-20.148678
-22.201056
-7.575017
-1.2956599
2.0335844
-15.94825
-47.909187
-19.596355
18.419245
15.228483
-33.907986
14.28632
-5.805382
14.775492
24.55189
-6.5369554
8.995049
-54.993557
-9.217543
-17.172085
-2.8780544
12.782849
-0.37943923
-14.285868
17.446613
-2.8830829
-7.903749
28.574673
26.879543
-21.867548
-34.1858
-28.422194
-21.021471
16.734606
-1.3505518
32.138245
-2.718194
-18.032492
-8.816348
-0.6953237
-21.561779
-37.35094
-34.696114
-14.933587
-19.815804
6.9139247
-16.908941
9.565502
-35.1239
28.662863
42.307835
-0.40748844
27.909698
10.55426
32.950554
11.786165
-38.70945
-51.194542
23.118275
19.425938
-8.418844
-2.6637893
21.123764
-35.940422
-22.03333
-39.31291
-2.6318803
-37.989697
16.176521
-31.966917
-7.97753
-29.815855
0.68882227
-0.026077107
-3.7704165
-18.217642
-7.9684653
-7.3926134
-0.13330147
11.133792
22.357021
-27.961908
18.830776
-11.032018
-14.168009
-17.320074
-5.474482
13.619156
-30.567804
28.270529
3.1585004
-0.38130608
-35.36381
-65.10834
-17.906483
-7.4058456
-17.778877
-12.357043
21.802992
0.5410126
3.245212
-14.490787
28.583681
1.7536066
-17.715174
10.22414
17.861523
-18.62652
17.589773
25.442753
46.601475
5.652632
23.025238
17.471428
-5.528814
3.3479447
19.517996
-27.484539
27.37849
-16.355293
-2.0093453
3.9798322
-27.7461
-24.986149
-10.869181
-0.5606743
-23.433784
-14.733787
-22.193531
69.150406
20.003288
-42.69601
-4.6138597
-4.0938215
-16.986383
-22.750166
-14.1174555
-16.960812
0.86986077
19.136162
11.884388
-14.822704
21.899107
-41.79553
-15.545408
-2.1950858
-37.913605
17.403893
5.807583
25.77389
-12.774446
-3.873773
18.056427
-14.100685
10.392833
-10.205321
-41.531612
-20.4176
19.713
-11.008719
22.79527
31.531893
37.53701
19.33105
13.284049
-17.633013
23.765606
-0.76859105
-10.467363
8.858057
-0.48707646
-62.773624
4.3785295
-13.730957
3.055054
12.827806
-5.0701857
-13.599131
-5.988274
-21.354
2.369662
2.622969
-23.839659
-36.907494
-3.1737664
18.72825
-37.77352
-13.760937
0.59264994
6.9549513
8.786952
1.2912558
-1.1240358
-12.363917
-7.2613225
-9.642096
-13.629495
-47.142693
-3.8953512
11.743203
-26.060736
8.099118
-22.168602
-19.497818
-26.32549
-4.3133564
-5.9370456
-13.698799
-5.6780653
60.75485
-14.163214
-14.569064
-5.1967297
20.90331
-30.518751
-0.7928406
16.35298
-14.1343975
-2.6439698
17.123781
-11.39716
-0.5104667
7.942973
-14.661144
15.102471
-3.3798544
-19.107801
43.038624
2.6215978
1.1148741
5.8262157
-18.861847
-3.830763
-18.852587
5.822759
-21.723864
-9.334879
26.323137
14.786919
2.5002155
-14.360761
-13.231293
3.3276737
-41.94249
-48.172226
-14.621805
-21.470018
-11.104266
-2.2618124
-38.847523
-3.048175
7.994052
-29.497044
-7.352707
-7.289661
-0.034462687
-30.847475
3.4453726
5.268291
-14.754512
8.48983
1.0514966
-16.100622
-31.111572
-0.64942044
-37.256847
-7.881146
4.639125
-0.0015688881
-18.425978
27.409971
-31.213877
14.905612
-44.600056
-6.6108913
37.269115
-37.919704
-0.61478186
-44.87621
-20.312977
-12.336153
-27.5443
-21.20487
-47.491158
-10.5167
-10.837697
1.5844872
17.834444
-22.185623
-10.099184
12.764224
-3.9653885
-8.701224
-30.946154
27.823795
2.545771
11.588628
-23.273943
-28.607714
9.725953
53.458786
-32.30395
50.26697
-8.165089
-15.363519
-56.463223
-3.6107285
-41.164314
-22.1377
-14.362573
-42.885708
-14.613634
21.410662
-17.176409
-17.284342
-33.736076
-33.802166
-20.074348
10.9937525
10.738091
-34.725304
6.219495
0.89634395
-29.48148
25.01732
-5.041637
-4.584332
16.592377
-4.1445565
17.394192
5.0740113
3.2809377
5.6642346
-13.838464
-28.46254
-17.083221
-27.695772
-25.022163
-11.501569
-7.2947288
-9.654603
18.507399
-59.40111
-22.137081
-3.154532
-5.2359447
23.032434
44.705532
-19.742178
-15.730641
2.8821921
-7.6346188
5.9996176
6.4751954
-3.2541955
13.229871
-44.035145
9.791326
-49.60866
-19.85353
-1.4788369
-21.337559
-33.702682
-45.94338
42.48554
-27.848545
-10.820017
-9.881038
-10.627586
-17.786695
3.7799785
-21.372362
7.936033
-32.03823
-47.84131
1.4934713
-7.3585663
1.0020949
-25.624805
-7.6232896
31.611174
17.338526
9.25286
-5.17796
-3.6741643
-14.214908
34.618813
13.498597
13.398065
4.770747
-17.219915
-57.936035
-12.303717
-6.278291
-22.010643
1.2961503
9.902419
-8.293286
30.64785
-27.019506
-8.839701
-28.743706
-13.7556095
-57.755035
-36.327854
-45.805748
-43.84914
10.437398
-30.832314
22.92972
0.7572695
-2.9768562
3.4179852
-20.459087
-19.54736
-28.55335
-22.21054
-24.1123
-15.045426
-47.19229
8.912145
-0.9839202
-0.15015996
0.008628431
1.328491
-0.6287531
0.9550429
-3.0628748
-0.09808585
-0.69671065
0.16007714
-1.3222991
-0.60664296
0.23466375
0.7945428
-2.71527
-0.28040755
0.8273499
-0.9051703
-0.88148636
0.5042749
1.1165901
0.45533192
2.0917845
0.50922513
-1.2721939
-0.59107757
-0.5927804
-0.08357261
-1.1855422
1.1844482
-0.7548267
0.40925604
-0.5701897
-0.7235045
-0.1437384
-0.48395175
0.9871531
-1.9100581
-0.36390206
-0.021747328
-0.14387123
-1.0374982
2.5260499
-0.23403423
-3.193547
-1.4675182
-0.17666921
2.7988312
-2.0558794
0.315021
-0.14047477
-1.2192471
-0.039928734
-1.3967444
-1.0917623
-2.1056368
0.51886076
-3.943676
1.9208561
-0.81241727
4.046044
-0.6915107
-1.7883816
2.5894108
-0.45179188
5.4419956
0.71898466
-0.62058467
1.9460874
-4.6044283
-0.24484819
2.403216
-0.31715083
-0.58721846
-1.4572979
-0.4055632
0.6885782
-0.46047908
3.9467897
-2.1442306
1.5940171
-0.23919246
1.4436908
-1.1975384
-2.0549607
-0.58808565
1.5418935
-1.6137152
-5.553374
0.29388398
-3.201662
3.6946044
0.9806226
2.514952
-2.7246974
-2.6993957
-4.677121
-2.5391111
-0.9369894
0.43031162
1.2224401
-3.5909326
1.3279648
-0.8295922
-0.16786821
2.034029
-4.4905844
3.0916948
-1.8560767
-0.73845005
-1.2889478
0.35303596
2.1816459
-1.7880493
-4.7462587
0.46150452
-4.48383
-0.9693569
-0.5196019
-1.6295991
-4.061533
-0.93272847
-1.1461761
0.66570807
-0.81007123
2.8496854
-0.29951873
-3.3703654
-4.857787
-0.23071119
1.5781932
0.38947898
-1.8602833
-1.9742416
5.833776
-1.5391531
2.6849499
0.83636105
0.8254303
2.6731956
-3.5733213
-2.8278372
-0.62710464
-1.0488901
0.9505337
0.30011696
2.2245095
0.9812582
1.8393242
2.0708537
1.5768855
-2.2758908
-0.23269746
-1.0608705
-0.6037253
1.388626
-4.365025
-0.7796144
-1.3974159
1.0082182
-0.5112038
-1.7831382
-2.6399825
-1.2012233
-1.2442793
-1.106898
-0.113905415
-0.80194926
-1.6409788
-0.8348967
-1.8015318
-0.013512076
-0.24969944
-1.8240094
0.6153117
-1.1282929
-2.757661
1.6771616
-0.17553248
-2.3153055
-0.7945579
0.48271987
-0.18203093
-0.023564883
-0.88950676
0.8680803
-4.116621
1.199103
-1.6923163
-3.1934526
2.9411888
0.14888525
4.710575
1.9469196
-0.5952805
-0.92208785
1.9228505
-3.7133608
2.933979
0.009259126
3.4336736
-1.6399995
1.7580446
0.47978693
1.4092891
-0.4933972
2.8491385
0.6689009
0.97603774
1.4515159
0.5610366
0.047112312
-0.035649914
-2.524788
0.3513057
-4.6733985
-0.35122952
-1.1402873
-2.408331
2.732281
-0.103221335
0.7815426
-1.3380659
-0.80824226
1.5538642
-0.95828664
-0.65624034
-2.0473144
0.5085519
0.8550742
0.5335991
4.2054086
-1.9783353
-0.13719104
0.15609027
-1.9857433
1.3192683
0.26492122
0.24737458
-0.14842461
-0.97894907
0.4434011
1.0071083
2.2904963
-0.06881927
0.80583
-0.21018466
0.13020825
-0.6037999
-0.58198184
2.59409
1.1976417
1.8777814
-0.36439472
-0.035389945
1.4313971
1.2315544
4.239114
3.0208907
1.7243409
-3.4193425
-0.28899726
0.9597765
2.3024533
0.6985487
-1.0158399
0.6437396
-2.2932951
2.6313598
-1.424338
-1.6677535
-2.7692916
-2.229631
0.6509202
0.10689396
0.64033383
0.070980564
-0.86174244
-1.0119648
3.775822
1.2888176
1.0286074
-1.3803314
-2.907246
2.5002308
-1.2732157
0.2137907
2.0652597
-0.9908282
-0.63540167
-2.1153898
-0.07813108
-0.054135293
-0.8846409
-1.4960563
-3.0725436
-0.63092506
-0.49545398
1.4523292
-0.39958113
-2.3054984
1.3962471
-1.4575179
0.28217804
-2.6816022
1.291874
-4.142687
1.4221742
2.7719972
1.2757691
-0.109290816
-0.81545204
-1.9674194
-2.9495778
0.29807842
2.3893921
1.0083075
-1.2225261
0.5053701
-0.5784059
0.81240773
2.8340025
-1.7761137
-1.8143474
-1.1752082
1.3555765
-0.08496391
-1.1698619
0.78287673
0.10750039
-3.7094762
0.22620057
1.1492206
-2.099437
-0.33768344
-2.391666
-0.68601984
-0.8700158
0.45748368
0.7834177
-2.183193
-2.372184
-1.2351819
-0.058908306
1.1266899
0.9402305
-0.27941328
-2.4087448
0.25543356
-1.096467
1.1011043
3.4577732
-0.22586153
-0.4792703
-2.7593498
-2.257311
-1.3758862
-0.5475562
1.6642264
1.2829736
-1.494558
0.50237113
1.1030695
1.1333895
1.898186
0.04361624
4.0283933
-1.7960584
-1.4071698
-3.0006144
-1.6889055
0.33374107
-3.2816532
-0.53027844
-4.661958
-1.03165
4.02708
1.6935321
-3.2997313
1.02802
-0.92566127
-0.6100306
-1.8288047
-0.8764802
0.24019349
-0.593274
1.2484337
3.7653675
-0.66820407
-1.1677486
3.1306586
3.8382554
0.65501416
-0.6161037
4.750553
-0.16561776
-0.4772526
-0.34646922
-0.17570353
-0.5255111
-1.0483364
-0.45845735
-3.2349198
5.473025
-3.3128312
-2.7104206
0.6372163
0.4379372
1.3407352
0.3105827
2.860835
-1.0384742
-1.4354434
-0.051290512
0.6249522
0.32079804
1.6946148
0.9442556
0.5646433
1.5172293
-0.58600354
3.0621734
-1.3288902
0.7522375
2.1881533
1.1899298
1.5771586
-0.9284347
4.481232
0.22078536
-0.10434385
-0.1612961
1.2945118
1.868951
-0.21109514
-1.2180704
-0.86767626
-1.2415181
1.5368518
0.070950024
0.5153619
0.14816754
-0.59341055
2.0049093
-2.0695846
-2.3747346
-2.5145924
-0.5688682
-3.8730075
0.045211352
-0.5527061
0.6151528
-1.7211933
0.025139907
2.0442777
0.9056331
2.5990553
-2.3771136
-0.61947405
0.21654639
0.45760915
-0.5602395
-2.2000387
0.4121448
-0.18622361
0.66430753
-2.9193408
-3.2967823
3.1207244
-1.4183252
-0.94401723
0.3990177
-2.9083097
-2.7758932
-0.5457466
-1.2839887
0.7661223
2.2928762
-1.7377462
-4.6714144
-2.3601089
-0.94069827
-1.0534004
-0.4407844
-2.2360914
-0.41286668
-0.4393009
-1.6231843
-1.4442734
1.1477717
2.4749463
-3.3001733
6.727481
0.3782956
-3.0433495
-2.655793
-0.32973015
-0.5105725
-1.9680215
-1.7703019
-1.7623739
-0.36672887
-0.3735595
-0.41542366
-0.50256646
-3.1296682
-4.0407815
-0.7064408
1.7316309
0.9544669
0.89149785
-0.9809344
0.51257646
-0.87541306
0.81491303
0.04236407
3.297705
-1.4307919
-1.6325238
4.3384004
-1.2545608
-4.8418527
2.7605631
0.39353234
-0.08960193
0.5436078
1.5919356
-0.8756523
-2.7285578
-2.586411
3.247594
4.5672517
-1.659203
0.5148164
-2.0934484
0.66995376
2.8576286
-0.8433662
-3.8324118
-1.8264737
0.6108563
1.3596706
-1.1043237
-0.93275976
-0.787933
-0.4782301
-0.6039211
-0.95637757
0.12253198
3.8493712
0.020824073
-0.75169486
3.9102077
2.8967116
-0.036116224
-0.24210581
1.2819345
-0.6089129
-0.6878125
-1.3327848
-1.0168118
2.5259979
0.7281113
0.29263166
-0.70179754
3.0529861
-1.2497332
-0.007964752
-1.4301571
0.2791742
-2.178811
-3.04656
0.0077468096
-0.67168427
-0.44909593
-1.1242791
-4.085284
1.0571768
1.0447994
2.373197
-0.14630188
2.8167875
-3.598546
1.885147
-0.091740124
-0.26227945
-0.9708458
0.6282472
-1.7931111
-0.020576125
2.8490787
-1.4752591
-0.3065136
1.4890908
0.8174217
-4.0496807
0.8374406
-3.697756
4.866003
-3.0789008
-1.5034956
0.21470222
-1.3207109
-1.4879977
-0.35525614
-0.9988825
-4.317388
-1.0074466
-1.5602176
0.8771267
-2.1789446
3.0685766
-0.9184204
0.16222425
-1.2840711
1.871338
-2.0174983
0.49543697
1.8996876
2.7133331
-1.4578336
3.8936045
2.2533624
-0.67878693
3.2120793
1.5457805
-2.267182
-1.9803044
1.7921649
-0.4682418
0.35874408
1.2731483
2.0989566
1.6607257
-2.0484245
2.0762048
-1.3172809
1.3658491
-1.9939013
-0.5328839
2.7993414
0.50602406
0.94022894
-0.19081937
0.86769134
0.38289222
3.1066172
-0.7907827
-1.6590741
0.1578925
-0.72737885
0.05831425
-1.4812899
-0.42679814
-3.9637702
-0.63883626
0.34385195
0.5499671
-0.9440334
-1.1975428
0.73699343
0.063107274
-1.0302923
0.4137207
-0.63061935
0.98931843
-0.30212957
-0.16789475
0.78400034
-1.8352239
0.9358474
-0.008587314
-2.5082407
-0.12490457
0.54496497
-1.2117451
0.03612348
0.40836868
0.06707302
0.4979443
-1.2853405
-2.4270923
-0.4308836
-0.5717592
3.2156808
-0.18827333
-0.23675613
-0.2678497
1.0524117
0.24773146
2.6698513
-0.18862024
-0.72862446
-1.011762
-0.8632827
0.08568449
-2.128924
-1.1403222
-0.5705998
-2.3225636
-0.4267763
-1.8323519
3.3936265
-0.11521856
-0.1832108
2.355001
-3.4244463
2.3496847
-1.1235859
0.42689067
-1.7362794
-1.1876371
-0.7531583
-2.0511954
-1.2887634
-3.7655568
1.0861518
2.2874563
-0.32152426
-0.42566058
-0.16243342
0.54599816
0.62084514
1.8318093
0.653116
0.77171934
-4.2030063
-2.3015141
-1.959384
0.8092333
-0.40906447
-0.4636574
-2.2522733
2.748511
0.68135256
2.1475072
-0.43708813
0.1337541
0.8933328
-0.88900125
2.4357255
-2.073171
-0.3956217
2.0832894
4.7606163
-2.350481
-1.644597
0.3895662
-1.2264477
1.2042332
-0.32116157
-0.070923656
0.907331
-2.5055528
-0.19048594
-2.777068
2.827893
5.0302534
-2.055114
-2.2254689
-2.079601
-0.18409275
4.3139024
0.87610704
1.2631835
-2.3710828
-0.11763505
4.5358176
0.19251503
1.2688454
1.9504946
-3.8328898
0.80044925
-0.16365859
-0.97366095
-0.2652437
2.4173448
0.5915118
-0.28767943
-0.16074711
2.8329015
-0.26263893
-1.6838238
-3.9824293
-0.75539136
0.5364237
-2.6972535
-1.3936374
0.003288086
2.3035522
-3.0526373
1.0037899
-2.5716772
-0.056082696
-1.0842301
-0.27654588
-1.7581896
-3.0114322
-1.166305
1.4363575
1.9593179
-1.2937886
-0.8412808
-4.0628843
0.0022695423
0.21007557
-2.1922288
-1.2494642
-4.388345
0.6045333
0.55502033
-1.9299449
1.5069597
0.041192304
-1.7120682
-2.3279908
1.8082411
-1.177252
-4.4150066
3.5878513
-1.2079002
1.07932
-3.9974453
-2.7600877
3.6877306
-1.0422217
-4.1019144
-1.656925
-0.18344323
-3.74081
-0.8402911
0.13305092
-1.7411526
-1.477936
-0.5480434
-0.36599907
-0.32434508
-5.875275
0.56342417
-1.4613314
4.5229993
0.5879311
-2.2802937
0.76595616
0.7878563
1.7240267
-1.130768
3.2705586
3.7727327
-2.2946513
-3.8963473
0.9219527
-5.9618735
1.9869288
5.0034328
1.5958221
0.041571386
-4.7347627
-1.3462913
-0.4633105
-1.6161537
1.2956516
-3.2635767
-2.0638385
1.6824178
1.6850789
1.5658306
-4.4185266
-1.827473
-2.1266985
-0.6189343
-0.14008884
2.8549006
-2.1159008
-0.24374728
-0.21617128
1.3833681
1.6610732
-1.9782106
-1.6466227
1.3349797
-1.854864
-0.4905245
0.51182675
5.774302
1.4757354
-0.22836131
-0.88340026
5.101905
4.5199146
-1.7928739
1.1310108
0.39169645
-1.1961
-0.6373223
-2.3159053
0.123655275
-3.5674803
0.29076064
-1.4129866
-2.044508
-1.1089472
-3.0594053
-0.69239646
0.58058506
-1.9913002
-0.062230095
0.63540757
-0.99326813
-3.793385
-3.6209083
1.1262088
-0.14979452
1.4042529
-0.877794
-2.5890412
2.856299
5.202534
-3.645917
-1.0146741
-2.5981658
-2.4098327
-0.30196115
-0.041483607
-0.47666934
-0.050868288
-0.034087908
0.91205597
-1.0434959
-2.4594793
2.368633
3.9191318
-0.3576672
-0.38471037
5.905238
-1.5426203
-1.041717
-1.1461055
1.3605222
0.23961535
0.33633545
-0.63698626
-3.8973658
6.305759
-2.723841
-3.7743788
1.7393379
0.85062325
2.0695527
3.4276783
0.8731016
-0.799904
-3.163231
0.09253965
-0.10465607
-3.0909483
0.59082556
0.12444392
3.1263726
0.14049324
-0.22610177
3.7311933
2.6217287
2.5456412
2.963871
1.86422
4.617013
-0.5640949
5.3046174
-0.43253303
-0.9129031
-3.1703155
-2.1705303
-0.6767844
-0.60221726
-2.8310146
-1.5966195
-0.47065815
-1.986535
0.34910506
0.26710215
2.6156528
-0.8587457
-0.46899223
3.050471
2.7518282
1.0752335
1.7335224
2.5279717
-0.6755555
0.34452373
1.3628113
1.1238694
0.20600787
-0.16597837
0.07413268
-4.3598847
2.9221365
-2.2938845
-0.95012015
0.6507975
0.99850047
2.5909522
1.9586018
-0.70263684
-1.4923272
-0.15440536
-1.7211642
-1.7911059
-0.70647734
1.1434985
0.93861055
2.1059625
0.94889385
-2.3249645
0.073503114
0.046371773
1.901675
1.7389135
1.9145788
0.97129166
-0.7346821
4.9721065
-0.22905003
0.6546264
-0.49533194
3.5735083
-4.5819035
0.30009753
1.673376
-0.1946652
1.9930043
-3.4910717
-0.5281831
-0.6500118
-3.390584
-0.30743536
-5.105743
-5.5255823
-4.9125915
0.58705544
-1.442162
-4.054627
-0.57065654
0.04811119
0.7367234
0.8414348
1.3499264
3.7749145
-1.8780466
2.8106847
-3.9792764
1.2055006
3.9334698
-2.3225312
2.3569956
-1.0108217
4.377648
-3.5086153
-3.0661216
-0.011964032
0.38283327
2.5720017
0.03882107
-2.5108542
-4.1831827
1.3773824
0.63318026
0.26421463
-3.5311174
1.0710998
-4.8793745
-2.6067595
-3.794455
-4.0354786
-1.3268661
-4.9646635
-0.6201969
0.45054463
-0.15973675
-0.15229589
1.5657353
0.10041593
-2.9100556
-2.2464573
-2.8383777
2.298282
-0.64058656
1.72481
0.8510848
-1.6314468
-0.06673716
-0.47609556
-0.050820205
-2.760562
-2.1044831
-1.0012523
-1.3293668
-0.6554695
-0.5890292
-0.5287271
1.2346437
-0.25550318
-0.8672196
3.719195
-3.1774292
0.55365646
-0.5701427
2.1726406
-0.28024286
0.37917998
1.6251684
0.30439955
-0.24200705
-1.9157052
-1.0057133
-1.5662649
-1.50256
-0.05494106
-1.4103664
-2.0190887
-3.1475754
-1.9686356
-1.8237755
-0.8339892
-0.93359625
-2.5023844
-1.6740069
-0.6852046
-1.0460954
-2.8293333
0.8427616
0.51336503
1.629617
3.2891834
-3.2700706
3.5298402
-2.0371833
2.190468
0.46599996
0.81358236
-0.45695594
1.225397
0.5446953
-0.20879737
6.125527
-0.97713643
0.98928684
1.5261737
-1.5078548
0.19447848
1.1925651
1.2476162
0.95770556
0.6908349
0.09677455
0.74234444
0.21368866
1.1332568
2.236951
0.40707624
-0.29638788
-1.5618249
1.0110699
0.24382192
2.0229676
0.19168305
-3.501652
0.06865847
-1.9001241
-4.110077
1.7708955
-3.1976106
1.3505074
-2.2517915
0.56058705
-3.8708086
3.2146997
1.0065306
0.10084708
3.5575027
-3.5106266
3.213142
-1.2247612
-1.7012825
0.48594943
-0.8018845
3.3092835
0.054398146
1.1681427
-2.8229513
-1.3449919
0.6848756
0.8100448
0.6218988
-0.68512785
0.9315187
-1.894095
0.7377627
-0.2190704
-0.06442347
-0.7317596
-1.1662964
-5.146884
-1.6142988
0.3672904
-0.40377802
1.2924492
1.1729333
0.3673526
0.42772543
-0.47353914
0.5700279
-0.65413755
-0.33069193
-1.2658889
-0.5511584
0.7266325
2.293762
0.87743676
-2.382812
-1.2989051
-4.7363343
-1.8189994
1.1460053
-1.2526852
-0.5824519
-1.1528883
-1.0089526
-1.1330259
-0.8102218
-2.3963091
1.0936716
-1.7607622
-0.20710191
-2.44949
-0.76302576
-0.18113203
-2.2896264
1.6325569
-1.4494209
-1.0178802
2.5664506
2.440842
1.7798831
-0.7384553
-0.23775104
-1.165305
-2.3646457
-0.58641607
-0.681919
-2.4983006
-1.7361083
-0.5437197
2.3516555
0.6349869
-2.067713
-3.451672
-1.1119243
-0.5536634
0.04972431
0.72709984
2.756135
1.0301732
1.2017404
0.23451136
-0.7232394
1.7331345
-1.8538699
0.44245568
-1.763921
2.1189582
-2.0501103
2.7437928
3.5256684
-2.7662525
-1.8365033
-1.2818421
0.64328593
0.5270471
-2.15716
-1.5831494
-0.18033367
0.05956034
-2.139546
3.3831773
-0.27361655
-1.7898794
2.1329408
-2.8250425
0.14734928
0.6600454
-0.58909756
-4.914476
-1.7979076
1.3244468
0.4367516
-1.2413051
0.45240667
0.1658197
-3.0706465
-0.12881435
-4.234407
-0.3845022
-0.74299026
-0.16925542
-1.3401356
-0.1835567
-1.0970645
-1.1966506
-1.9174349
3.3858225
-1.5516509
-1.901541
0.7875736
-0.8767748
2.1001422
1.8629144
-0.4477105
-1.4798285
-1.2089394
-0.14161752
0.96318346
0.49554324
0.049134463
-0.8044553
1.166808
2.5167875
0.06157804
-2.5807683
1.342827
-1.4462327
0.9485787
-0.45432127
-0.14596695
-4.223776
0.5257836
3.3556058
2.4593897
0.01977244
-2.754109
-1.0836396
-0.7203541
1.7879817
0.37734154
-0.116360016
0.11579001
-0.6577848
1.1442686
-0.83319867
-2.666824
-0.8914424
-2.4387715
-0.828733
0.19399044
-0.13131958
0.64798826
-1.056955
-1.3506342
-3.4705033
-1.170483
-2.6792738
-3.0913374
-3.7502394
1.2580668
-3.7556248
-1.2140945
-0.41403446
-1.6019149
-1.4782811
3.170536
-0.22781555
0.484278
-1.3409357
0.51750666
-0.9182596
-0.4788941
0.3696414
-2.073471
1.6322767
0.016024651
0.68523383
-3.691815
0.23094335
-1.1370438
0.28510654
1.7394836
0.2691574
-0.97586447
-2.0012615
3.0156717
1.0764803
5.4651027
-2.8831472
-0.02025721
-3.2252426
-2.3523157
-0.8766148
-2.6373358
-1.1259444
-1.7634832
-0.44426408
1.4610375
-1.5122024
-2.8870208
0.12234088
0.8087393
-1.5615438
0.11996114
-0.9350774
-1.0664861
-0.46606755
2.403941
3.2513847
-0.18218325
2.1455848
0.8449347
2.8964562
-0.08554182
-3.2566974
1.2821352
-0.7824817
-0.062360633
-2.1689086
0.8373573
1.2263504
-0.012380501
-1.4447297
1.4212071
1.0425692
-1.6971189
-2.0904012
0.5073629
1.4634598
-1.2191848
-0.99168855
1.679222
-1.5421617
-0.83084255
-1.3382016
-1.4214599
1.5122021
-0.71686643
4.047503
1.2681808
0.97984135
-2.6723776
2.7021866
2.897747
0.9852394
-0.6181157
-0.63800853
0.43409595
1.500628
1.3710704
-1.7929231
-3.4860826
3.6429448
-2.5527468
3.2989457
-1.6644677
-0.7714644
1.0901446
-0.84067667
2.7803156
-0.053181678
-1.3618081
1.0772089
-0.58522
-1.7293311
1.2866981
0.69136995
3.2236319
-0.31654558
0.7626804
-0.9426874
-0.3758737
1.1829543
-0.5009032
-2.534856
-3.214226
-1.1282933
1.3069761
4.0069838
-0.92394525
-1.4565932
-1.8440994
-1.0911599
0.29096648
-4.1901536
-0.91747355
0.8351855
-2.3727362
6.2724733
-4.190823
2.2529688
4.4976335
3.021445
1.2426242
-1.296195
-2.5238469
0.29099873
-0.71421224
-1.354356
-0.9639919
0.6744296
-0.44544405
-1.0341711
1.5801183
0.5311162
0.69267815
-3.0886352
-2.3917475
-0.055441916
0.9110114
-2.5305724
0.40357342
-1.518186
-0.3635089
-0.08493828
-0.3338199
2.870378
2.7685606
3.6915495
3.6495914
2.9909182
1.364202
-4.36098
1.9837096
-1.2046758
-0.35397905
-0.92948675
-2.1451557
1.4428306
0.6617095
0.18326864
-1.5400349
-0.2923005
1.8798035
-3.922845
-1.4403658
1.440409
-4.5292587
0.98245287
3.6732545
0.24983561
-2.5106602
0.14820004
-1.7838284
1.1886212
-1.3323333
1.5576943
-2.9399288
-1.901702
-5.0543256
-1.1956856
0.17866173
0.3960843
0.67765164
-3.301652
1.5116986
-0.6953814
-0.037454344
-2.0977018
-2.113189
2.9804866
-3.4082923
-1.6577675
0.8586946
1.465785
1.0438045
2.9082036
-1.5501261
0.28157377
1.5252415
-1.4693708
-0.49675494
2.2050557
-0.67345995
-1.1975441
-0.82899016
1.8354617
1.2359729
-0.04868257
0.26432577
-0.75554466
-1.4594764
-1.2898911
1.4875448
-0.50086296
-0.25650907
-1.6614622
0.58084035
-2.7052531
-3.53109
0.92129743
-1.1256796
0.5635693
-0.7695836
-0.5111304
1.5004517
-1.8043175
4.846183
-1.4829239
0.83469373
0.62085956
2.4998755
0.31017113
2.4099495
-1.6399134
0.67212754
-2.8951926
-3.4048226
1.4093307
-2.673156
0.37344503
0.53067154
-0.70222586
-1.9787325
-0.19222571
-3.0245142
-1.2081912
-1.3922904
1.125591
0.09361031
0.3600492
1.7911526
-0.70176715
-3.6977243
2.9315586
0.12752362
-0.013892706
0.610255
0.9977646
2.7639558
-1.746613
1.645926
0.90316105
0.46891642
1.2764003
-1.3529582
1.3832074
0.8137158
0.10884597
-1.7524681
0.12433327
3.0058308
0.47544563
-1.8672405
0.7088972
-0.69800466
-1.2022151
-1.6356035
-0.8087913
-3.6741948
2.5515494
-3.6632195
4.342784
0.6063579
3.0115714
-0.021568444
-0.94978654
-3.710559
-2.264868
-2.7657619
0.023479959
2.068372
-1.2147251
0.12104898
0.30143726
0.91059774
2.0674734
-2.9417536
1.2411304
0.29528
-2.1885412
1.3012193
-0.4210987
0.8304131
0.7389139
-0.030519558
-1.1662003
-0.18115683
-1.1412765
0.3497463
0.03233502
0.5915116
-2.2347834
-1.3618121
0.5670115
-0.6931139
-0.4910786
-1.0176668
-1.9147633
1.6412115
0.7100434
-0.22694573
-0.7680588
-2.129547
-0.8643154
-0.6133129
1.4276711
-0.21842238
0.50405556
2.4005284
2.0194113
-1.8462088
-0.33097684
0.55831105
-0.7987759
1.3832961
0.103320405
1.5014427
-1.9751122
0.51613295
3.456205
3.4343941
-0.14764373
-2.5155084
-3.172093
0.7105544
0.1542273
-0.085807085
0.5693506
-0.45211235
-2.957983
2.60157
-0.38357076
-9.71977
2.7114947
-0.5283001
-4.9128976
-1.3211614
-3.6597567
-3.5594623
0.36544278
-1.6220028
5.3878093
-0.73775893
-0.23841855
2.2623978
1.2681534
1.3056705
-2.9232833
0.14895324
-1.6044255
-1.0356742
-1.169088
0.35225254
-1.8580009
-2.2193868
-0.20389786
-2.9077933
2.8258321
-0.8201135
-4.125494
2.7991624
-2.0950444
5.061058
0.3866564
-0.49784565
-0.29154643
-3.3028786
1.4670314
-0.3106076
0.41788498
4.379089
1.4532045
3.4557025
-0.7496334
-2.7343616
5.431558
3.2053988
-1.4366959
-0.9413055
0.21144544
-2.0242527
-0.49389842
7.6532855
0.25795078
1.4006325
-0.24113443
-0.89543736
-0.20364335
4.493866
1.274469
0.24255382
1.1099675
-1.8798144
-0.5193575
2.6663816
-2.0883327
0.9405745
5.5686183
1.4279057
0.28323627
1.4234312
3.7681904
-0.79437727
-1.6308742
-0.24582572
-1.7139894
5.102497
0.918437
0.55016863
-1.793254
-0.36927965
-0.24548422
0.99017394
0.72739583
-1.5435189
2.020686
1.0515001
0.40461752
0.7899921
-0.1877913
4.300198
-0.13868351
2.252427
0.23161753
0.10635821
-1.5855801
2.836272
2.5342805
2.74143
1.6236815
-4.108548
-3.7923293
0.5856277
2.0626004
1.4557405
0.51902
0.7141507
-3.9905941
-1.3203645
2.2576332
0.60497624
0.36571324
-0.9229455
-1.6789032
-1.2670039
-0.6868913
-3.1213539
-0.7990118
0.7422209
-2.3018453
0.35468468
-1.4467273
2.0700388
1.4636753
-0.5514543
1.4002198
0.20331895
0.014749151
0.6178736
0.9462098
0.37330848
0.14583537
0.5474545
-0.59486496
0.19727847
-0.11703994
-0.7051519
2.4315898
-1.9355491
0.2526437
-0.60877174
0.056167558
-1.7731044
-0.9353706
0.56165576
0.43312836
1.4411458
-0.88438314
-2.175921
0.43624517
0.4219158
-0.98369986
0.32202426
0.7105509
-3.1982017
-0.33420306
1.299355
0.16212033
0.98188674
-0.38552532
0.37715933
-0.041329402
2.15098
-0.42012334
1.0332053
-1.8219126
1.9196343
3.7500553
-1.5304701
-0.2452358
-1.6888174
-0.45809767
-5.7576203
-1.9929842
-1.7467136
-1.6563003
3.617934
0.49587134
-0.47010833
-0.23200943
-0.1239945
-1.7767566
-0.049898654
-0.8417582
-0.37057957
0.8569013
0.3216785
-1.1615822
-4.0208926
-0.5551153
-0.06902929
6.140753
-0.5165916
2.3940928
-2.2549162
-1.4690201
0.7596725
0.3915512
0.74164647
-2.6038358
-2.3255785
2.801855
-0.37610722
0.18130143
0.95071375
4.6432033
1.559181
0.46709496
0.2112083
-2.2250688
-0.6735645
-0.43771195
0.06364442
0.08897079
-2.1930656
-4.2460175
-3.2715704
3.7557309
-1.5053825
1.7345107
0.76728946
0.03563406
1.0463408
-1.0670013
1.9845448
-0.6547721
-0.49598402
0.7704994
0.81657094
-0.5389987
-1.1182141
0.10064425
-0.8931699
-1.4994649
0.02291709
0.67527413
-0.3849891
-0.9664366
-1.4082116
1.5615132
-0.0059603923
0.47748876
0.7866089
-1.4078976
0.72276986
-1.6457355
-0.14088185
0.13127753
-1.3148727
-1.1156048
-0.0033483496
-1.3640672
-1.5408858
-0.9597501
0.742349
-1.0892711
-0.10466183
1.3224105
0.36357492
-1.1858989
-2.1573346
0.3462515
1.2024528
-0.33361876
-1.7123467
-0.46485722
-1.3331065
-0.9073028
0.9396488
-0.9579641
-2.7433174
-0.0052465224
-0.10917108
-3.6415145
1.3457534
-3.3541968
-2.0130417
1.6848831
-2.7936535
-1.1695621
-0.85526764
4.5585
2.0125492
3.1276865
0.5768474
-0.03480982
-0.70198905
-1.3074439
3.1643949
-0.39105824
0.8284384
-0.17413941
-0.46845922
2.5228312
2.040322
1.2477441
-2.395484
-0.9871785
-2.0095587
-3.4162
4.062923
-0.7798438
-0.5169491
4.380009
0.7312872
-1.9864068
-1.6864306
-2.7385957
0.5760325
1.3514423
4.17583
-2.1463642
-0.5143677
-1.772174
-4.955531
-4.251806
3.8679018
-1.1577704
-0.13557605
-1.4003819
1.513277
-0.47517097
0.07866957
1.459698
-1.8219396
4.0120525
3.7654867
-3.2241006
0.2525224
2.7718058
-2.097545
-2.5023987
-0.1240864
0.14034632
-0.97273904
-0.25534987
-0.23854893
-0.3712112
-2.3392386
1.0941161
-0.5312437
1.3095826
-3.8012142
-1.249691
-0.6622316
-0.022864671
-6.378415
1.9266809
0.6837086
-0.53206563
-3.6991117
-2.7843542
1.90162
4.4874783
-0.8145607
1.5807776
-3.8133888
1.9379976
1.4927185
1.3812681
1.6865731
-2.6112134
-0.36125606
-1.2906858
-2.271063
-0.06315333
0.7346187
0.9956518
2.09725
0.3180498
0.96316856
7.515981
0.9212677
-3.8520086
-3.1919568
-1.7504567
-3.159414
-2.0588796
-1.8135804
-1.9461123
-0.6239065
1.9492241
-1.4314258
3.5550487
-1.3536236
-2.3261728
-2.8421938
-0.20744999
1.3552179
4.0221853
-1.7643508
-2.2452536
-0.19434597
1.7639565
-5.8763533
2.9664776
-0.29622978
-1.6462553
0.03467391
-0.77585894
-1.0187497
3.7899854
2.2707222
-1.4651022
-3.4117236
-2.0971494
-0.4787879
2.159564
-0.12136174
-2.4288182
-1.0430427
2.048592
-1.2366663
-1.4048318
2.8743622
-3.340775
0.6123095
-4.0063014
-0.8767547
-1.3441832
2.0232947
-0.0605964
2.3359425
1.7154664
1.7730415
-0.24823579
-1.1553355
1.0401163
-0.31793165
-1.5526967
1.426008
0.504605
2.201054
-3.0454993
-1.0563385
-3.0762506
0.6693434
1.3614471
2.3840744
-4.6337895
2.1060395
-1.099354
-0.7349485
1.9728966
-1.0951855
-1.0818437
1.243407
-0.238725
-1.2519962
0.18268988
-0.09325305
2.8241532
-0.2875149
-1.2043501
-3.3932886
-1.7022741
-0.5554297
0.59247315
-0.7765813
2.7291975
1.7056772
4.5799575
-0.33988908
-0.53979886
1.1746931
-1.226931
-0.02574109
0.070060164
-1.093147
-0.44458675
-0.51128954
-0.35816267
0.27703437
2.136223
0.6864134
2.6978114
-3.2099905
0.91383004
0.4993266
1.0796238
2.4227984
-2.072882
-0.7849617
-0.6933984
1.4645863
2.6746876
0.07429219
-1.6259773
-2.3910146
0.8826257
-0.8256303
-1.527857
-1.7342173
1.5766349
0.25683755
-0.31374574
1.0576069
2.2116313
-0.96097106
-0.7749225
3.6025467
2.8118305
0.10666422
0.026931254
4.6229095
-1.618451
-0.32074636
-0.14239572
0.71938837
-0.48100215
0.05914249
1.4470319
-3.6333015
2.8955824
-0.9997757
-2.7725315
-1.0371366
1.1177658
2.039563
1.3499951
1.3359216
-0.48630744
-0.073826894
1.2456014
2.1750233
-1.0824808
4.3073535
-1.1217768
2.9151578
2.9450681
-2.5779593
2.3752642
1.1887844
2.3357816
0.8594746
0.9283721
3.8440459
-0.56648487
7.318198
-0.7618332
0.64343786
-1.0777146
-0.4772792
3.963997
-0.09530015
2.8384466
-1.4345063
2.3666096
6.870955
0.9757577
0.21511692
0.48682442
-0.87427866
0.9766963
-0.23822919
0.40535098
0.59769416
-1.006274
1.5688745
-0.51129735
0.14149168
0.58814406
0.7555428
-0.76835626
1.7456638
0.55319214
1.0255615
0.7099585
0.4806917
-2.349383
-0.1990241
0.19415864
-0.48822778
-1.4473385
2.345901
1.9018978
-0.2742872
-0.38357678
2.940102
0.14001194
0.26122868
-0.45771378
-0.978538
-1.1700505
-6.3640547
-0.31354496
1.5155803
2.5912952
-1.6769228
-0.6986795
-0.3106452
0.48146665
2.284566
-0.14267333
-2.0056934
0.45930997
-0.61730355
1.146301
0.8242915
0.29763064
-3.3771427
3.2924647
3.4891624
0.08750559
5.2509503
-0.3623856
2.3631713
4.3243628
-0.79304826
0.58584857
1.9875815
-1.4449205
-0.398533
-2.015181
-0.6607163
0.12316939
6.847402
0.49074435
-0.65957856
0.90915155
-0.42355224
0.09073006
-1.7833163
-1.5250933
-1.9289349
2.1689281
-0.62421834
0.09740713
3.7567587
3.043172
-1.6287688
6.1007724
-1.4515741
-0.9989365
0.41801432
-3.137534
-2.0735507
-2.429516
-1.8175424
-1.70433
0.26690546
-2.835214
-5.713003
0.36947834
-0.26962915
0.92063403
-0.92744184
1.2431045
1.7307479
0.7719645
1.7636334
-1.0036801
-1.0627729
2.0395026
2.0923767
0.6441545
-0.70728976
-0.86532694
1.1028893
-0.95099634
0.73765415
-0.6760759
-2.9671557
-2.5945258
0.8612655
0.4791528
-2.2065997
-1.8382201
-1.3038367
1.1542809
2.5229077
-1.4530491
0.051637672
-0.978312
0.65435266
-1.7893487
-0.38747796
1.2357125
-2.1384532
2.055722
-0.18393032
-3.1470535
-1.7279437
2.116568
1.1398085
2.5262468
-1.0963855
1.1335824
1.5969377
-1.286563
-2.0193405
-0.76862496
2.5142963
-2.5997698
0.6139539
0.82575047
-2.420221
-1.7134331
-2.571865
-0.738182
-4.7013288
-1.021694
1.1746992
0.17739323
1.7770343
-2.4833252
-1.8079108
-0.26365438
3.0739913
-0.64563304
0.5687857
-0.35862005
-4.9540453
-0.271426
0.25298926
-2.038389
-3.9511356
-4.525527
0.7256822
2.4072428
1.4884056
0.63084835
0.029950844
-0.5014138
-7.0168357
1.6291281
0.8603974
2.420673
0.8341632
-3.231874
-0.5770396
-0.23996817
-0.6163545
0.6967006
-1.6604459
-1.6169378
-2.7757254
-1.1529698
-0.3123562
-2.225114
0.48339278
4.32345
4.3456526
5.3583455
-3.8859391
1.8851563
1.4444962
-6.424036
-1.3906842
1.0921745
-1.1071227
1.4024668
-2.425287
-0.5905693
2.4208784
0.081951834
0.4598346
2.5251358
2.7812448
-0.7593194
0.13579372
-2.5373743
-1.001078
-1.1679401
-2.2689528
-0.08162637
-1.1240878
-2.3094158
-1.1668528
-2.0651069
-3.7386765
-2.8553936
-0.43555865
2.5864878
-3.063506
-1.7416756
-0.27082762
2.4890223
3.0999
2.2551272
0.70827955
0.21056014
1.5893441
-1.5153582
-2.193346
-2.2907076
1.198727
-0.35677448
3.3486495
1.476171
-0.6661996
-3.3729253
1.9392955
0.21171077
-0.33656815
-0.4825278
-0.20705473
-2.9008832
-2.612748
0.9501107
2.8355405
-1.5344541
-1.3927975
-2.3263803
-1.6350585
1.6450855
2.0456522
-1.1591637
-0.022996403
-2.560303
4.546559
-1.1760228
-4.4086404
0.24960183
-3.7487755
2.0190377
-0.9825046
1.9212607
-2.8224168
-0.8454529
-0.94143295
4.9610634
-1.463893
-4.4277673
2.6800127
4.436736
-3.4758656
-0.8358453
2.5540187
-1.6007459
-0.2057038
-0.28472772
-1.0577761
0.571427
2.334787
-2.2552521
-3.222727
4.3282294
-1.0909857
-0.26651335
-1.719157
-1.1733547
-3.8948472
-1.5603063
-1.9581136
0.42696017
3.484545
-6.6773953
0.8171775
-3.9243264
-3.106674
-1.3333055
4.610984
3.015539
1.9755473
1.2132664
0.78783196
-0.7678672
-0.19582042
1.9828585
-0.04397078
1.1043977
3.0658658
0.60922927
-0.9664879
0.20401542
-1.9364316
-1.7065244
-1.288632
-4.528692
-1.1674756
0.18684213
-1.432274
-1.1089952
0.66728514
2.3044622
-0.27637595
0.84794223
-0.3286917
0.32078093
-2.317433
-0.19324031
0.12052939
-0.8630826
1.3946346
-2.4275079
-2.387305
2.3393996
0.9535036
0.5268688
0.1862086
-0.9959824
1.4137002
-0.407293
-0.99190676
1.5951992
-2.9515355
-0.56487286
-1.2460455
-1.8709838
-2.9821115
-2.5835662
-0.77988285
1.2990248
-0.20419079
1.7465079
-2.052008
0.48138845
-4.0315447
1.1546637
3.2492874
2.9511604
0.56833696
-2.2940733
-0.34014606
0.39059848
-0.5055873
-1.1809506
-4.4087143
2.3719473
1.6682767
3.7961411
2.1258266
-3.6748922
0.6664337
-0.14237297
-1.4271512
-0.99916244
2.2464533
-3.8476932
-1.8930254
1.3483589
3.0636172
1.9981515
-0.59129274
-3.1149664
1.4829217
-2.2624178
-0.018029926
2.2776692
4.4096303
2.1671095
-1.5331055
-1.0491655
1.0744841
1.5342623
-0.8265226
2.2415583
-1.5121447
0.15448256
-0.7845762
-0.041640755
1.678446
0.67291737
-2.137715
2.3254578
-2.886592
-0.6068186
-1.9903595
0.41466546
0.039165545
-1.3758053
0.24192718
4.0539927
2.0585325
0.5532533
0.9195208
-1.8866938
3.2798467
-1.0532868
-1.0047382
-1.0889375
1.8200235
3.218325
1.4890007
2.9904606
-3.0591707
-0.75314546
-0.5998365
-0.59971935
-0.9004821
-0.7992658
2.5217824
1.4789315
-1.0217884
1.0601574
-2.4339747
2.359654
0.039293706
-0.18707886
-0.6693445
-1.2723204
-0.23842843
-2.4246767
-0.51917464
1.6816092
-0.82441217
-0.22742993
-0.40038544
-2.3621671
-1.1204633
0.039865583
-1.1690586
1.4641488
-2.8125443
-0.5630211
-1.2926472
-0.5953485
-1.68599
2.6270525
-2.6201842
0.21026942
1.8811197
3.5120537
-2.2112079
-2.0601285
-4.2882934
2.2605243
1.2784606
2.7006342
0.12591901
-1.6969726
-0.7441854
1.0295024
2.828992
0.10001926
0.39343175
0.80056244
2.4705954
-4.6967535
0.06969751
-4.4130497
0.67667353
-1.9266675
-2.661936
-1.2448767
2.3635325
-1.1223524
0.5261787
-3.4345548
-3.0271351
-3.3084314
-2.5608535
1.6961548
-3.6518419
0.23960663
-1.1672983
0.77736783
1.3141159
0.5804045
-0.36186615
0.33601245
1.4733975
-1.2961199
-5.2097435
0.51598
-2.4737988
0.9456461
1.4366313
1.3146874
-2.2884283
-1.4292623
3.2850635
-1.0909537
2.612581
-2.7768972
0.64666325
-0.6388588
-2.2226522
0.7651014
4.066806
-1.6640409
-2.716613
-0.16609107
-0.088729054
-1.2602795
-1.9972507
0.24947537
-2.9721966
-0.31092528
3.0275304
-5.1994023
-0.028085107
0.29135838
-0.58315724
-2.150603
-1.359215
1.0229586
-3.9931018
-0.34241706
0.19857387
-0.7082458
1.3008382
0.19357263
0.31765497
-0.56749284
-2.0411003
-0.616076
1.8348955
-1.1877227
-0.2904219
4.1955442
4.095856
0.3507717
0.77338386
-0.15883453
2.1198604
-0.8691202
-1.2996373
2.2923918
-2.8712773
0.8238331
-2.3119454
-1.6611304
-0.49935406
-2.5569808
-1.7034603
-1.132014
0.15121514
-0.33975703
-1.8976643
-2.1125228
1.8492075
-1.4518311
2.0592167
-1.8681326
-2.663049
-3.1552315
-0.3089696
0.86945045
0.5621461
0.7122748
-0.42740062
-0.527177
4.1359396
1.7556812
-4.0845885
-3.2191901
-0.385403
-2.1375773
0.33552408
-0.8917944
-1.3280696
0.91968644
-1.0339516
0.9825876
-0.5692323
-0.22429961
1.6740638
1.8082525
2.5757065
-1.6456604
1.8074213
0.11551773
-0.48054636
-2.3336248
-5.436799
-2.192088
-2.963682
0.7223992
-1.4789244
3.9514039
1.5788329
2.055504
0.32797104
1.2416978
0.7695547
-2.8488302
2.2458978
-3.1702874
-1.1532714
-0.8841984
-4.566304
3.2813709
1.3001506
3.0834777
-0.67848706
1.5876921
-7.757259
2.1282465
1.248042
3.09471
5.9409556
-4.588287
1.4990398
-0.8658635
0.7819704
-0.05980282
-1.7924767
0.12219216
0.3108347
1.9396533
-1.6995468
1.1145948
0.98917586
0.31021068
5.1884627
-0.7093009
-1.6408179
0.021248758
0.99386376
-2.3676357
-3.046634
-2.2955544
5.1178412
0.8420816
-1.6954342
-0.05142269
-0.8244501
-2.4690518
-1.3516772
-0.50734264
-0.90634495
-0.065518655
2.653257
-0.48177478
-0.55131465
-3.5427525
-1.067803
-0.27545995
1.2023237
-0.786748
-0.53816324
4.663914
0.49504325
3.1888387
-1.3405491
2.199297
1.8266476
-0.21436587
-4.2079563
-1.7764121
-3.715873
0.33245254
-0.70719695
2.3961763
-0.66511714
-2.738454
-1.0096425
1.7193521
-0.52018636
0.95658356
-3.3233414
-1.6121463
-0.61406285
-2.6059148
-0.026855793
-1.6839514
2.5841908
0.6966908
1.7093639
0.6108042
-2.4163349
-1.029481
0.7904033
-2.685128
-4.0584636
-4.12272
0.3106961
0.68853986
0.61882937
-0.89585143
0.20434965
-3.3794744
-6.6139975
1.8349899
0.23840983
3.9898953
0.48573318
-3.4508781
-0.062115524
-0.3181556
-0.16477072
1.0161304
-0.6064105
-1.7207143
-1.8465099
-0.82215166
-2.0639746
-1.6130549
0.661247
0.7849729
7.0313506
4.113719
-3.778299
-1.1748611
-0.73182243
-4.8518147
0.50842685
2.0088027
-3.7010944
1.4541262
-3.309238
-1.8236201
1.8389665
1.3927916
-2.8833911
3.1746986
0.30511436
0.5026195
-0.044113066
1.7622634
-0.37740678
-0.6389087
2.9001462
-0.32549292
1.0461614
-3.2239978
0.12814178
0.020669335
-1.4309235
-1.269775
-0.9283516
0.30339724
1.7994667
0.32299572
-1.1815186
-0.49490786
0.44229856
-1.6561257
0.156923
0.24599856
1.6552379
0.5406904
-0.9694305
-0.7279237
-4.4858084
1.8498434
-1.9719864
0.41224113
0.23367167
0.49593025
1.3707192
-0.24952462
1.8688383
-3.1647308
-2.4561994
0.68213266
-0.48313615
-3.4601212
-2.0149403
-1.5701573
1.5699873
-0.9468466
-2.3094275
-1.4046772
-1.9701555
-1.7660227
-2.7168057
1.7585531
-2.0429447
-2.1134293
-3.9374578
-1.2344743
-2.375518
-0.9779266
0.0702773
1.489531
-1.5211862
-0.79957384
0.05410459
-1.0956545
0.4037716
-2.693903
0.38112986
-1.6351174
-0.9139041
-2.6452563
1.6957842
0.21082711
-0.2950769
3.0088067
-2.0737672
-1.2968776
1.6575382
0.9584171
-2.1352296
-1.1221389
2.0346038
3.3369496
-0.34054184
1.546399
-3.5718522
1.5044254
-0.28643256
0.13925265
-2.7076035
3.2810836
0.050731886
-1.3009185
-2.8192356
-0.16466193
3.1396058
-0.3744275
4.1830235
-1.1555626
-1.5191027
-3.0183868
0.50830716
0.75878847
-0.5795771
-0.2863621
0.11427977
0.5263799
0.6700644
-1.2413461
-1.2592598
-1.2601165
-0.52449936
0.57437867
0.17865852
0.2776983
-3.451425
-0.6673546
-1.3025367
-0.29299867
-0.46456775
-1.2343736
1.6387293
-0.03625799
-2.1303139
2.6567397
-2.3072834
-0.8647923
0.9230364
-0.5979043
-1.0373911
-0.19436087
1.9786497
0.3804843
-3.3789403
0.03750671
1.0315785
1.7282414
0.030336315
0.8452106
-0.8956057
1.6364753
0.39537063
-1.5871485
1.9434525
-1.3016835
0.3906939
0.47246897
-1.8798063
0.39175233
3.2121031
2.5641065
1.3608042
-1.1214247
-0.50707024
-0.8285693
0.2734509
0.18815133
-1.5191805
0.2861485
-1.4662876
0.17584018
2.3641067
-1.0821015
-0.78003156
0.6508223
0.93685234
-1.4459733
0.9157223
-1.101326
0.8573849
-1.1285942
2.0368347
-0.8255283
1.1969522
3.9708662
1.531026
1.11839
-2.1535451
-0.51063836
0.949613
-0.83781826
-0.63352877
-0.89886314
-4.0239305
0.57161444
0.7037815
1.5031761
0.4075286
0.6894579
-1.3382653
-0.48971865
-0.94597334
0.6167217
-0.7836742
-1.7407392
0.1512048
0.40115583
-1.9434125
-1.5108602
3.2144423
-4.1099963
-0.16566798
1.3609637
-1.256361
-2.4326055
-2.0533767
2.5802057
1.8546035
0.82026404
0.19065925
1.7781583
0.2915109
-0.62861603
4.505656
-0.2254609
-3.3313944
0.8405757
2.242158
1.4206425
-5.4074273
-0.4392708
-3.1443727
-4.8168397
-1.4946338
0.28531775
1.9546639
3.4659264
-0.9593333
-1.5519527
0.67164415
3.3291957
-3.7486472
-0.9344856
-1.0921075
-2.5649283
-1.0768284
1.0491147
-1.256305
2.3157334
0.76084137
-1.279317
-2.9981816
-1.9123077
-2.4236434
2.4412394
1.1396784
-1.339982
0.35578728
1.3054891
-1.2996795
0.44336843
0.9063099
-2.8886492
-3.0442412
-4.7620587
-0.63855237
-2.0319207
-2.518387
-0.2499299
0.56087273
0.65694106
-1.4273117
2.7796998
1.5487757
-1.1750555
-0.43667582
0.09577262
-1.645729
2.165598
4.419158
-2.616011
-0.77134174
2.2777188
0.8837174
-0.47862533
-0.31358624
-1.3771306
3.9588442
0.47475618
-1.7831889
1.1889621
0.6204324
-0.05469968
-0.3303693
0.9096122
-0.75052816
-1.1460985
-0.103602104
0.09924819
0.70366454
1.8443646
-1.3102264
-1.1277924
0.33930132
-0.71424073
1.0880556
1.3350846
-0.40655005
-2.001627
-1.4504588
-0.2648861
0.41583478
-2.220295
0.30859727
-0.13947095
-1.4945819
-1.5289072
0.71301955
-1.4000499
-0.47740597
1.7054473
-0.43534002
-2.9578848
-4.070534
1.1351135
2.630437
-1.2858597
-0.69296074
-1.2275487
-1.5115117
-0.5790259
-1.1278132
0.7031984
-2.4409616
-0.14380828
1.4657056
3.2242131
0.4288474
-2.2509985
-0.89141226
-3.9144163
4.9773974
-0.47841027
4.271645
-1.8273858
1.0812882
5.5219502
-1.7978386
-1.0067209
-1.784473
-2.373067
0.47561166
-0.58909637
-0.71782124
-0.3720025
4.183096
1.1962413
-0.19985203
-1.0004501
4.939978
-2.5295415
-4.500004
-1.3231462
0.6316516
0.62789
-0.39789775
-0.4274429
1.53146
-1.2409813
-2.0170832
0.64984035
2.0757072
-4.274838
1.0299246
-0.72585046
-4.080013
-5.7191725
-2.4932373
-0.7602086
2.3148613
-1.6513507
-3.1084824
-0.13875379
0.5218358
-0.21468404
-0.27413437
-0.7504575
-1.9353691
3.5111482
-0.15954967
2.7042122
-3.63632
0.25588062
-2.4268856
-0.4675532
-0.21135645
0.3019877
-0.06831523
2.4086773
-2.264424
0.4301704
5.019266
1.9065474
-2.7911124
-0.8451513
0.6026095
-0.3554254
-0.46634552
0.7090189
-0.8838373
2.2428944
-0.48433834
-2.5390759
-1.6701041
1.458199
0.12794127
0.7338883
-0.88004124
-0.07612434
-3.039958
1.52315
0.21869674
-0.2645396
-2.246007
-0.3525911
-1.6749655
-3.236353
0.54453003
1.1273493
0.7519524
-1.3026857
-2.4143174
-2.158783
3.7156565
0.051889174
-1.36708
0.15493514
-0.7002896
-1.5170451
-2.954873
1.0448833
-3.0498395
1.7593343
-0.22281669
2.2158544
-3.605709
1.3790598
0.012023273
0.65168494
-0.06394134
-0.94531244
2.594204
2.8840709
-0.2866079
-0.8804666
4.1556144
4.2590294
0.5397467
-1.7072797
2.7939577
0.59348464
-0.5998759
-0.778819
-2.4321625
0.80390894
-0.5673464
0.91142625
-4.470098
1.191137
0.54322773
2.2474205
-0.4993304
1.9479387
-3.9839718
-1.5767496
-0.89060885
1.4238462
0.34120953
0.7869157
-4.1799893
1.0030991
1.5813462
4.147572
0.05241858
0.7006008
-2.211364
0.7973075
-0.80250335
1.5910081
1.7726225
-0.45122284
-1.0498918
1.9299433
0.23614118
0.3348245
-1.9212213
-0.74519545
-2.1075306
-0.881807
2.5093188
-1.19248
4.547082
-2.084262
1.1090263
0.047793232
1.7885491
-5.0552
-0.021498747
-1.4591268
-3.8217692
-3.3201861
-2.314298
0.2988014
-3.0204356
1.4822116
-0.5680102
-5.574954
-2.772891
1.6560903
-0.03786495
0.8980073
6.0776525
-2.8187127
5.0097356
-2.0493228
-1.3880014
1.1048492
-0.09747315
0.076041594
0.34418008
-1.2556381
0.69172424
1.1873869
4.3337283
-1.08347
-1.1003028
1.6706724
1.2689093
0.37045223
0.58342534
-1.4495313
0.9721004
-3.757381
0.39739156
0.79315865
-1.0391093
-1.134412
0.41149232
1.1413351
-2.2113068
-0.37095
-3.1303518
1.2637435
-0.0032648304
-0.45066333
4.099627
-1.5456058
3.6828918
-1.3137565
1.8919606
0.021213159
-0.33810118
-1.2859881
0.6261818
1.4982636
-2.1552203
-0.33418122
1.4960012
-0.42178082
0.26379883
-1.3684844
-0.7381353
1.1422434
-0.32677454
0.4378583
3.4345968
1.8304387
2.3857107
-0.8884999
-0.2291819
1.592953
-0.34924877
-3.2262726
0.39549243
0.025106717
-1.7629802
-1.7451459
2.2827384
0.57795495
-1.8986675
4.157255
-0.13445579
-0.12408266
-4.4361644
1.1425749
0.88123906
-0.20201017
0.04979833
0.9507979
-0.15016659
0.94399005
0.18782109
1.3612299
-2.894284
-0.90331525
-4.0559664
1.2260911
0.6562123
-0.10689517
0.6832921
-1.1099368
0.88340235
0.3698933
3.7201607
-0.5611951
-0.98915744
0.41633302
2.4084363
2.090365
-0.19203538
2.0846057
2.5851395
-0.69148535
-1.4173735
-0.35540745
0.028017763
-0.42411992
0.43411893
-0.20512515
0.7255183
2.5283825
-4.238268
-0.8928941
-0.11485316
0.6614574
0.31464496
-0.7571386
3.7197561
-1.0241774
-0.5461666
2.212612
0.15815881
-2.242017
-0.11396187
1.1573584
2.120468
0.61596805
-2.59299
2.8232803
1.7882704
-2.2078269
0.20576923
2.3733501
3.5138211
-0.3081394
3.7947226
-2.3177903
-2.0162003
-2.1511574
1.7018654
-2.5847883
-0.9948225
-1.0735795
-1.7137876
-0.95554686
-2.5788143
-0.9301256
-1.7716223
0.05705117
0.75872034
-0.77306575
-5.613724
-2.4050717
-1.0900613
-0.80865514
-2.057327
0.34193772
0.5483268
1.8339362
0.08061604
-0.5843381
-0.056749903
3.027279
1.472699
-4.774496
-1.7122929
1.6148695
0.25014392
2.20062
2.7623823
1.7633837
-1.8312471
-4.7782183
-0.78034437
-2.4251978
0.85137117
0.7584259
-2.0763693
-3.1394997
-2.119206
-1.7434313
0.61490893
-1.7395307
-1.8179728
3.0336163
1.342264
-6.690334
-1.2359396
0.991961
-2.956977
-2.0699203
-0.18131056
-3.4734194
0.6877865
-0.74005127
-2.359688
-1.1918164
-0.5592374
-0.95763046
-2.1016612
-0.12691814
1.9854574
-1.4411013
-0.45697024
-2.515165
-2.5999837
-2.2839031
-1.1320097
0.8798803
-1.7313148
-1.5023586
-1.7570653
-0.11045119
-0.04803046
-0.7042413
1.2589078
-1.3183534
-0.8260061
-1.8805577
-3.555489
-0.87198246
-0.10417599
0.453948
0.6359382
2.7581244
-0.8680038
-2.3695567
-1.3522867
-2.2501984
3.6191845
-3.6633308
-2.6875362
-2.232796
1.2328694
-1.8913119
1.6854234
-3.361974
2.7142854
-1.8936027
-0.6275187
-0.7223101
-1.0930475
-0.2948663
-0.7670968
-2.1109872
-0.14262664
-1.1290427
0.5222675
1.357103
-3.0531652
1.680259
-3.1450167
-0.35635528
-0.368212
0.16499814
0.28796253
-0.4226752
-1.0595689
-4.16544
-1.0587922
-0.36992684
1.5975709
1.321
-2.7911773
-2.4055307
-1.6257794
0.32378078
-0.13696288
-0.3748191
2.957444
-0.0829137
-0.058983408
-3.1930084
1.2594463
1.9881556
-3.8798256
2.488851
1.3891177
0.16510622
-0.624066
-1.1868252
1.4896758
-1.546637
2.0598772
-1.442874
-1.2656503
-1.2716864
-0.014874246
0.0647863
2.3550649
-1.0843017
-3.9369483
-1.278474
-2.796971
-1.3145434
-0.3784702
-2.4122615
2.8053777
-1.193408
0.86596674
-1.9704226
1.0279429
-0.15577562
-0.51333964
-2.7610512
-1.7340109
-0.14617412
-2.1650803
-0.93423706
2.841883
3.4450417
-0.41319224
3.8611062
0.6206313
2.4061687
0.41539824
-1.3972584
0.7781892
-0.502852
0.37984052
2.2685597
-1.872063
0.79338485
-1.1766884
-0.20925587
-3.2506888
1.1268599
-0.79955167
1.4503973
-0.7975734
0.09715585
-2.7441556
-0.7538039
4.919358
-0.9909125
-1.7731236
-0.4089894
-2.7851028
-0.16364516
-1.3065618
-0.8637972
-3.463859
-0.19218107
-2.7066238
0.41993487
0.54678446
2.3999805
2.159228
-1.1373193
1.7548712
0.47455677
-2.0354762
-0.66180927
-2.2290583
-1.3294501
-0.102061294
0.3350765
-1.0943515
0.9887538
-2.9171486
0.66567373
-1.6617924
1.1111085
-2.1348531
-1.7555552
1.4712281
-1.4071207
0.78723526
2.3905027
-0.70854443
-0.6467404
0.0142708365
-0.4129058
-0.96413255
-2.1316364
-1.0491297
1.6032219
-0.15041825
1.4806532
1.1847107
-2.3675392
-1.1805127
1.7271633
-0.2495881
-1.8743995
-2.0431612
-2.1790986
-1.2785803
0.30265015
1.8155315
-0.13102749
-1.8587545
-2.0723119
-0.51487476
-0.91957676
-1.7044547
0.6956933
1.0620518
-1.0682153
1.9200367
1.2757384
2.5234962
0.47952738
-1.8520812
-0.530444
-0.54280466
-0.61065537
-0.66120726
-1.7830439
-3.4362519
0.585348
0.25223863
1.5393379
-0.5151316
-0.79847807
0.4076396
1.0442386
1.0649968
0.78186953
-0.035234846
-0.36663797
0.11317003
0.07757778
-0.17061508
0.84311813
0.20713976
0.88075054
0.16300452
0.09595273
-1.5898371
1.3199365
0.70115584
-3.0761323
-1.2142493
-0.11391693
1.7660431
-1.9022646
0.04579098
2.2468934
-0.86116856
1.3979329
-0.7475861
-2.5001945
1.1892473
-1.7193711
-0.9720423
1.644175
0.4320637
0.604302
-0.65534884
-1.9266179
0.10839653
-0.1018586
0.35572273
-3.3879364
0.15135981
-1.4358739
2.9044282
-0.36731076
0.64487445
-0.6242795
-0.050954744
-1.9779582
-1.0254183
-0.83118135
-1.1755571
-0.71703726
1.812999
0.20081031
-2.177486
-1.0453596
-1.3175261
-1.4245868
-1.0744629
-1.2265992
-1.1396394
1.5455085
-1.2675065
-0.8285359
0.3592024
-0.8426019
-1.4528524
2.1180184
-0.73496705
-1.5429081
-1.4585036
0.76829505
0.7097479
-1.2203861
-0.82387286
2.5040984
-1.2346089
-0.17641605
-1.7731861
-1.5367113
-0.70518094
0.07242106
0.07575639
0.018801799
-1.9441097
-0.24444427
0.3761081
-1.7557907
1.9380541
0.22095622
-1.7823124
-2.2544036
0.8930999
-1.6477641
0.8678391
0.20148085
-0.78835624
-0.92809546
1.4552307
0.2017981
0.7259352
1.6153684
-0.122676164
0.7727553
-0.15474401
0.20736675
0.37448302
1.2400452
0.69931537
-0.6728769
0.3352939
1.5064605
0.43656904
-0.83707505
-1.2326543
1.1817625
-1.2461691
-0.9870747
-0.274481
-1.344084
0.08814373
1.6261883
-2.1564412
1.6349405
0.6727475
-1.7503506
0.7802635
-2.3274
-2.5573428
-1.8341422
-0.08371274
0.6058237
0.19208555
-0.41916728
0.13582334
-3.102191
-0.7907222
-0.6444794
-0.41611633
-2.3513155
-0.85582423
-0.6675556
-1.5971457
-0.73197037
-2.616054
-1.1786515
-1.1263229
-0.8189247
-0.63517106
2.2530031
-0.81254154
-1.999905
0.086140595
-0.5195254
-0.49022254
0.77141076
-0.75953346
-0.9457595
-1.3891573
1.357365
-2.226664
-0.2863126
0.8447107
-1.3235008
2.341586
-2.0453637
-1.7570844
-1.1857177
-1.452246
2.232426
-1.5485483
2.15767
-1.0262119
-1.439453
-0.46179408
0.550026
-0.46663067
-1.9847686
-0.551901
1.8267386
-1.3397899
-2.256189
2.1992602
1.4622778
-1.1174759
-2.7330773
-1.6113715
0.0743892
0.25592735
-1.4990839
1.6399698
0.8136188
-2.5842097
-0.26840967
1.8372796
-1.73959
-0.39612234
-0.4311729
0.7052014
-0.14252089
0.2236119
0.524334
-1.5066991
-2.4809208
-0.37228942
-1.6664414
-1.080231
-0.5132573
-1.0618722
-0.8679467
-0.20890264
-0.82698053
0.43710116
0.02535677
-3.2037919
-0.85106593
2.5735037
-1.0414295
-2.547591
1.2568399
0.63852924
0.9788026
-0.8440366
-1.7085675
-2.0099418
-1.2886989
-0.24220163
-2.6596758
-1.3860191
0.5763509
-0.72426367
1.0318282
1.9360868
-0.5961502
-0.9538006
-2.27633
-0.87451947
-2.0812433
1.4352422
-0.38691768
-1.9955305
-0.32773513
-1.0297915
0.17591521
1.9034694
1.1740856
1.7069346
-0.8185623
-1.9162891
-0.5935849
0.5271464
-2.0758793
0.07231686
-0.39113343
-0.5852898
-1.0344654
3.128244
-2.4505332
-2.6022725
-0.42166024
-2.3953958
0.35230237
-0.83922786
1.3070359
1.0312651
-2.2845767
0.8846717
0.63418114
-0.83882725
-1.8685353
0.30381674
-1.3582672
1.4006919
-1.2245384
0.83338565
-1.2116503
-2.691145
-0.78547215
2.051874
0.8340228
-1.3980857
-1.6459234
-0.25490087
0.8915555
1.7387019
-1.9227636
-2.0855055
0.9906802
0.45786792
-2.7049358
-0.67968243
-1.8878601
-2.0079863
-0.2926939
-1.2886372
0.39139003
1.4083979
-1.1916866
-0.49160412
1.8362608
1.6861664
-1.7411692
-0.60476524
-2.0581558
2.0887132
-1.394929
0.47720033
-1.8818992
-0.10304138
1.0243382
-1.4955748
-0.9985196
-2.215624
0.30042607
2.0269885
0.99325454
-1.0660145
-1.8331952
1.8447151
-0.1074197
-0.9660547
-1.6732768
-2.475811
-0.92739576
-1.640369
-2.1588583
-0.7152902
-1.1995028
0.17282254
-1.8386827
-0.3677346
1.1616982
-1.4904708
1.9534796
0.5183626
-1.09358
-2.0982244
-1.3746749
1.3423781
0.34525928
-1.4565891
-0.12073809
1.0664691
0.76523644
-0.17284516
-2.5245078
-0.47670573
0.35330695
-1.6046904
-2.1343195
0.6069606
-0.6091936
2.1599548
-1.4847827
-1.3560686
-1.3364567
-1.4071178
-1.9026501
0.11142643
0.6004479
1.1476322
2.7014608
1.5348414
1.3614677
-0.5417459
0.41276464
-1.726071
0.77837926
-1.612091
-0.21761654
-2.7860966
0.28348544
-1.5624517
0.43120527
-1.6852832
-1.103734
1.2401185
-1.1558928
2.2334867
-0.24903867
0.20313807
1.0833542
0.08030746
-0.20909193
1.6449805
0.18790773
-0.4806361
0.5634089
-1.0552759
0.37867928
-1.6999277
-0.27555895
2.1844337
-2.5618668
0.51806957
-1.4485743
0.3907873
-0.6040476
-0.54036653
-2.2067392
0.86114234
-0.033482127
-1.8697348
-0.2963244
-1.4167665
-1.5067548
0.6999304
1.7592988
2.4047985
0.47232518
-0.67085147
-2.6816564
-0.035878442
-0.9056739
-0.37352535
-1.4289497
-0.6909327
-0.42222697
-0.09458204
-1.3905566
1.1874176
1.0347781
1.5733567
-1.9594022
-1.521966
-0.15141782
