0.0
0.0
18
2
72
36
9
-65.61331
3.0745153
-28.506302
18.845726
-89.60001
-98.81968
123.27087
-37.71683
73.21412
74.13172
-72.38981
-31.197832
-141.20724
-46.639744
88.54782
-52.591522
-46.50129
-3.8298957
63.946438
16.79514
-12.766113
24.84721
-109.228905
4.137449
-103.42657
10.314813
-60.10788
-42.93019
-28.606447
13.709726
-12.023372
-91.874954
12.688507
30.470228
51.601566
-75.31532
69.87085
69.42202
5.1709385
-62.089855
-56.678047
-94.666725
69.77294
6.215588
-19.312439
-119.65228
59.9304
120.66059
1.6668606
67.18823
-9.767834
-25.913391
-46.147774
-3.7791204
53.26966
-102.99328
-107.3676
-39.00002
124.65792
66.356995
-51.241222
-39.66802
24.296762
-96.93527
47.59092
-74.5479
-33.15168
-43.304295
85.21703
-96.79977
87.86983
-21.829613
-31.92752
-28.724535
-149.66669
-49.726566
-21.843092
31.886656
59.84432
-2.8961053
-10.9022255
-65.46209
4.7123213
10.627174
-8.970979
-21.891413
44.20211
-37.521946
110.97648
133.31142
49.51463
10.785555
81.26058
-69.53676
58.15055
-33.88447
-16.326687
14.514874
-149.57397
-66.14146
-72.29327
87.12049
-2.9858491
28.479723
-73.86208
-39.317253
17.471968
-73.63434
-61.99087
29.587488
29.314692
-40.95864
-89.335884
-91.87996
2.1984334
43.56083
81.39474
-116.74102
21.96168
-1.1246716
-69.01638
24.328058
36.691486
-85.61775
-4.461179
-7.63437
-19.047863
-40.878952
1.1522126
-18.26386
-13.928193
31.740076
-130.50984
-26.433737
-62.652916
-143.90756
78.68745
16.374393
-59.707737
-0.8065671
-45.628517
26.66195
-60.93981
-21.978859
0.047127202
99.02529
-79.408
-66.29159
-33.196114
-102.9794
-43.376774
-6.401579
127.445045
4.6352596
55.30149
-8.314752
-81.491
-50.66898
120.06088
7.7439656
6.7558475
37.502007
64.775085
28.127499
-76.51515
-8.642492
-18.4288
40.49963
71.70414
53.577385
82.046776
32.55397
48.497795
38.251816
-22.575024
-59.34366
79.08641
-85.02638
13.582567
33.50257
2.3938072
41.61773
41.84856
12.290336
-34.410267
-74.21975
26.683678
-109.44938
7.959622
78.93158
-40.702915
52.846462
101.23232
-6.8398547
43.85009
-50.385315
-14.868811
-67.63198
0.5375354
128.67319
89.12874
17.333473
73.940895
-61.822784
80.7537
-5.1641893
61.47957
29.06581
64.577034
-99.70293
-79.09963
-52.368088
-17.713396
-7.773253
-10.584446
63.110363
41.596043
-6.2595434
86.76374
44.065174
-55.175083
43.86705
4.756008
-52.7148
-22.94249
-18.971186
-47.610058
-51.388206
17.054018
-0.87876254
-17.539616
-27.65489
-10.846578
-104.30612
-24.566002
27.094528
69.43667
-85.48597
-15.599262
-7.6333323
-76.3061
-10.740606
-99.149864
87.25073
-59.409405
4.238206
-3.266688
-62.769867
25.83713
-105.23165
23.945011
-13.681612
64.27722
-16.010624
25.392391
-0.25929046
95.226654
33.08366
70.922775
46.65882
82.74091
110.25287
-6.666917
-11.159361
-104.27032
28.95954
-0.6712913
6.1867895
-31.174423
-22.445723
10.620719
56.058514
-144.91356
-22.783384
-8.378603
47.9902
6.589448
-63.63505
-33.165253
-102.30727
-13.810332
6.558375
-45.474216
-87.66535
-78.235405
6.409726
16.712162
-145.79152
-62.93155
-122.32181
-20.593712
-54.80815
110.990486
96.36687
-44.825222
68.855354
-24.44301
-55.365726
-52.97918
71.78943
-29.789047
-20.665495
37.794273
15.609812
15.432853
-71.83542
-31.256569
-60.7514
105.0086
-6.410889
-30.123571
11.751088
5.6243024
-6.157254
-43.935333
131.6255
-21.909147
-57.491108
10.104386
-64.39138
2.473444
-55.55297
-2.278251
35.14856
-36.95107
-61.309677
47.606304
-19.012156
-52.57158
34.845844
1.4842745
58.850273
65.83315
-24.598362
-47.374027
-35.823532
-2.7234724
-70.243835
-21.355436
-11.014013
2.4564972
-94.458824
-1.8038654
46.103775
45.559853
-36.164936
6.7864785
47.00189
8.311038
-41.18901
-37.705498
6.3743215
-19.129583
-29.455431
1.5215566
31.326021
-30.936176
-0.35731733
-109.823784
-97.99088
121.43087
-22.59203
73.131966
12.889762
-29.06089
-76.09356
30.935215
2.0640347
46.907135
84.61557
-90.63691
-7.7669344
-9.331312
-53.76126
22.570074
50.466347
-106.13246
31.565151
-146.10641
-64.74346
-35.69895
-118.08181
-19.006613
71.51855
176.311
66.32228
-65.57512
49.27649
-89.199326
60.379765
-39.364204
-40.011005
-65.3344
-13.838547
33.729557
-43.87129
12.300832
109.37036
42.034103
110.249176
95.25693
46.139393
-49.575104
-12.719599
-32.6865
-28.01129
27.093794
-77.463135
-77.892044
9.936144
112.65948
53.471905
-126.9894
-8.560167
-50.887108
69.41378
-5.681389
0.5282603
69.9328
55.093723
-54.005405
4.6626883
17.75404
45.4702
54.152912
-33.8719
-10.277492
-65.36758
-7.5059032
-59.843357
-66.471436
29.889013
32.916344
121.881195
-11.045188
26.835548
35.42051
-43.14679
55.409225
-31.616734
-21.743053
6.6187315
-6.379371
-50.832657
41.487984
-47.086327
-56.835228
-23.336065
-29.37352
44.150276
-114.05218
15.429141
34.652306
13.04321
20.070576
121.2239
35.428898
2.7555988
20.204103
29.490408
-24.966759
-92.87675
-8.44258
-80.71622
-25.391459
-69.67804
11.377154
-73.307205
77.23892
-8.222711
5.5306845
24.905352
108.451164
-68.02038
12.178352
63.853176
-50.740784
149.16385
-18.596388
-63.804188
2.7422955
96.04031
-29.57302
-38.472935
13.060304
-82.712234
16.097797
29.891016
69.842415
-15.527271
-85.59015
-18.716867
-36.662354
-20.645182
-102.70738
-26.983034
-85.615555
65.82851
-61.03006
-44.031097
-20.351738
-29.138992
-99.15571
-4.873496
0.9610731
-7.2825127
-13.881538
-0.5448214
70.376434
48.994102
-13.143825
-4.9566903
22.77624
-11.980937
-14.141397
56.438244
-33.966606
6.364542
27.225183
-14.9050255
-32.724632
1.4368277
-45.503483
11.68113
-93.77936
-6.1769404
-25.608013
-72.60132
7.6122503
-6.740757
-13.040533
28.863365
4.2747784
-53.30634
4.8587694
-14.461298
5.354584
-25.99532
3.225697
11.882299
-46.349445
-30.743546
8.114169
40.833748
22.03074
-60.006874
37.531437
26.527882
87.63767
74.89048
-43.748592
-4.2052436
-5.266887
-48.197544
1.2262533
88.94198
-16.285809
-98.42396
-26.306864
9.839466
-21.92127
-19.491072
-63.095642
5.795657
-32.513535
-15.247579
24.780508
-31.116234
-35.143288
-23.21943
1.8216072
-5.6331725
14.6861105
-8.035397
-24.729946
-4.0255427
-22.455013
-5.3805065
0.498217
-100.864655
-158.7181
123.13289
27.844439
27.499063
-94.79412
80.99396
2.0569978
-78.95028
29.129442
-50.773766
-71.16983
-20.566603
-15.384601
-54.80644
-70.397385
-54.58682
-27.140436
-40.984707
87.76589
-101.11151
23.947523
-3.7134464
84.34752
9.082746
-65.76365
-98.627
-29.55253
-4.877274
-87.90055
112.82801
-13.691513
10.595064
16.592049
-4.651197
34.3272
57.039936
-51.279083
114.914536
8.083018
-3.0201507
84.99365
95.19294
-99.604675
-59.926315
-2.8311741
-42.81742
77.477135
-49.58752
-77.66803
23.480803
-34.170994
-1.9640917
-169.96452
-70.75469
132.85617
-114.74913
-44.52379
-91.42305
-74.472244
2.6036572
-43.667698
60.779926
-22.832766
-63.534534
43.04752
76.589714
20.441954
-0.48723838
24.652729
58.621025
-183.698
-164.77705
-87.9518
-98.50779
-55.375668
130.16121
28.417774
144.77713
25.382164
-19.771013
6.2389927
-43.873295
-58.410004
23.228077
104.406006
-117.59464
-92.59612
149.16388
176.8313
21.865047
-48.178055
-60.641026
5.218077
-6.223236
107.26108
43.34118
9.20354
-1.9386548
-9.66294
11.220277
25.429962
81.549286
-7.1355796
-59.436264
37.24911
-4.7711635
7.685619
-20.365915
-21.276882
129.10411
15.606263
70.10097
-72.84417
-6.046099
-109.400444
-29.22596
26.039742
9.846064
-36.880432
-81.77769
-16.193832
-29.996475
14.052843
-149.56796
1.6398703
-7.6894393
26.746222
-53.870007
45.256
-72.66506
-79.184685
42.24419
54.72658
-62.196045
19.290907
-33.135998
-49.02938
46.636044
7.880394
-72.126205
-29.647583
10.267688
-55.59733
-38.444828
32.913586
-100.894295
61.73633
4.53176
-57.10546
-152.45842
-92.40102
12.554842
-13.25564
-15.872002
60.228886
-2.4310286
92.99166
59.824295
33.93229
-28.47068
53.449715
-38.40627
8.210948
-23.87086
-13.694375
-7.5008726
-53.69829
-16.683014
-20.89726
120.8552
-37.375904
-66.81904
-101.94434
-116.655785
27.755672
-60.61933
-15.889229
-0.34701005
-27.679768
55.278904
2.3762512
-66.08487
17.516567
-42.56618
-66.293724
61.016544
52.736805
-38.973404
-31.766935
78.80003
-41.750183
-27.105616
61.165455
24.966248
-1.9033023
18.623323
39.433273
-71.338524
-15.014151
102.61419
-52.155094
-19.60823
6.1015043
-16.768211
64.57928
-69.28919
29.870132
21.19111
-72.75027
78.59723
94.2905
-13.479945
-3.3976085
-9.270248
-0.8734428
111.95501
18.146893
91.52988
-167.65236
22.886097
18.334764
-20.022871
-93.70958
-46.293434
-112.24332
39.50727
71.523415
-19.55972
-83.403534
-40.54733
-34.35576
-86.50727
-6.4701314
8.333355
-78.33883
-107.98687
19.262377
-8.912411
82.445786
22.758188
-8.413567
-71.01086
-29.853453
-92.35791
25.664516
55.590515
43.374874
16.996864
-10.242346
-4.788143
10.830914
-82.31869
-101.16715
-138.93494
108.519646
66.20118
17.456297
-37.129803
-72.00445
46.349754
8.147623
-66.380356
79.44288
-36.91083
-78.88946
-30.92392
-63.06952
15.935299
-28.683432
-28.80351
17.008303
-60.916718
0.9841726
-104.350876
-30.034739
-11.536223
5.558068
-51.131447
-55.927673
-46.37973
-21.68126
-23.807768
-68.40953
-21.469566
47.876266
-74.803474
-0.21464053
41.81282
-30.656939
58.308914
-48.427555
-82.861565
91.36047
-42.160088
61.443394
-19.237389
49.90786
7.3143897
-13.410056
-62.107
-101.89788
-50.667286
13.529368
-77.10153
77.16627
-7.1511736
-53.260166
-127.353096
-32.796883
-10.217653
22.165218
-25.211403
-27.747564
-18.155655
-21.675362
-36.504528
83.91667
-55.058178
4.742465
-28.350418
-25.196016
-15.862875
36.63047
26.662292
2.3908212
89.00951
20.109789
101.964
72.08901
-79.40102
2.5183764
6.463156
-21.77474
-88.4332
-13.130142
-31.590042
-31.616941
77.68473
-57.233902
-55.945225
-26.992184
-0.63363457
-107.172005
-11.933544
-89.63684
-61.80869
-111.09552
87.971
80.374886
70.904655
60.95418
23.425798
-113.52654
-88.77781
-20.417164
-93.79539
-149.43173
-20.012995
-12.005556
-13.422936
-9.812314
-6.161136
-116.29432
-74.70198
-34.48243
-88.1824
-4.1034846
-78.52992
-38.583126
-101.370316
26.484192
-35.34831
44.4102
-24.738108
118.73784
-84.081245
-55.331303
-9.591081
30.920837
-17.548395
-41.579857
60.733303
-2.2655694
-76.12932
5.3059134
11.526982
-12.41118
-29.70345
104.09652
-21.886755
32.219727
17.69269
24.377632
120.5158
6.521445
96.29533
6.6367445
9.037774
-58.234585
-6.1021256
143.12624
33.771046
-28.811415
104.24977
15.89677
-76.23989
0.93645406
-34.051414
-10.812232
-45.492374
-49.61515
67.29172
-25.233175
-88.8526
74.56368
6.6130257
2.6410766
-70.099495
16.344593
6.4030066
34.668873
9.968604
-56.830917
11.325173
51.293407
69.87304
-68.55209
23.270214
-14.456713
12.215799
3.6717205
31.31794
-29.12432
-44.992245
-44.903625
-102.470184
-77.51673
-62.337025
-91.507545
-31.364412
-30.70493
-21.375397
-103.90722
41.904808
28.55815
-38.014282
6.2113037
24.88706
8.905192
-82.61162
48.438095
-39.508404
62.206444
57.705036
-129.44453
-35.7241
43.494804
2.621142
-18.038692
-63.903984
-19.610685
37.264816
13.420711
-20.750048
-37.23496
44.185204
-30.2033
48.75278
-47.194935
49.589878
101.28922
32.12099
-2.5907307
-33.64246
-93.597725
-50.441116
-16.348793
15.546317
53.220135
18.953236
7.0392523
-61.545868
-37.84026
-11.319894
91.56858
40.713955
-24.067074
-28.789549
78.90623
-16.13503
166.18875
-123.56136
5.939154
-46.745033
-104.874916
19.565203
17.018887
-6.280169
-59.648922
60.557934
-8.835077
-104.19605
65.681625
-25.465347
-37.673473
14.223354
77.2686
-75.62712
63.045513
-17.14952
-14.5358925
51.68973
-110.30492
-13.00048
39.81861
-48.051994
-31.10324
-4.5002513
64.158745
-51.798283
18.116932
31.5416
-56.054695
-43.159084
-24.392561
-11.466224
-31.0538
95.07187
3.309363
32.31305
-35.019165
35.451714
-88.53615
126.56672
29.642193
-93.870346
79.85618
-8.4066305
10.277857
-9.903783
-27.943434
65.255585
-82.23802
-28.29544
-90.811844
-10.538711
4.2153563
-83.67393
20.204996
-41.459843
60.519524
-8.81554
7.582837
75.24228
8.01235
64.255554
123.82778
-123.185356
74.37569
37.050488
-9.221205
-84.55415
-136.00642
18.72627
-17.07074
-16.170185
21.632463
30.97677
-12.094524
-63.499374
81.26845
-121.57448
18.972168
-13.645256
31.44386
41.155807
-95.625305
-60.91174
88.6821
37.955387
66.66324
6.668886
19.457075
-31.97576
4.325605
-31.482397
66.42249
14.205346
17.215519
45.846443
38.224766
62.32743
-10.980646
-61.142338
-28.30188
46.874855
-7.6492586
-0.38946417
-40.35338
-70.30947
3.9333727
68.08224
22.072714
-18.287983
12.931838
-44.99717
-3.9292583
34.416737
-0.33079576
81.105354
4.1874
-21.13664
14.396943
101.51649
9.691671
-46.90989
-149.32791
-26.805193
131.19069
32.30729
-21.575012
85.0237
14.1868925
-7.5150223
31.5428
30.46017
1.7419333
-61.321476
-145.09389
62.365925
129.88188
-15.874059
123.031975
47.236553
95.7654
211.77122
-95.22821
18.417805
117.24206
-73.04395
-92.52028
100.52534
-64.83439
18.911558
0.54630196
-0.2336185
-0.10309148
-0.32407665
0.24915338
0.5454283
-0.98438895
0.0873878
0.6649375
-0.4977063
0.61728644
-0.93033504
-0.58595014
-0.31399965
-0.1425854
-0.14377618
-0.96911657
-0.020318627
-0.46698987
0.11993539
0.66969323
-0.18669462
0.94311094
-0.9947598
0.0063197613
0.10519457
-0.6022147
0.8344841
-0.37054133
-0.70118153
0.060053468
-0.34144437
-0.16500986
0.90215254
0.62446165
-0.9203725
-0.7125193
-0.379112
-0.29956508
0.62876105
0.10569394
-0.36126423
-0.1325792
-0.916229
-0.5436405
-0.8710141
0.92291844
0.019706845
0.37637925
0.12864017
-0.3942721
-0.4415189
-0.7568159
-0.42665088
0.32834697
-0.4053055
-0.18758655
-0.16219711
0.508849
-0.0030202866
-0.9409509
-0.53181255
-0.20050883
0.59983265
0.9914359
-0.9969299
-0.25631642
0.7978282
0.23732483
-0.4148512
-0.43699515
0.7264559
-5.119228
-2.0622568
-1.4409164
-0.14573385
-0.28304923
-6.7479377
5.2782664
2.7267163
2.5366023
4.341505
-2.1972857
-8.541829
-9.779725
2.3011863
1.6202842
-3.2477083
1.1034249
-2.8844883
-2.7228115
-0.4773033
-1.1389644
2.8812783
-8.554201
2.4641986
-0.12368019
-0.39033005
-0.19885635
1.0514185
3.9189434
0.9011739
-0.22287546
0.7160249
1.1445154
-15.464826
0.91555035
7.489618
2.9458268
-5.3739467
1.5311985
5.9588943
4.9999123
-2.6575084
-2.4123344
12.364225
4.521815
16.536478
0.5212055
1.1501276
3.0941308
2.3980932
5.2108955
6.2676134
-1.7629187
5.5479226
0.72693676
-1.6402845
-4.733552
0.6106306
2.500423
1.6997371
0.19516519
-2.369288
-6.373226
0.037340052
2.9386446
-12.600429
-0.14480078
0.91408545
1.8136375
-0.2735902
2.2630897
5.0741563
4.4319677
1.291412
-1.4274093
5.813909
-1.6279148
-0.93323356
-4.2951922
-2.8746336
-1.9197146
3.0069542
-16.10012
8.166125
3.036786
9.70302
-0.64243954
1.360888
7.1815796
2.1558163
0.5697794
-3.4811187
13.933095
-1.6358976
-1.4387329
-14.04817
3.5366125
2.8083985
2.7141814
-3.5065725
-2.9568684
-0.20450273
3.6040318
-0.39596993
0.04118067
-4.3469663
-0.6678822
5.713852
1.8546288
6.534992
0.747504
4.3814363
-1.995697
8.114643
-2.2292671
-3.6427464
-4.130029
6.529037
-2.6948564
6.9781995
-9.217426
-1.1004813
2.6128771
3.6028376
6.807299
-5.0743957
5.150815
-4.0384936
-5.1747413
-1.8111671
-3.7207472
-7.3154087
7.389259
-4.76607
1.7404925
7.090412
-0.82544327
-5.4260464
0.021613061
0.06830408
1.668247
-3.3561356
3.7281375
7.461139
-2.6334438
5.4650517
-1.7018145
0.17203465
5.2166157
5.944773
-0.7638008
-3.4018295
-2.4320807
-0.51718736
-11.032128
1.0772837
-2.2852898
3.7483702
3.2184656
3.0693443
-3.3174613
-4.7150936
4.988812
-6.173709
4.469991
-1.9076345
-2.8363223
0.6506991
3.0884497
-3.4806128
2.446789
5.8681326
2.25958
-5.984439
-6.8197603
-1.2951502
-1.6171641
3.9070287
7.124797
1.2381408
-1.618929
-6.4357576
2.5901582
-0.8043556
2.4654765
0.857341
0.76097125
-5.787628
-7.7889233
-3.9625723
-2.747838
-6.066421
-0.011380527
0.32470968
2.9200282
-10.304811
-2.6206257
-5.0748425
-4.243083
0.45246503
15.966892
1.0623109
-1.942331
5.2101083
-1.3791857
1.8768448
1.820729
-0.62439865
2.876033
1.0257815
-3.1395628
-0.7884134
-1.0002421
8.9107065
-1.7083029
1.002135
4.1665792
-0.87589556
-0.60201085
-1.623814
-0.74151033
-2.1526773
1.4009826
7.835552
0.7731263
2.659684
2.4956858
6.0189476
3.6749086
-4.166744
-7.0334387
12.17738
-2.7374957
-0.34900805
1.4792836
-2.081471
-5.8227906
-0.044967033
-0.006263598
-0.7766778
6.159572
-6.9900894
-0.7904617
2.520608
0.05224836
-4.8599863
4.0661774
-2.3616865
-1.8264182
5.852636
2.4235735
0.9517438
-6.9491687
-1.5193412
0.10442326
-6.314412
-1.8191508
-0.45102933
9.623308
-0.13711926
-1.469032
3.1898046
-7.0532627
-2.1367948
-11.802472
4.387762
5.4463434
-2.0035844
-2.48441
2.778905
-6.832972
-0.052947443
-1.4567373
1.3763243
0.42191717
3.1559968
-2.6477609
0.018378727
3.612825
-2.2903645
1.6821012
-3.6400623
-2.087524
1.8102376
-0.38713893
-4.9772544
-6.4057465
-6.2848387
-3.560926
-5.531061
-1.2245913
3.4597824
9.098772
-0.3381722
-2.7340577
5.3538637
0.09837343
1.7545142
-4.1445713
1.9918345
6.1169477
-2.109118
6.6081843
-0.99263394
-10.943686
2.4163482
1.2521458
-9.666093
-7.0564437
1.1123449
0.43774378
3.7141788
0.6653243
-1.6039885
-7.7225924
-0.3731681
5.292824
-6.824673
-4.884395
0.10061506
1.6767436
-1.0161952
0.15562126
1.7909144
-6.613469
-12.755518
0.41661775
0.83110803
-0.9341894
-1.1549202
-3.5872865
2.581324
0.4557065
2.8819273
5.9898458
-7.05868
2.6704614
5.7358418
-2.0711145
-5.179851
-2.7226453
2.8557818
-12.470218
-5.5595155
-2.2350578
2.1726956
4.1317253
4.66072
0.61987245
-5.838443
8.996625
-0.43406618
0.57158273
0.809103
9.438096
1.9468657
2.1898851
-1.3120171
-6.1088886
-11.021672
0.2879724
3.1918855
0.25406834
-1.5585138
0.589499
-2.6877103
-2.080875
-3.9434845
-3.9542854
-0.9308732
5.9603944
-6.485949
5.6636996
5.17454
2.7529085
-3.6888318
1.8608476
-1.6820687
-1.7069795
-1.0716048
6.6238537
0.45860836
-1.7633525
7.4310527
5.828792
-4.3212442
4.0267515
-4.234155
-0.5010282
-3.269102
1.9902792
1.9148608
0.1756118
-1.2454497
-4.037434
-7.530462
-4.1827693
0.81790686
0.1412579
0.62607944
3.4070742
6.4031115
6.713812
-2.092728
-1.9945639
-3.5809267
-4.245444
2.809018
-0.11807135
2.6118333
0.15269512
1.2023375
-5.4178076
1.1410571
3.6645334
-4.8715234
4.3698187
0.5481504
-0.40835288
-2.0976999
0.8638698
-5.637968
0.123237066
-3.498045
-0.8673763
-3.2417572
3.2484696
-0.81103367
-2.0483866
4.766913
2.1988666
4.011039
-8.549052
-10.893494
-0.36662802
6.4476185
4.6454067
-2.8319662
-8.28222
-1.593804
0.37785488
7.3962107
6.932179
-3.692658
2.173362
3.0052552
4.0046835
-0.6499746
7.088535
-5.917463
-3.0428398
-0.06764143
6.3748813
1.013517
0.67120177
10.531926
4.9261656
-1.217269
3.8063436
-0.48731267
2.3914094
-2.2558017
1.6377004
-1.2196687
2.6746206
-0.4578851
-4.7515316
-3.7593307
3.5429373
3.4421387
-1.8587798
0.5835084
1.5046144
8.168289
0.17824021
-0.80896896
-0.9692207
-2.209233
0.41484085
4.5726676
-0.14013994
-2.917793
0.28287584
1.326971
-2.8850691
-0.7121678
11.318716
0.092543654
-5.4156275
-1.2702836
-2.770471
-2.5745173
3.0008123
-1.9713492
-2.9107413
0.10650093
-1.37445
-3.8888907
-5.562703
-0.5722964
1.2221515
5.873079
7.020528
3.9098024
1.2969855
8.139074
-5.520549
2.11682
2.2612002
0.58710074
4.972333
-5.266932
-5.336742
-6.73703
-0.11633134
4.53259
-1.886668
-7.372773
2.5110848
-2.0214558
-6.2268066
4.7858295
1.0840609
-0.44535664
-6.7413425
0.635902
-2.9016216
1.5275655
-4.212291
2.272124
-6.6730103
-5.178278
0.7421356
-6.329174
-3.483942
0.50423294
6.1807013
-1.2439901
3.2890654
-1.2381421
4.684984
-2.508601
3.452017
-1.5203065
-1.9826251
-5.1158648
4.224886
2.1318483
6.8190746
2.3454819
-1.1354382
-3.9880428
-4.7894073
-0.4529887
-3.2636676
0.68932194
1.2984356
-7.460154
-0.623974
1.1974093
-2.3788786
-1.1922076
-3.130952
0.13025151
2.4541256
-1.5545474
0.55597305
3.563674
-2.35527
2.9067075
1.071388
0.600983
-1.9609298
-0.9416269
-0.19828464
-1.8520038
-1.3851571
-4.477478
-2.2263527
0.2570234
-2.9073958
-4.4718895
0.07151059
-3.7369723
-1.9911244
-5.4527407
-1.9260104
-4.533984
7.415455
-0.5048748
-9.8096
-4.346234
0.017905708
-0.6676226
-3.6960037
1.5238011
5.890365
0.8332759
-6.447239
-7.8315377
-2.5700576
2.6021025
-2.998852
-2.2301764
-1.9248924
9.024513
-3.0161731
2.3247805
-2.4596338
-3.9333758
-4.7797704
3.9638178
-8.134834
2.5107563
-1.8095963
1.2574776
2.3541598
0.5400477
0.5875828
-6.888125
-2.264568
-9.009249
4.21764
2.5866168
-0.027476959
-6.1770554
-0.026070343
2.58578
-6.8653216
1.1466135
5.4373217
-1.0940483
-1.5175072
0.19088924
-0.2878427
5.509886
1.0805297
-3.6742783
-2.7464771
6.308341
-0.3986304
-5.5196724
3.2902875
0.01768481
1.729907
9.528839
4.1747594
-4.4869266
6.004461
5.92964
0.7970439
0.104765646
-4.5334277
3.9428618
-2.4777968
-6.32268
-9.684124
4.0901804
4.696717
7.6593447
0.56199795
-7.7852783
-0.15206008
0.10947741
-1.2948352
-4.9240656
11.054734
-1.8182693
-4.780984
1.6051538
-1.1627154
-7.3847647
0.6585483
-3.0002656
-0.0055555278
0.07151217
0.4038439
0.26062435
-0.8018314
2.3111625
1.7124424
-5.2967005
10.404409
-1.994105
-1.6354928
-13.481081
-4.118219
-2.749989
3.973182
1.1903907
4.3051867
6.1590986
4.493499
-1.3493924
5.6850266
-6.5334163
2.8303914
-2.6272664
-4.0461054
-0.91245884
0.5491116
6.261869
-6.770954
0.9193523
-8.153524
1.6127157
-1.0332036
-0.47264338
-4.716057
1.4540391
-7.645195
-6.2396617
-1.1511577
0.8710492
0.98432565
0.7683776
1.9486307
-8.454032
-4.959181
4.8982615
-3.6270742
-4.0859246
-0.42413494
-7.505225
-6.135827
-1.094547
-7.287975
3.2767637
2.7305176
6.7381763
11.168655
-4.408274
-3.091556
-6.349212
-7.692656
-2.8988142
0.48809552
-5.1209593
0.60563105
3.1052668
-5.438239
0.5049469
-0.53399664
-5.0101523
0.8437562
-12.927872
-0.74492234
-10.447553
1.3746679
-1.0749549
-3.8650613
3.2285876
3.0038009
0.038305778
-7.160831
0.80256975
-2.250958
-4.7877192
-0.73339194
1.7891501
-2.957892
-0.21761745
-8.891781
-2.8879654
-1.9927087
2.0513544
3.6742394
-4.7509546
6.1528373
-1.6231377
-7.3449454
0.22442557
7.5702415
-6.2972026
-0.121046014
-3.0504699
2.3174837
2.1931727
6.931842
-5.889084
4.880342
-4.1310983
10.568748
-1.8614751
-1.7721246
0.48582068
1.6190535
1.7633477
1.2737141
3.277589
-3.205793
-0.747567
-5.8775215
-1.7640154
1.7247348
-5.05285
-5.7627015
-1.6767006
1.9394559
-5.1436768
-1.6677607
-0.6162411
8.930668
-2.7435737
-0.569586
-3.1777582
-1.1712322
-1.4394703
3.9453735
-4.625
-2.7610946
4.7128797
6.9647965
0.7024066
-3.0033245
2.48624
3.0894175
-2.0998607
1.5761714
2.4979565
-1.9051435
4.665972
2.1085691
0.7582036
2.091193
5.0137324
-6.1633577
-9.145604
-1.3397807
7.882324
-0.56230664
0.35268337
-3.5878294
2.6140869
6.630151
6.035618
0.7100109
-0.22869053
1.0428057
4.2209415
-0.28492883
-2.1380143
-4.1603518
5.090252
-8.870436
-1.5197493
-5.543154
-1.5644233
-7.5449843
-2.4570076
-2.7624354
-2.4776976
9.284175
-14.136955
-0.8827657
3.8666778
-1.5253111
-5.053937
6.651972
1.1872078
1.4430829
11.926858
3.8382056
-0.8334522
2.4042087
-2.4461386
1.2561716
-0.6408385
-7.7197585
-1.7562993
7.2192807
4.0779
0.3313409
3.7718232
-7.162097
-4.762428
-12.702254
12.267045
2.0461063
-6.3808403
-3.1413317
-4.705028
-4.3869567
-2.4560013
5.6842604
0.2810284
-4.7533374
2.201163
-1.1352293
1.5574763
3.6745522
4.043015
0.25390038
4.4197044
0.89438456
-0.45278823
-1.6574576
-6.823275
-2.706658
-3.0025396
2.903113
1.1669427
0.39695755
1.7849245
5.7184343
-12.697572
8.294155
-0.54289854
-0.032275416
-2.308568
-5.7705154
-10.040214
0.5833948
10.675631
-0.64504564
-12.79624
-1.7584721
3.6015153
-11.07136
1.2564852
3.6877608
3.1312473
-15.16966
4.4584956
-4.035567
15.285378
1.1970801
-2.2011898
2.0212355
10.404895
-1.1645312
1.1271566
3.0886629
-8.214045
-8.991804
-4.5900674
-0.56472945
-4.93456
3.4983945
5.515124
-0.35478175
-3.1663
-6.763754
-3.3040543
-4.5773664
1.6513177
3.4067638
-2.1760151
0.9729343
2.2984319
2.363151
-5.494647
8.435037
-0.5573256
-1.6872079
2.123987
7.4671936
3.6490388
4.4666467
0.1432908
4.52964
0.38696918
7.8035836
-3.7879272
-1.9455012
2.8301094
-1.0086571
3.0044491
-1.1854634
-4.677485
-6.128409
4.9554176
2.158868
-0.43954182
-6.248073
2.2995138
2.7307005
1.1732069
2.6241627
-1.296671
-0.9159074
4.613186
-10.601434
-3.980011
-4.313964
13.150506
-0.6488176
-0.3584301
2.3794146
1.4000955
-3.9874566
0.21287969
5.084887
1.4166269
-2.4715948
-3.2394016
2.0063076
1.4375511
0.42925298
-2.751884
-6.5059514
-2.6078167
3.314633
0.9242551
-1.0435244
-2.3408968
0.57242364
3.5463421
8.24771
3.7811794
-1.2928722
-0.15960312
-2.3924098
-5.3524303
-14.713453
5.217542
1.4731568
5.508261
0.3690421
-6.3886595
2.3988345
1.5211685
-4.5826464
-2.2594943
8.02777
-5.402392
-2.0987816
-0.9406449
1.0660883
0.5619111
12.100988
-5.409586
10.822621
-8.162815
8.138172
2.8445008
-1.6728772
-0.5180668
3.6795652
2.6811552
-3.6295443
-1.4723036
-0.7785882
3.83827
-1.7091708
8.3021965
-1.0668159
-1.9477433
-2.5971859
-3.7127964
6.464319
1.3757374
0.4953136
-8.56525
-3.2313602
1.112793
-5.5674353
-3.648213
-3.5987544
-3.7605608
-0.03974631
-1.5291721
2.5063915
6.6230683
-1.5186198
1.767499
-4.256406
-7.4531054
-9.618388
5.9368443
-5.412215
-2.9014459
1.0037616
-0.7974605
-5.00419
5.766399
-1.2963246
-3.8925374
5.565661
4.555779
2.0599518
-1.8740025
0.5281473
2.209652
0.2782535
2.5497272
-0.9643709
-2.233066
-0.9558677
-3.3588111
9.47021
1.6441956
8.799118
-5.5848536
-1.3027394
1.851826
0.04508917
0.7953563
1.8319103
-3.1597214
-4.2127023
1.5285369
-0.21542177
1.8427483
-0.22393928
-3.8970761
-2.6576674
-0.15290964
0.7759835
-1.188867
-2.1560953
-0.7685928
6.1799917
2.6892872
1.0865151
-1.0808194
4.0897827
0.48017865
-1.0819509
-1.9162441
-4.974378
-1.00572
-2.9062202
-4.9258833
-4.4415092
-4.9559183
4.0794983
-6.4425244
0.5820363
1.5234536
-0.4373621
-2.5867236
4.3486753
-5.481796
-1.2952479
3.7157607
2.4263532
2.7071812
-3.287157
2.2373376
6.3130875
-5.220765
7.4715896
1.6899192
3.9096417
9.647058
-3.3912416
1.5090916
-0.19836801
-0.98763806
2.8254454
-2.3748257
2.9802525
2.2878985
-1.416397
4.2116585
-0.5567727
-2.393707
-7.3002048
-11.824876
-1.7329862
-5.2380404
2.024744
-3.8971016
1.8404093
3.4172177
6.6210704
-5.013565
5.695975
-9.098413
3.5391073
-2.3281124
-6.447994
0.824938
-2.3015015
-1.2721872
5.1054897
0.99720395
-1.1596276
-0.7744375
-2.1475718
-1.0885392
-13.00577
0.6611138
2.6228518
-4.5241513
3.9911323
-2.0604832
6.032534
-5.124574
-1.7976806
-2.6859424
-10.893916
-3.1163876
2.6142347
1.9855658
-1.7038895
-0.6178694
6.050244
-3.638888
7.836412
-3.5927763
-12.018151
-3.9034338
-0.67245525
2.871134
-3.3675623
5.486312
1.5020113
1.9930614
-0.46141893
-11.954755
-3.447953
1.234757
2.2439132
-2.551423
-7.589786
8.590398
4.8365583
-0.36582306
0.6204725
7.0522404
-4.236174
1.3305848
-3.7958608
0.70216215
-1.6524401
3.268013
2.670991
-0.5189372
-1.6393323
-3.9306073
-2.377773
-4.4587555
-2.8410497
-0.34287736
-2.0099933
-6.0284076
-8.190265
-4.0218863
-9.844318
-2.9935455
2.3320568
-2.4787836
0.7728258
2.7044525
-1.0770274
-4.428001
-3.649019
2.0139565
-5.1928554
-0.9100378
-0.7290875
-2.4103067
-0.108022936
0.6789736
4.7392306
4.8057103
0.6060467
-0.09604087
13.384305
7.17486
0.6593363
-4.606967
-6.192947
0.81693834
2.5090456
-3.8148072
-2.3360915
-3.1885493
-0.6201998
3.093936
-7.2803054
5.290602
5.8747644
-0.3083977
1.5771741
-5.4574533
7.090474
1.0965817
-3.0364099
-1.5741161
2.458436
-0.14280477
14.487231
-12.922743
2.5023155
0.6483272
-0.83269453
1.2102528
-5.149777
-0.7347357
0.59698087
-1.0797904
8.344779
-6.971819
12.765807
3.0246732
-0.10447376
4.482828
-13.980256
-5.0596633
-4.2291083
-3.0344381
-2.7644377
3.3234239
4.4151545
5.5051184
2.1651018
0.32615298
-3.2584162
1.7158786
3.2774734
0.24565874
-3.589504
2.9996402
1.7671214
-0.027673839
6.8775373
-1.3119165
8.885705
-8.478996
-3.1454532
-4.976137
-9.076855
-0.24482274
3.2436428
2.2635148
-0.21756904
4.748592
0.35208657
5.0811377
1.0746865
-0.3055373
0.07591009
-0.49531347
1.6873026
-9.478426
4.4231377
-0.27130994
-1.3508419
-4.26257
4.3479447
-6.509127
5.3262095
-7.168781
-0.5798059
-6.993586
-3.541939
2.356415
-6.1807017
0.61261034
-2.8889334
2.517642
-6.574973
0.86475265
-7.595109
15.041848
-2.686178
0.47930896
-0.35388157
3.436732
1.4199966
2.0937183
4.1070943
-3.3901014
-4.6465893
-1.344371
-2.1916637
2.434538
1.0154259
1.8011444
6.1572275
-2.0071907
5.9088745
-7.309974
-7.5896654
-2.865641
-5.0202694
-2.6454387
-4.6038146
2.8248332
0.8427835
-7.763727
-2.3150008
-3.277722
-5.106814
-1.2038512
10.935128
1.1933692
-1.4810761
1.5833597
0.31230283
3.1467395
3.25131
-3.8974044
-0.9054907
9.694639
-2.1868424
0.6195259
4.154542
1.1652244
-0.24009062
-5.6946526
-0.9646123
-4.843195
3.210849
2.2345667
3.1194477
-2.902978
-0.68778557
-0.58393997
-2.081974
-2.8630319
-4.7229185
-0.4761803
4.8768306
3.896791
2.3569427
0.45138443
3.9532838
3.6610951
-2.343756
-1.3206055
7.601308
0.22415318
-6.373339
-0.64667267
-1.7166456
6.1051927
0.24237412
1.6493564
0.24274714
-0.4642198
4.5025034
0.6553664
-8.33546
4.7603745
3.3179235
3.6752443
2.218012
1.6415176
4.668681
4.9777846
-0.27204075
1.6772399
-6.728496
-1.8626288
-1.9710616
7.6416936
-5.494478
7.3968606
-0.5403496
2.8487499
2.4786918
-0.90368056
3.6353679
-1.7264192
1.831718
-0.5534782
-3.8581932
-1.9223672
-2.3064463
-1.215421
10.717698
-9.360746
4.1473904
0.66413766
1.4487066
-1.3784763
1.1182653
-1.9500545
3.583315
1.3938426
2.0624282
0.062233232
3.4279585
-1.6390661
0.86037856
-7.7916994
-6.019381
-2.6112516
-2.9672081
2.4428701
4.0100603
1.7982854
0.48195106
-3.7864332
4.803835
9.271543
-0.18501577
-6.389143
7.196642
-0.67401886
-5.739926
1.7829632
6.2166777
-0.21106257
-1.0293603
-3.6991982
5.9373217
-4.075508
4.486151
-4.690946
-2.7747517
3.5627015
0.3549331
2.9275637
-4.105406
0.65274394
-5.329117
-0.30423313
-0.6416015
-5.733299
-7.778594
4.26123
3.5441124
0.7134076
0.64694494
2.1978304
0.12485695
-0.9155339
-2.7653773
-0.33400798
-1.2194778
-6.743123
-2.993234
1.7402519
-4.9537134
2.28961
2.2885683
-4.6960135
-1.2614974
0.9179284
2.776084
-1.1714541
-9.811162
4.0953083
-11.184429
-1.7802407
-7.1107736
-14.560263
-1.7633847
0.8224685
2.3804896
-3.4961472
-3.8343725
5.0207486
-7.757956
-6.992155
6.813753
5.280149
5.8684053
2.4748814
-0.2433158
-10.519085
-1.2260118
-7.1941247
-2.3280165
-4.767558
-1.8249342
-4.078696
0.30915388
-2.4210434
-1.6072329
0.21472515
-2.4893973
-8.229352
8.44718
4.259196
-1.1721693
0.09921089
2.8710058
1.0224482
2.3692431
-2.940541
4.3506002
12.6321335
5.379835
1.9801598
1.6847988
6.2304626
-6.8199077
1.6891272
-0.4368107
4.0956373
1.403298
3.4393642
8.968098
-4.3351126
4.4273343
-8.279792
-6.3009915
-11.698747
2.137613
0.047707684
6.4812603
0.19777629
2.2901793
-10.148491
-7.8272667
-0.46417278
0.15289336
-1.663043
8.2530985
1.8750702
6.362456
-1.5299965
0.47675812
7.205216
-6.190081
-1.8222455
-4.754776
0.77438366
-2.945631
-0.7541378
-0.72663957
-1.3240634
-4.013169
-3.1089585
4.4726357
-4.435084
1.4730324
7.5136485
3.0140944
-6.7427597
-9.852041
-0.030699583
-1.330497
6.147584
-7.206172
-2.0852664
0.61876905
8.096732
5.572374
-3.4123254
7.1794114
6.45987
-4.230126
5.0707865
6.363724
0.9858611
2.8631682
1.1340024
-0.26841307
-0.46527177
5.193378
-2.6040518
0.34276423
-13.409754
1.3046124
-1.1712848
-0.37299532
-8.5126705
-3.2202148
6.450223
5.010386
11.796033
-3.335696
-3.1208656
-3.076089
0.053038247
2.7236514
0.6968544
0.09370896
-2.1456747
0.7547406
6.3104167
-7.1764007
-9.203025
6.121672
2.0716898
-2.565963
-3.7776027
6.0351996
1.8795178
-6.512823
0.25753692
-1.6138468
5.0114694
-2.3744895
-5.151732
-1.5855488
-3.8999586
3.873554
-2.0264862
-11.486468
-0.043255303
3.6351793
-0.703619
2.4565046
-0.51227635
5.936062
6.122761
-3.2323422
1.7107455
-1.6201572
1.0252538
-2.5868282
-9.05667
-5.4196773
-5.165893
7.2616487
3.0991526
3.7025137
-1.8615782
2.5144384
-4.2613864
-3.6004953
1.4927266
-0.37655258
-2.8432508
-6.6304507
0.06251477
3.3858142
0.0045907754
-5.96069
6.761862
-0.64528537
-0.96145606
-4.6720314
1.7485267
-4.106532
0.99269885
3.1665566
-4.5190206
-1.590532
-1.1947877
1.211297
-3.1414227
-3.7404284
2.5895693
0.040992934
6.135145
-11.694271
-0.10362342
-2.3327265
3.0374558
0.23836797
0.108413786
3.4537907
-0.5782814
-4.992058
-3.314045
6.738115
-5.780025
0.10018219
-0.10743709
2.1079748
1.1071836
6.6111097
1.1616117
5.3668027
-3.271017
13.058227
1.8980455
-0.2888104
3.8835912
4.564425
0.49469665
1.1688398
3.5787163
-6.007413
0.22476073
2.0053198
-2.2251928
5.590324
0.720309
-4.939407
-4.592839
-1.0678043
5.994127
0.51522446
4.745872
2.41165
3.6395144
-0.037556786
-8.461226
-4.9330125
7.287809
2.5629282
0.40074283
4.498318
-0.70166296
-4.89194
-0.054897238
-1.4224967
-7.049312
0.4063179
-10.916604
1.3913435
-7.089251
0.8835139
-10.221069
-0.44954446
-0.5864861
0.52186346
7.295035
6.084301
4.750776
3.658832
3.8406007
-1.1577224
-5.2108026
-5.4167433
4.277648
5.3406234
0.12995708
-2.197418
-1.291522
-0.85475683
-5.1183968
-7.502959
-0.5244334
-7.42948
-5.5023475
-4.248432
-4.998453
-0.38452908
2.0286043
1.1255354
0.103784524
0.72089636
-3.9551706
-0.9986536
-3.9411752
-6.685923
-2.2081387
-5.9334044
5.1286864
0.26209685
1.8211162
3.683665
-1.0896236
-2.897039
1.9571946
2.5994968
1.0012177
1.2423732
9.358758
-4.003889
0.6277555
-2.2023804
-0.76522124
-2.3839126
-1.5696713
-5.6626415
6.7549214
1.347542
4.12561
-1.9204773
5.3101153
5.8535385
8.600463
1.3961886
-4.5934653
4.2674003
0.4337192
-0.76007694
-6.654285
5.3227134
2.7973096
0.70314324
-4.2307363
-4.8550367
-4.4374223
1.8721913
0.029541727
-2.0136101
-3.7575176
8.190118
14.022853
-10.460263
-6.8345995
-1.1217066
10.741948
10.005223
-2.927336
-11.373308
-1.1710929
1.8442047
1.9106737
5.693664
1.6792239
22.487259
-9.218503
-3.825439
-0.20120908
3.36806
-0.065897375
-1.5613419
-2.211577
-5.3261914
2.808812
-1.3770081
-1.7907495
-2.8361647
3.417377
-5.8896594
0.31720984
0.5357844
-6.4349456
-4.173296
-1.9148172
3.560202
-2.8986084
-1.1841917
10.430433
1.7416102
-0.9396559
1.1756232
-2.6094892
-10.056075
-0.32744944
-8.82906
-7.569854
-1.7970155
-3.3828976
11.000571
1.1900249
3.348997
-4.7260585
-3.0013523
-3.9159174
0.53797996
-13.972554
3.0501714
0.2666959
-2.6757019
1.225103
0.661636
0.55020034
-2.1633594
-2.3063643
2.0902126
-0.1406888
-0.019917991
4.477112
-6.154262
2.396584
3.6948946
-1.4480387
2.9764419
-11.751689
3.0222852
-0.9289657
-1.9927089
2.9749327
6.3429074
-0.29831958
1.2695806
1.1610583
0.46534753
1.7950038
-5.6894693
5.3074107
3.5857105
-4.4827614
0.08659102
4.8108463
-1.6604046
9.166225
0.6746987
0.38112924
-6.6943574
1.6726143
1.7592332
-0.60876614
1.4415947
-5.4761558
-2.413148
-0.1702927
-2.815839
-11.500221
3.6006424
2.455411
4.5140324
4.19726
3.5093262
-0.09645135
10.378503
3.6175125
-1.5783882
2.845987
-2.0076885
-1.1228207
-2.9080043
3.5590255
-5.558035
5.0701594
-8.478005
0.023756877
-1.6422914
1.6643791
11.100629
8.248639
8.003462
-0.6763476
-0.91144997
0.23000738
1.4994748
-1.4264665
1.5631309
4.519068
3.255704
-10.241226
-3.4613118
-2.5343652
-2.3617535
-10.968667
-2.6835039
1.558127
-5.6536236
-6.1868186
5.178925
6.5127234
-6.376017
7.671679
1.8596512
5.012524
1.9699817
-2.3888543
-3.389564
-10.807783
-6.772571
-3.8515697
-10.047381
0.64576584
-0.6139905
6.231252
-14.874889
-1.3247341
-6.6632476
-1.4245319
1.434802
-4.0235777
8.724901
-0.9115682
-2.377188
-16.92269
1.1165676
0.96396565
-0.7231876
1.7771426
-5.3787923
-0.93253005
-2.9228356
-0.050855547
-3.8199263
-0.23676772
1.0805956
10.927961
-11.021191
-2.5259738
-2.4377937
-0.080467194
2.7813787
-0.928898
9.465763
2.1433773
7.825925
0.38154992
1.8414301
-1.6365453
4.3643928
-1.8332694
5.115326
8.2975235
-12.404803
-1.5983393
-2.929947
-0.6297194
-7.324163
0.16302411
-5.6206965
8.192814
-2.8245249
3.5972877
-6.4035497
5.1241555
3.4472
-7.7938094
5.7662582
-0.43629932
2.3902953
-0.1219512
5.5560193
2.3618546
12.786743
2.1554866
-3.0702896
-9.854323
-1.0174223
7.199799
10.471964
1.0844613
0.3508061
-8.080064
11.495706
-5.64698
-3.5391064
-14.527335
-1.1559651
-1.1550244
-6.4198165
7.384653
0.8739295
0.771181
-8.95091
1.7080284
4.4568324
3.8341851
-4.340317
-0.027456058
-2.2197938
-1.4591879
-2.1762762
6.510719
1.4317838
1.8545557
8.616423
0.3601735
-2.5527277
-13.1931305
-1.9081807
1.1453602
-4.0747366
-3.716864
-4.228528
6.223937
7.6041965
-4.2277265
-3.9087534
-3.4619172
0.08137257
5.022145
-7.8188906
-5.619674
3.9573674
-1.0831039
-5.346003
2.2832344
6.577048
-5.1982074
-6.6553645
-1.7312167
-5.032058
-0.30951187
-2.071065
1.3566766
-4.261779
-8.845002
1.7726394
-0.06412768
0.09272914
-0.8050079
0.23797451
1.9829687
5.550531
-5.1544833
6.3397317
6.1689415
-0.015968418
-3.2017727
-2.0456927
5.0498424
-3.8835602
6.100376
8.301556
6.511349
-4.4898887
5.3749075
3.7324843
5.147127
0.77720135
2.215424
6.6245375
-10.253645
6.671431
-0.6939366
-6.343401
1.5350959
0.033175815
-4.314453
3.8550355
-11.807116
5.9346404
-0.40560558
-1.2248517
-7.807504
-3.3341875
2.5776317
-1.5119928
-0.41681597
-0.6073387
-0.012553158
-3.7607934
5.125636
-0.24033538
0.771067
-0.37922788
0.17311724
5.7351823
0.0944855
-0.43359357
2.0685804
-5.849928
2.3778207
-8.282868
0.34839287
1.1267047
3.7956567
-5.90336
0.8987816
1.9559518
-2.7669148
-3.1730764
-2.2847865
-1.5894275
-1.9498625
1.5862948
-5.6152782
1.0886672
-0.48663554
2.0689952
-6.4891295
-1.5539744
0.4782803
2.0356302
0.3770127
1.0197626
7.6309857
2.4613245
6.1962924
0.26551002
-1.6928445
-9.834774E-5
-0.8381112
1.4781185
5.6819816
5.7424293
1.0407025
-1.5921971
3.417665
-4.699541
-0.9390859
0.13406494
7.2152467
1.6193703
-5.175828
9.496489
-9.008796
-8.401318
-0.7606173
3.416551
-2.7083833
-1.0190382
-2.6992393
3.7665346
13.603059
-0.06020091
-5.182758
1.0957595
-1.1733922
-1.3936976
9.651178
8.501621
-0.1828105
-3.5712917
0.74095154
1.2454454
-0.114261724
-1.190431
-1.0630302
-1.9793147
0.94053185
2.6654568
4.171108
-0.30679438
1.8571255
1.4989218
4.64911
8.004805
-3.4588401
3.4837418
-3.5921342
-6.2145786
0.51276946
5.852178
0.4243194
-0.4471489
2.0331092
8.695256
-9.298752
11.316022
-5.176995
1.8618041
4.135631
-4.9730377
-0.44532967
1.8063618
-5.06682
-6.7193265
-7.1245403
-9.431404
-0.77583617
-0.7724452
-3.0448585
6.0838594
7.2136493
2.0762265
-6.2563567
-3.6329532
-10.918072
6.74765
-5.9151783
-3.1401718
-4.548733
-4.126687
-7.642661
-12.040753
-0.36468464
4.540264
6.8932366
-4.505404
4.51746
2.6743183
-4.2357664
-8.026163
5.21688
-2.7204695
0.10329289
0.036120713
6.0084085
-4.21286
2.4356084
3.6509051
-2.895785
-2.1284301
0.8702923
-3.014697
-4.28309
1.5285401
4.0642147
-0.2712933
0.5155823
-9.634215
2.627773
-0.53355885
7.2801886
5.1646566
-4.1456923
11.465105
4.1443796
7.670103
3.6948562
4.869649
-3.0388522
-2.7117524
-3.3051481
1.9343597
-0.0993242
1.0725782
8.250705
8.461584
-7.6655602
5.5356917
-0.87375844
2.4471922
-1.6826563
8.182597
0.22262684
1.9756293
1.237863
-2.0638695
-3.536978
-2.0916772
1.2022896
7.6299987
-1.5128313
-4.5414515
1.4889795
-4.504427
-2.899093
-2.9954605
7.071368
7.0043
4.067278
-10.19698
-6.1896152
13.875498
5.7498593
0.8128974
-8.638582
0.58066547
-0.03798194
1.8767095
1.0986364
-6.5584326
5.8325663
0.71249104
-11.443255
17.012268
3.920964
8.515473
2.945455
-5.856551
0.20254815
1.9413272
7.683826
1.292352
-8.852625
-4.9321113
1.432906
0.18992251
1.7518473
2.4124262
2.1911585
-4.316702
-2.7363684
-4.4579244
-4.433913
-2.7006223
1.4847361
-1.0602932
-2.432804
-4.534315
-4.139256
0.45458743
-4.2617106
4.1127534
-4.2870126
6.2858863
1.2080263
-1.6627322
-5.1680555
-3.4898343
6.9797215
1.7288893
0.8785671
1.6460223
0.31739256
-0.8988386
-1.7468913
-1.850968
9.387118
-1.6175029
7.117064
0.37194255
-6.8878794
-0.30029735
2.8306036
2.8374794
3.1961422
5.872635
0.9649518
-2.7183945
-1.8107477
-3.4155822
1.6032066
-1.3565625
-2.1187947
-2.6598747
-1.1125238
-1.0858214
10.605152
1.9527476
-2.0509772
-4.9142046
1.310993
-1.8068907
-0.81103176
-3.3627532
9.224287
-0.94244134
8.202378
-2.6692703
0.43839782
9.728189
0.13117509
-1.4431525
6.6221967
-2.6585014
3.3184836
-1.220871
-2.7035835
0.86294615
-4.3226633
-1.7517247
-7.5185795
-0.2148359
-1.4613363
0.81075484
0.5329305
1.564738
-3.3253992
-1.7746608
-0.3165481
0.21891938
-1.2666658
5.81025
-7.44345
-4.1000614
5.217645
1.7198467
0.12474155
-7.3663926
2.849648
3.2495463
-3.203648
4.6593328
-0.9536864
0.29724208
3.1854222
-9.862565
-0.4503262
0.6967656
-1.7539887
-3.0998862
-10.328989
1.1998276
-1.9460505
1.497545
0.23606294
-6.647976
-8.089758
-8.713328
2.795814
-0.23532116
4.9253044
8.591152
-5.786781
5.564296
0.4500866
-11.438313
-1.4769064
3.4644072
0.9019813
2.1069136
5.1043983
-1.9040053
3.614472
-0.37228537
-6.848188
-10.6614895
-1.2734805
-3.6836066
-6.383902
-2.2229424
2.608286
-9.295406
3.2444544
5.649421
-4.6132607
-3.5755463
-2.6556635
-4.9769397
1.244491
4.755413
1.0735148
5.805535
0.07761026
5.723302
2.2298224
2.8053153
-1.8852043
2.847827
3.456252
-3.385301
-5.7240124
4.2198377
7.2558956
-5.3698907
-7.553294
5.7539725
-4.9910274
-7.727142
0.20401073
-0.59458864
3.9609776
-2.7387502
-4.05693
-3.197477
13.722079
-0.63580173
-1.7694507
-1.0300812
1.1798992
1.2966753
10.07911
3.7228248
-2.2200058
0.53427273
-2.9498658
1.0834419
4.0634184
0.7899908
-0.46736485
2.3503082
-0.8908538
-2.3314292
2.2681417
-0.061152052
-2.6710598
1.5522053
2.526423
-0.21657759
-3.8810468
-2.3020306
-2.3160412
2.5651412
3.298769
0.35950038
-1.9369179
-0.8234957
-1.4216831
-1.5325489
-1.5523142
-1.9776114
2.055927
-1.9946066
0.5487824
-2.2570736
1.3819792
-1.9078803
-2.529226
-0.5437416
2.3118975
-1.8431371
0.8799401
-0.76296943
-3.7076619
-0.3791421
0.79245645
-1.6753212
2.3668206
2.0542054
-4.5469646
3.165464
-1.866033
-0.59333277
4.608839
-1.6145867
0.66067386
-1.0660726
-4.637303
-2.5058448
-0.2005071
-6.0937133
0.38308084
3.2567077
0.88152957
4.5831585
1.8008215
0.74397665
-1.0264238
-1.2298838
1.028004
-2.5392814
-2.627628
-1.7677798
3.9846907
-0.76728845
-3.8790078
-2.270793
-2.2613215
0.19639024
-2.76657
-1.616372
-0.078897715
4.920762
-2.5987558
-2.6054697
2.3294744
-2.4169817
-0.42359313
-2.3826396
-0.3260204
-1.253985
2.8560514
-2.2380948
-4.185999
-3.8311317
0.8747081
3.736382
1.6652925
-3.8685853
0.71855915
-1.3338479
0.73023885
-3.1575818
-1.1054097
-0.8542429
-1.7034004
-2.8699791
3.0998988
-1.6246011
-2.3211417
-2.0305305
-1.8188702
-1.4361358
-3.5718813
3.3113587
-3.6531398
-2.9878433
5.231241
-2.7614217
0.5734447
1.8438379
3.850688
-1.6966114
-4.690118
-1.7483939
-1.9527012
-1.7082523
-1.7034636
-2.4522462
1.6378123
0.791229
-4.488336
-2.8299127
-2.1399837
0.8170024
-0.18937428
-2.0247264
4.944855
0.22759251
-3.7686803
-1.157419
1.2409531
-3.0223854
2.8715985
-0.7335611
1.3562003
-1.2583678
-2.2695615
2.1642308
-3.1023161
1.976213
-2.9304082
-2.3763142
-2.4628575
-3.997238
-1.9006577
-1.5947795
-3.9095244
-0.37029397
-2.0314083
-4.4557085
-1.4864869
-1.0157119
-1.6753198
3.2940834
3.223426
-3.612765
1.6561086
1.9974241
-4.852023
4.0529137
-0.47276577
-1.3627707
-2.5347047
-2.611776
-1.1982491
-1.4013371
0.59970164
2.30625
-1.9563904
-3.248956
0.010082742
0.6687479
-1.7243398
3.2744098
2.4820697
-1.4930612
-0.6190941
-1.9505955
0.43713328
-1.9203931
-1.6871287
2.179133
-3.1255136
-2.3857732
-1.2395725
-2.6652672
-3.4076002
-3.0473144
-1.6888541
-2.3461664
-1.877881
2.483575
2.0550253
3.2408836
-5.4239473
-1.8022734
-2.129634
3.778804
-0.52266663
-4.704885
-0.69538915
-2.8755834
-0.5200868
-2.4789433
-2.2512724
1.4654328
-0.26760164
5.167466
-6.665296
2.8497865
-0.9205865
-1.8577452
-1.4167984
0.560973
2.4103718
-1.0672913
0.2662717
-2.6109734
-3.567097
1.5667548
-0.30311215
2.1773577
-2.8074305
-4.4734073
-2.6400402
0.46246886
3.1809354
1.8278852
1.5726784
-1.2705163
-2.1718123
-0.90182763
-2.1547997
-2.2258964
0.2475379
1.0277262
-2.8355455
3.7837272
-0.026551541
-4.4477777
4.1462708
-1.4566709
-1.0211074
-2.142358
-3.3068674
0.9290554
4.387345
-0.8607445
-3.4027796
-2.2241497
-1.021003
-0.2913793
1.5082287
-2.034587
2.0224676
2.520425
-2.2649016
4.2749295
-3.285451
-1.0051404
-3.2138913
-0.8348908
0.7964747
-0.52657336
2.9956264
-3.6673796
-4.077008
-2.6682305
3.4708455
1.5168216
-2.780046
1.7743499
-2.1099756
-3.9717147
-1.674227
-1.4111489
-2.7685316
-1.824191
-1.3541577
-3.6876867
-4.058619
-4.029833
-1.6432309
0.1465245
0.5111185
-1.5585573
-0.028707694
-1.1017691
0.5236955
-2.8308942
-2.2145472
1.9558163
0.10985081
-2.5037968
4.1673656
1.5653558
0.10179582
-3.6097627
-2.9441261
-2.9255242
-0.4891008
-2.2654645
-2.7841868
2.6934998
-1.6249117
-2.44595
-1.4915019
-2.065131
-1.28385
-3.4396343
0.73336446
-3.3281887
2.0395815
-3.3475583
2.2397346
-5.170187
4.7409143
