0.0
0.0
18
4
36
27
18
9
9
-1698.9048
993.88824
-414.1325
2030.4083
-335.5876
1935.0167
562.23303
891.155
212.38142
-2014.4939
-3837.0725
1929.9633
-28.070131
107.452805
41.545742
-3.7621024
-1248.1403
-3709.8042
94.18225
883.1946
192.54549
328.08255
360.5565
1193.2662
11759.8955
-1301.7345
249.86603
-6078.582
-141.41924
263.7468
-1270.3961
-3506.0352
3441.1125
-5122.2446
-2253.173
654.652
-1485.6003
3636.6294
55.077972
425.28033
-353.91837
1255.5121
-2080.2449
-268.84567
14.429751
-697.1674
1962.1917
-2111.2273
29.779125
18.64953
96.06698
-201.75157
-592.18054
2901.8992
220.52133
-12715.217
30.211792
136.51926
4071.0557
1929.3297
875.0916
-1808.4031
23.74497
2340.803
-139.59914
1129.6921
7006.76
-1727.4965
-254.10245
-1515.1782
453.36475
118.2516
-3218.7385
13536.02
74.38621
-6385.8247
-8682.599
-6163.0547
-5086.9126
-4182.9673
270.69122
-4407.425
12446.441
-6545.0146
173.26103
53.6861
-3696.4287
-885.5138
-31.744831
-8062.5576
74.80183
12216.86
-8310.912
343.62582
7629.943
-8565.102
5980.4995
-5610.531
-11.221784
7532.3486
-461.68304
1382.0558
-9070.967
-5076.783
6849.745
9209.76
-1238.8389
-71.21527
-1923.4218
6679.623
93.25131
-2362.0522
-7532.725
-4519.764
-2147.0918
-3049.7341
334.52286
-2206.0383
7383.492
-8397.654
434.6165
70.31414
-4279.677
-773.71277
-542.43054
-5237.267
123.32124
12219.887
-6339.403
371.7318
9948.297
-5636.711
3711.7559
-3227.2788
107.80489
5620.3
195.57051
429.28485
-7392.797
-3545.3455
3415.1833
2882.034
369.94107
244.64615
1399.603
1810.6487
-582.8788
5486.934
4246.411
5169.9136
3495.249
-1484.7761
411.51028
-515.40906
-7418.141
-1816.2985
309.4212
123.35895
1609.3574
713.9006
493.53436
331.07462
61.759186
-4262.0107
3752.9011
222.02042
6710.29
2825.3618
-3871.8203
-161.21689
148.48668
-5978.7344
-284.48468
110.138336
1552.7529
795.7027
-2532.939
-6885.383
-356.73514
444.29022
-381.84067
2816.2217
-143.0573
398.46265
-2625.4043
-3381.1643
-5.3686056
492.69507
166.01263
-847.2078
-257.1631
1312.8572
324.67477
46.679035
-517.89417
158.64911
-1403.3208
-1172.1482
123.387726
109.09497
268.2144
79.61676
-1863.8411
-1955.2358
-7839.4507
-3062.6997
79.69762
3398.761
-572.1689
69.48141
699.45483
-27.597029
3796.529
-7228.0674
-968.1674
389.9176
-821.593
-1729.7175
-590.079
1923.7098
1025.4744
-2734.653
961.47595
1844.4462
252.50781
-2278.0186
4905.074
1987.8705
107.9919
95.35896
151.75385
-140.90623
-392.57166
-1410.9462
44.20097
-1898.5332
-2500.6934
163.44041
-1207.1044
-326.74295
9587.655
-2511.6223
140.75969
1193.3623
-76.524925
1492.3871
3178.9663
-855.1011
1940.4607
-3067.4846
-1971.0516
238.13637
-563.6601
2156.698
-412.50397
-2831.5068
-370.8676
-1318.3047
57.728035
-1558.9453
12.269513
1720.5648
1519.8347
108.18588
-128.41228
33.58874
-70.99797
-183.69237
-318.2146
-5451.6025
162.01802
-1756.1447
-82.96965
49.573265
267.59766
2134.1113
-1635.794
-4281.772
178.89337
-10052.849
219.97046
807.8274
-567.9214
-2473.3433
-5974.7095
-3836.8455
-2084.1433
216.91727
-312.94687
82.57318
-420.65485
860.0201
412.92642
3495.4893
782.1447
1231.1914
167.5164
-635.6665
-6006.7393
642.17487
603.52045
70.45391
783.16644
366.34174
-633.671
-3363.459
119.13336
1488.1486
3941.211
55.6316
-16550.787
4372.684
-2475.3572
-716.0274
141.6882
-127.525085
-184.48381
-235.123
5992.89
-1202.2031
-6776.2573
7189.1187
-2147.3386
238.19661
-213.42586
486.16446
-104.23715
1714.138
-1894.2366
-8635.464
-614.7095
-2072.2456
67.55115
-898.3339
5381.8115
-1573.4827
41.834324
75.44977
-1056.7489
-321.08408
-1233.5198
-4807.1514
94.46349
856.6959
-153.55098
372.218
1064.0343
-4298.578
4083.456
-3367.571
30.518265
1081.7971
-189.94609
614.9585
-6385.699
-4857.7803
-245.23761
4880.492
-2919.1738
-60.36631
-1222.7976
-2336.4543
-250.16914
1171.0934
-2524.518
-1448.3539
671.0451
-3393.7363
289.39288
-93.66429
7559.287
-183.70596
567.5305
122.736916
1426.0186
-13.57997
-452.13135
2911.7488
42.498383
-2494.1946
-1195.3683
71.42895
3865.781
1607.3793
-9782.794
-2748.4116
77.89031
-2356.666
-523.1209
465.82492
-6383.542
235.31659
1768.3356
-3027.947
1233.9296
413.49915
-1541.7832
4085.214
-586.4162
4495.839
-2134.1082
-1450.2302
213.00986
2921.5447
224.89285
-241.05676
-4773.658
2454.5986
326.68912
110.119965
377.64224
66.192276
-319.1703
105.22647
61.790512
693.95306
883.344
104.42388
3903.008
842.563
3668.1667
2912.1768
112.02705
-5036.532
-364.06738
847.03
5518.8867
-1602.1417
54.75476
1451.6901
-2781.5664
181.31421
-2306.908
3210.8843
-324.8254
-1118.399
-978.82306
4532.617
1304.1151
2873.7844
326.5152
376.48907
3101.223
2453.4148
270.79626
75.97532
683.91705
313.07523
-657.75586
2685.3416
63.970646
-2906.3228
2070.3743
258.4596
2888.565
-1319.9136
-3699.5916
1232.7283
92.58046
-1478.5865
-304.04898
700.5383
5921.0986
-2077.7961
-858.71783
1440.4558
-152.36482
27.39928
-214.82103
686.5429
-507.6283
3333.6929
465.42023
58.87715
1264.545
870.6086
377.6761
-1917.3307
1587.1763
1204.0118
321.33966
-32.16748
1012.4458
-126.945404
-807.27
-2876.0222
180.75153
3479.1914
650.3203
181.77739
-6021.2544
-102.67851
6714.801
505.75818
288.61566
-2419.0564
-162.97806
380.63617
691.9687
-832.3905
1433.5623
-1620.9694
-661.584
338.3927
-383.47784
1420.1586
-345.65356
1013.4594
-1114.4431
-6038.732
-794.63684
-477.94708
111.0283
-200.92444
-1572.5961
-2884.9553
435.9989
76.79774
240.5751
294.60767
-241.23709
-2232.8745
256.56073
-3937.4233
836.745
110.52247
1921.4001
1021.07556
-1999.924
1225.6069
73.75612
-6079.6772
-462.61218
689.34186
-1958.1216
-2366.0073
605.10034
-5010.874
-1289.7382
353.05914
-1265.783
832.34973
-231.72606
1258.3679
1700.5981
4497.7246
-462.6916
-980.47614
334.98138
-2530.8918
672.6373
-2259.904
508.88293
74.77116
91.55658
236.57051
-568.3415
-384.9818
41.427097
-677.1443
1177.3335
494.74667
-1281.0077
-3754.2158
3325.3003
-3660.2566
219.56909
1333.2646
-395.7109
-278.07935
-3117.2034
-3317.966
89.47088
-2736.3352
-425.79883
556.7521
257.1251
-1227.3307
-408.251
4685.617
-289.36072
8398.829
379.7861
2874.0293
209.69461
-2026.9569
-5439.365
3061.813
732.6529
96.28534
1571.9607
466.70255
-436.41632
-943.2698
44.93039
-6560.886
3599.6284
194.34338
-4160.7637
-801.7575
-4618.599
2071.454
76.79528
-778.87103
-589.18835
576.37134
6014.7407
-3772.8774
-3168.5894
-10504.115
-2080.6868
155.48694
-327.57184
781.9203
-616.0946
-521.2551
444.9723
1403.5303
710.0441
-1076.1737
143.147
2350.574
971.6344
455.58636
-103.53415
82.19075
-845.6008
-447.96527
-421.52765
-3312.594
14.105406
-3528.0056
622.0181
85.497505
7241.415
-2453.7412
-786.4431
-814.14124
72.45152
-1221.3236
-194.56273
265.30423
-1304.1646
-2150.5193
-1729.9136
3661.7222
371.38437
274.14917
-0.7852393
-1.8673853
6.920003
-0.12751247
-9.256855
17.777466
-1.5546279
-12.371334
-12.601269
-1.156972
-8.05239
5.2728705
9.350775
-2.0571811
1.1546283
12.472201
-3.0418808
-2.3469813
1.4253075
-2.096155
3.6821768
-1.93035
9.982899
3.4447958
-4.274308
5.697296
-1.9671239
1.2314491
-2.007562
0.34929472
-2.334573
10.326985
-1.3265757E-4
-4.175537
30.131021
51.721317
1.1528981
45.659126
-7.6410327
-147.10002
-1.3687054
9.472547
0.61302716
-0.09789531
-1.5923437
-3.8660603
-0.26904142
0.46083382
-3.2550738
3.2774777
-4.5583367
1.104257
-6.7736664
-3.681401
-0.35540587
-2.090124
2.722678
-2.8411667
-3.4063537
13.449974
-1.904682
-1.5659542
-8.062608
1.0765395
-2.1169286
4.5566316
-0.07751987
-0.8681787
-0.70120543
30.94025
-7.3827505
-0.5957538
-7.7238035
6.7565675
-0.20281136
-2.0895567
9.184528
-2.2657928
-14.786929
2.7453566
-0.6165125
-9.783558
-1.8005017
-1.4744506
-4.5749288
5.514213
32.161983
-0.6566726
-9.277287
0.4188509
-0.1501391
1.1480689
3.9733503
50.264862
-3.229475
1.3091395
40.856834
-8.278404
-1.2387134
-7.547239
-2.2411077
-3.7069857
-0.5741002
10.8439045
-0.64456844
12.845995
7.3045955
1.3709929
-6.0172963
-2.9080205
3.7070599
-1.0497293
-11.362509
14.642612
-2.8098614
-1.4893546
-27.188356
-2.0728433
-14.423393
0.7200511
46.522957
-1.1842033
-2.6400468
-23.13459
-2.681782
-2.8375053
0.04996593
1.7787699
0.18124191
-2.1626623
8.416601
4.27425
24.815044
3.8148866
4.05447
-1.5466874
-1.682251
2.9818635
-0.88445276
1.5659324
0.6602392
0.41061673
10.242122
2.259471
-2.9887125
-19.123178
-0.60774016
54.460663
-3.438499
-4.424575
-6.7593517
-5.117648
-6.0389285
14.470575
2.9248075
3.2756467
-2.847312
16.131624
6.106735
1.4732566
4.5202255
2.304745
-3.6865888
-2.3528664
-2.7339694
-1.9053409
-1.7360846
20.741081
-4.109688
7.1704984
6.1967735
-0.19067006
0.5723405
1.2469529
-3.4969435
-0.54405475
-8.59776
24.767414
-1.0056978
0.61797327
-0.6746969
1.8949578
2.4791517
0.6561931
13.026774
-0.69306767
-0.46030474
-3.7140944
-1.0412225
-2.5606596
-2.180558
-2.401716
-2.6375117
-7.579636
-3.9348605
-2.846171
-15.782955
-37.195953
1.257258
-13.899672
-0.45400468
-17.140703
-1.946379
5.4372034
-0.706182
-0.15934359
-6.1218486
5.3200927
1.1337214
-1.0372704
-1.8482215
7.9163365
0.579553
5.315472
6.8212185
3.9361072
-4.3789897
-1.7796731
4.1469727
-2.2554505
29.666128
6.3875976
0.19705667
17.06838
19.92696
-1.1019064
23.490414
-9.570862
-48.40148
-5.7465672
11.447789
-62.274757
-1.7194338
-3.3454576
10.161684
2.0571818
0.99123144
-0.8592047
-2.847032
2.9175332
31.57077
-5.6983624
2.686227
-6.939417
-2.373518
-0.03417092
-3.6450458
-15.477488
15.887868
-2.666444
3.135012
-5.9912558
-0.30147263
-36.07535
4.947189
-3.978444
-2.2446918
-2.5161695
24.397362
-9.088717
-4.9282236
-5.182778
1.7370499
-1.1139966
-2.2046053
15.637618
-2.3497562
-31.029808
-1.6738287
1.2090831
-5.52747
0.9510714
7.9920506
-0.1848099
10.264332
6.690566
0.7325431
11.172474
15.835272
-2.2594614
32.52247
-7.5374203
-49.94296
-2.877255
9.784462
-19.279434
0.42161942
-2.7827682
15.556699
3.2634437
5.738244
-0.4542489
-0.2240758
6.9540725
4.859031
-5.524466
4.1758165
-4.435351
-0.83538514
2.1726441
-3.088277
-14.710261
-3.2100437
-7.168725
6.7540336
-11.0803385
-1.2770158
-9.839149
-3.6023068
7.6230946
-0.36352062
-5.112811
23.995155
-3.6786866
-0.106769584
3.795915
3.0864236
6.347336
0.68763775
15.613505
-0.56020206
-5.54008
-3.2324305
2.099203
-3.5014083
-0.4541938
7.0368137
-0.15034617
0.25071743
14.120078
1.6105688
18.80507
20.733036
-1.7823427
27.013948
-4.802617
-48.416092
-1.5183591
10.387935
-46.840313
1.8644637
-1.5599557
7.7478185
2.08006
2.0914278
-2.2384634
7.272831
4.78777
25.239899
-5.392757
1.1705551
-3.589233
-1.6795671
4.3453026
-2.3578389
8.634727
8.825087
-2.3125832
17.287794
17.897474
-2.62363
25.694906
-4.8108377
-49.654694
-3.3129332
11.942651
-24.573814
-2.7624764
-1.4540035
8.533412
2.4169345
5.1149225
-1.4518619
9.455629
4.2842836
26.419487
-5.1177425
2.217111
-0.7603185
1.9997811
1.9348235
0.90554035
3.1419806
2.3229218
-0.3744968
0.29183865
6.378712
-0.36472172
-0.67185545
-10.332386
6.7602386
-1.9276326
-8.38394
-9.266126
0.14937674
0.31959102
25.333172
2.442533
5.189762
-1.6344553
3.9903147
0.25275955
16.472265
1.014694
2.4113922
-0.7325165
-2.3696334
-4.1236286
-3.2351036
-1.4586048
3.7064512
-1.1957909
-1.2669481
-2.58977
1.0990205
-2.5815573
2.6005857
0.7958952
-0.91925067
-1.564307
2.8822176
-6.599171
0.022174196
-2.8332782
2.2505283
-4.3139324
-1.1327174
-1.6058643
-1.9786985
-4.9574227
0.659515
-1.7196164
-0.30110955
0.6107841
4.0223083
0.23055367
9.7017145
-3.8845885
-0.6581009
0.42617595
-4.0844917
0.8804352
-0.75042826
0.6418641
3.7233744
-1.9865268
-2.985257
-45.865334
0.31861493
-0.45304212
10.670019
1.2372953
2.9311395
-1.6082432
-12.283787
0.69860315
9.853548
2.4019353
0.3874
-3.740855
-4.310807
3.448023
-0.3480326
-1.594595
10.465676
-2.5742218
-1.748482
-15.5447
0.99919856
-8.341461
-0.41336885
55.65638
-4.816477
-13.3430605
10.307527
-2.73477
-2.706776
4.1191115
-0.114398524
4.919597
-1.1217762
4.955247
2.0272896
-12.626637
-1.4157324
1.3602136
-3.9247572
-3.060673
-1.957541
-2.193412
-4.34687
22.496567
-3.902169
17.154907
10.288458
-1.9396181
24.518822
-5.777495
-48.61429
-2.8664215
10.291905
-9.188738
-2.8767729
-0.13960445
9.517273
2.8365242
0.9115414
0.512457
20.014565
3.585397
16.43074
-6.839957
-0.9464141
3.888713
-0.153853
2.0891547
0.4666896
9.728053
-1.190505
-1.1192116
18.155329
14.961712
-1.5556284
41.375134
-11.191816
-49.39083
-1.0744011
15.983171
1.6110787
-0.20988236
0.14716642
22.542648
-2.07326
0.2841382
-0.24747817
1.4600859
2.8512583
14.85244
-5.7218957
1.2293409
0.1173611
-3.1168067
4.4738874
1.5165195
-11.777195
27.015049
0.6928992
5.372073
-1.7281915
-2.6469288
17.024122
4.1669364
17.344286
0.4007537
-9.803159
10.776582
-0.057662338
-6.4993267
-1.7088708
3.1729858
-6.545757
-1.7126641
9.107531
-0.48866645
15.79996
-1.8012831
-2.4155717
-2.6521387
-2.4149804
1.7350445
-2.1048808
3.9969637
-2.9331121
-3.1691658
18.219524
16.283966
-2.985393
25.434631
-4.7794447
-49.33033
-3.375191
11.294822
-15.061249
-2.3645372
-2.5006266
18.542536
3.5803833
-0.08628576
-1.591571
4.1272025
2.9699101
16.56754
-5.5393424
4.585926
3.4331162
0.45091218
5.312854
-0.9162246
15.39869
-9.737532
2.0303056
-3.8381286
28.116787
-2.529126
15.792116
2.9157495
-89.538185
-2.4483519
10.933466
-15.181494
1.5744896
-2.1394367
30.573866
2.1837192
5.23764
-0.3070165
-1.4009156
2.3887613
9.130862
-7.455264
1.7389158
-7.7123785
-1.3244838
-2.0232966
-4.5513024
-1.0141716
11.9859295
-6.474051
-5.099568
19.50122
0.35989073
-29.605827
3.7992432
10.068525
-3.5223536
-7.951112
-0.09376049
-8.670745
-1.305627
-19.142351
2.0904365
3.397555
0.11281176
6.9404006
-3.7440333
-25.701973
1.8454657
1.6716163
2.6921988
2.9482963
7.732551
0.7549038
14.786504
-11.053153
1.790307
13.678345
5.8938656
-0.016621452
30.403057
-8.6070795
-119.62246
-2.5874968
8.78032
-22.816975
-1.8142028
-1.8908246
15.46476
2.7263734
5.074105
-2.7420745
2.6580763
4.41725
13.26557
-10.467011
1.2921379
1.4200832
-2.9552162
0.33385202
-0.674755
-12.210754
12.6148
-1.9637545
0.14565039
-13.180715
-0.678698
-19.717268
0.21432061
28.83999
-1.2043285
-5.141227
-6.067827
0.9446215
-4.3387175
-2.0101013
-4.0713615
0.07552741
2.3314157
20.73842
0.004326417
-7.7672358
5.511015
-2.6848445
-3.8693504
-1.9842293
1.4477246
-2.2248297
4.7649016
-0.43565083
-0.6356101
18.517805
12.984089
-1.6536644
27.081434
-6.0481873
-48.898064
-2.6571383
12.056238
-25.963417
-3.515624
-1.3352404
8.674663
-0.08648217
1.7086177
0.10280615
17.367594
3.9140096
26.808662
-5.6814346
3.7640545
0.22561693
3.4537926
3.3587477
0.7049887
0.36458644
2.3533561
-1.1157551
34.329403
42.981915
1.0820248
27.374508
-9.534637
-90.476105
-4.1766143
14.744216
-32.58308
-1.1181238
-1.5912718
10.587107
3.6323638
4.053302
-0.82189405
-4.5857244
5.8836207
19.482079
-9.477774
2.9550223
-1.1945014
-0.8138076
4.422689
-0.38886333
2.1610053
13.097273
-0.60997075
-0.46117693
-5.3084354
1.098802
-4.440027
1.5680395
0.74406713
-1.7342674
-0.39040092
16.37134
1.2271161
-2.6546664
-15.461223
-0.99577403
4.6676793
-3.334299
-1.4971596
-0.20304105
1.0925484
0.7774318
3.0059478
-5.4413633
-1.1671841
-1.2735665
-0.31806898
14.091117
10.058836
-3.1467652
12.019032
13.371107
-1.478371
27.102716
-8.250952
-42.898537
1.3275859
10.769291
-1.1977084
-1.2300017
-2.657014
-14.755582
-1.1746991
4.4765863
-0.96069187
4.3470044
-0.98735607
-8.144707
-0.7040115
4.1121564
-10.965248
-2.1095004
3.9249692
-2.8190582
-6.115727
-1.2021819
0.3802432
-11.986696
-0.6870785
1.1398679
-49.77689
-7.0263667
62.71752
0.22333707
1.6569256
7.3681498
-0.2405848
-3.22481
-1.3067633
5.349043
5.5349226
-2.187183
6.5451827
0.33943108
13.573495
3.5549867
-0.52035934
-8.10728
-3.0159318
1.0369672
-2.739524
-11.005747
28.030571
-0.27839452
8.601542
-13.496343
-1.3145735
-18.812138
3.9618537
42.11688
-0.83269405
-2.252119
2.430685
-7.2747693
-1.4098499
-6.9773517
3.2198906
-4.517827
-3.6735377
9.805006
0.8666168
-2.763947
6.142244
-0.010218408
-3.9077425
-5.990412
-2.9529488
-0.84111226
-1.3906426
30.05951
-5.218084
16.3709
9.356774
0.40471706
21.227343
9.698371
-40.62684
-4.8920894
17.904953
-10.224443
-3.951035
-1.4680363
-0.65009403
4.029709
-0.3459905
-2.2704773
14.697344
2.6340873
-1.114697
-6.312468
-0.24034004
-10.09122
0.31268895
5.2431126
1.8209333
7.8215494
-4.693122
-1.360364
12.106386
42.45387
-1.38479
28.379347
-9.2225485
-45.07556
-2.8514893
9.989035
-29.306618
-4.4369082
-1.5485065
8.376356
3.2878568
3.3463712
-2.9329586
-9.780756
2.99843
14.323977
-3.3508272
2.8698046
-2.9969828
-2.464506
9.099768
-0.84206903
-1.8543962
-6.951312
0.80108565
12.1065035
15.354387
-2.9507074
23.557405
1.4384354
-48.33747
-3.5945423
-0.27198917
-39.10361
-0.68816006
-2.2937331
13.177023
3.0985155
5.92405
-0.8669859
9.940187
4.1882095
13.09778
-4.206671
1.5704473
-4.9931087
-2.7563655
11.003947
-0.12926944
17.485897
7.7360563
-0.087675974
17.178562
15.281052
-0.8228251
23.927355
-5.09399
-49.070503
-6.3201838
12.352894
-39.99745
1.4709692
-4.145769
8.172287
3.5818417
7.176436
-3.7365725
3.197312
3.0660384
23.58188
-6.143674
-0.34967393
0.49041763
-0.5792365
-0.68759006
-0.51985794
0.3375673
-0.648256
1.2181506
-0.19197859
-0.6227875
0.84841317
-0.2678736
0.80599385
0.6563767
0.6906951
0.32653973
-0.146311
-0.57868063
-1.2300525
-1.0218995
-0.5000884
-0.6293432
0.056926783
0.51124936
1.341914
1.1332619
-0.2694569
-0.2720832
0.76119566
-1.1482198
-0.9445039
0.62858003
-0.5432358
-1.1057633
-0.28142068
-1.2901397
0.60236657
-1.8003227
-0.977035
1.3427514
-0.98097324
3.092313
1.4856327
-2.7225149
-0.52582985
1.8660996
2.1385994
-1.9923378
-0.86154974
-0.5191461
1.9997265
1.9063828
1.3009574
-0.9486537
-0.6564397
-0.05977052
-0.034819875
-0.42164114
-0.768752
-0.37618586
0.8167608
0.97289103
-0.2545069
0.56453806
0.8201802
-0.10653727
0.07613029
0.3473568
-1.0943707
-0.88225067
0.44502214
0.69379073
-0.8966653
1.1718153
-0.0018259338
-1.516665
-3.709088
3.4552755
2.1461089
-0.35981217
-0.05018176
0.17016372
1.6107202
-0.07164316
0.046159882
-0.70118725
-0.9368633
-0.33046082
0.72942203
-2.1763062
-0.60776144
-3.5055866
0.05630413
5.2277975
-1.758
-0.8976681
-0.9225325
-4.422633
-0.75561553
-6.3692255
0.7029322
-2.264814
0.18012428
-1.8189583
1.0906109
0.739717
-0.5505453
0.30398542
-0.7201845
0.9001492
0.7221504
0.014289277
0.8062449
1.6632472
0.62227875
0.42028937
-0.9580483
-0.9138311
0.8478608
0.7545737
0.27121785
-0.10517635
-0.3474284
-1.1007129
0.08821744
0.7626532
1.0885613
0.32150877
-1.4663802
0.96283174
-2.244983
0.6642034
-0.053508278
1.2365801
0.4339565
-0.5825704
-0.4702821
0.88766915
-0.5451232
0.106973045
1.184209
-1.0475669
0.7230113
-2.8063085
0.53204745
-0.82210445
-0.7881331
1.3180648
-3.3120003
0.92752516
0.9293954
-1.7743468
-1.2147729
1.1047685
-0.33772942
5.6806483
-0.73990226
0.5810567
-1.1952592
0.023276594
-0.08477378
-2.2222483
-0.15598619
-1.7569715
-0.46314692
0.6191591
0.41111776
1.0095534
0.9987139
-2.1244957
-0.9016175
-0.3357575
-1.3599933
-0.41810402
-1.3096758
-1.8817956
-0.20663732
-0.85221046
-1.9259164
-1.3797699
-0.10713795
0.9159962
-6.8223233
-5.93889
-0.47995654
0.9666244
-0.3266942
5.065232
-1.4622309
0.033910275
0.15016867
-0.208472
-1.0969309
-0.21704209
-0.49267796
-0.27604276
0.50485826
-0.21596542
-0.2965477
-0.82812625
-0.37158963
3.0622742
-2.5367754
0.7087937
0.70518875
-5.1861844
-0.5619083
1.6124097
0.7757322
-1.1278123
-1.0218209
-2.7365327
2.063568
1.0232301
0.49120414
-0.9339209
-0.12753159
-2.2646995
-3.0832853
2.0669718
0.13622348
-0.3951596
-0.439674
-17.067774
-0.63324255
-1.4339536
-0.14005454
-7.1858573
-0.9119315
-1.3792087
0.26830688
-1.769125
0.55833334
2.7206578
-0.37917787
-0.9366928
0.66052413
0.6631208
-0.6679528
-1.8838708
-1.90929
1.775856
-1.1006854
0.65935206
0.52333623
0.4875573
0.07416369
0.74381244
1.0969511
-0.026247846
0.1662093
1.3254914
0.51745236
1.0765468
-0.5043898
-0.3383242
-0.6097846
-0.07978142
1.3462305
-0.11327338
0.51452464
0.11344686
-0.39903864
-0.2041008
0.14027107
-0.4077395
-0.9229305
0.35972357
0.8391102
-1.0768236
-0.9621811
-0.50173986
0.23150565
5.2888665
4.2766542
-3.5065224
-3.7507777
-2.2339604
-0.5332824
-4.82479
-3.4790792
-0.6832396
-0.90204936
-1.3195697
-1.3158983
-0.7663302
-1.1700861
-0.94651884
-0.4960788
-0.8736949
-0.46153003
-0.70541847
-0.09842725
2.679181
2.1736827
0.48303968
-0.69475687
1.5219518
1.1672314
-0.8864944
-1.3144559
0.66771513
-1.1295805
0.0641628
-1.3659141
-1.5498749
-1.2329386
-1.0635158
0.12255249
-0.26380938
-0.36263368
-0.08734629
-0.8738593
0.12582634
0.11021594
-1.8318341
-1.2976314
-0.9104496
0.7014217
0.52735764
0.4650095
-0.040882636
-0.07602876
0.4898098
-1.0813543
0.5776304
-0.030193228
-1.5670675
-2.6426938
3.582441
2.7248087
-2.159813
-2.2390237
1.8039653
0.5845415
-1.8801018
-0.9473568
-1.6430237
0.90701365
0.8772489
2.1611032
-2.6495185
-1.5657452
-1.2492195
-2.3395743
2.1011772
0.5371034
1.0785676
1.177727
-0.98773134
-1.343158
1.6276937
1.1763599
-1.9450358
-1.1126076
-2.2100608
0.94812
1.3479102
0.5771207
0.05433992
-1.9120337
-1.9847022
-0.5408146
1.9308712
-0.024368277
2.858938
1.023871
-1.9733992
-0.5562288
2.2703924
1.6870468
-2.0796285
-0.5327592
-0.5588684
1.9149106
1.9609296
1.3004451
-1.0670255
-1.5846235
-1.3344684
0.38377815
0.47189215
0.117490076
-0.9682316
0.9396477
-0.2262678
-0.010216985
0.20803097
-0.87759715
-0.53116363
1.140345
-0.6266173
-0.3386124
-0.73796767
-1.0017548
-0.72125834
0.23807149
-1.3756655
1.5593915
4.238719
0.32248852
-2.6763914
-0.24403614
-4.5037193
-0.15842327
-0.08814366
-0.56641525
-1.4031669
-0.4288317
-1.508707
3.7074385
2.556428
1.6215601
0.23595679
0.4910559
-0.028788768
-0.9037151
3.0205896
-1.8183457
0.637252
3.2879758
-1.776658
0.2715611
2.661436
1.5562603
-1.6121866
-0.7797923
-0.92400193
1.9776682
1.4866035
1.5558927
-2.7641397
0.09508921
-0.82718194
-0.6601377
-0.9576516
-3.5844047
1.2258302
1.8939149
-2.6917377
-1.7835336
4.2496376
2.6102552
-1.5438882
-1.2244662
-0.9352381
0.117545165
1.658468
1.2886641
-2.455993
-2.192765
0.29915777
-0.39889503
0.15727872
-2.1679204
-0.17216794
1.2213439
-2.910954
-1.588491
1.6961933
0.97679144
-3.5078776
-0.053178843
-0.9514789
-0.7428858
-0.30958697
0.4989285
3.1871352
-0.9306991
-2.4742408
-1.4250216
3.0897994
0.56988466
2.1595862
1.0022231
-2.8013535
-1.5511715
2.2529752
1.4751552
-2.1488352
-0.49567068
-1.5172215
0.29347777
0.88284355
-0.023793994
1.0411794
-2.0601952
-1.0890641
0.2615116
-0.112694
0.05368435
-0.2108914
0.9613201
-0.38266683
-0.37630257
0.9352158
-0.7383359
0.60446143
-0.6845839
0.41188347
0.09952064
-1.6028823
-0.5327092
-2.5967503
-1.3145087
-1.6939197
-2.0655844
-2.2867796
0.06792582
-0.2050928
-1.4525113
-1.9365541
-2.3425846
-1.5607657
-2.4054787
-4.4161654
-3.8442407
1.3293912
-2.7981987
-1.3755383
-2.677181
-4.0357423
-3.5481155
-3.0740771
-1.829176
-2.6755893
3.4747477
-2.7098367
-3.517326
-1.9855944
-2.1436844
-3.3620987
0.5714599
-1.4454035
-2.3073325
-0.83626586
-0.6369868
0.86800045
-1.0889558
-0.22970593
-1.2192862
-2.8477206
-0.16313373
2.1047719
-0.7095892
-1.4932997
-0.43950805
-1.3946021
5.7444744
0.38585618
0.7788129
-0.22620274
0.4679966
0.35955694
0.6717509
0.65951484
-0.126005
-0.8340381
-0.5656072
-0.9694467
-0.3395593
-1.0952696
-0.8169496
-1.3303541
0.7625067
-1.0317034
-0.30528173
0.50657094
-1.687233
-0.8814156
-1.9762157
1.0298393
-1.1173
-1.8466555
-0.80680585
-1.2778023
-0.7746964
0.16050625
1.2289634
0.5308822
0.38170117
-0.13525723
-1.2069514
0.04025448
0.574724
0.37920246
0.7539475
-0.11309301
0.04836399
0.10175676
0.1466995
0.00392595
-0.58717924
0.31800643
-0.5277261
-1.6444899
1.3351777
0.4408848
0.3291824
-1.1556383
0.9099849
0.025385559
1.4292188
1.0689942
-0.81404465
-1.1130841
-0.12617594
1.8559618
-0.6727645
-3.345051
-1.477756
-0.34552655
-2.2463865
0.92848635
-1.5948374
-1.1809227
0.09897906
-1.1055311
-1.3776876
0.28759903
-0.54102665
-0.7697341
-1.1817837
-0.48787534
-1.0730206
-0.068880245
-1.2894225
0.6183071
-1.0328289
-1.3770369
-0.5264841
-1.3687527
-2.4188154
-0.8792228
2.8635757
-2.1328778
-4.5115395
-0.95714337
-2.2524483
-2.205759
-1.405188
0.13511236
0.8351806
1.043835
-0.15694438
-1.1150631
0.06548375
-0.6807836
-0.24537662
0.11356077
0.46218032
-0.10955739
0.48529893
-0.6003747
-0.029343484
-0.5106802
-0.37371337
-0.19643295
-1.6040683
-4.8485312
0.05295443
-0.5531545
-0.89533055
-1.0052823
0.56593364
-1.1036346
-1.3343055
-0.34386352
-3.1293573
0.33241785
0.22787893
-0.30291992
-0.0057344656
0.7817216
-0.1926341
-0.006829623
-4.132446
-1.9702988
-0.7222876
-3.390464
-1.6657279
-2.278719
-2.4553423
-2.5111694
-1.8318617
0.49236482
-0.696268
-0.6000845
0.39176846
-0.4987519
-0.38726756
0.2906717
0.060200155
0.09660691
-2.9123125
-2.3303392
-2.3595033
-3.171014
-2.4772987
-2.7291548
-2.4653406
-2.8391972
-2.4761803
0.35768488
-0.23981382
-0.35411465
-0.12720352
0.09972958
0.16283767
-0.2825477
-0.43550655
-0.87636214
-1.3160365
-3.4805343
0.21718913
0.544578
-0.63074726
0.13999099
0.8835767
-0.26075393
0.063735574
0.18444988
-1.0607216
-1.3523833
-0.86524737
-1.3403999
-0.8427849
-0.6892213
-1.0261898
-1.1600119
