0.0
0.0
18
2
72
36
9
-45.305565
-20.83271
67.800415
52.323353
-13.537389
24.37659
35.883175
-10.994957
-3.4383717
-33.336864
-43.03673
-11.042426
38.663727
-28.979166
-20.36922
-43.28042
69.73885
-24.8987
-33.263622
1.0206811
-53.58436
4.2675476
53.89808
-9.00255
36.24897
46.25858
-48.63156
-24.117039
38.440998
-79.79592
-33.973198
33.509373
-61.88089
36.69455
9.115051
-15.915837
4.08838
-17.686054
-44.790096
13.121394
-80.85317
-0.80516154
-9.447575
-13.235272
-48.967896
-3.025061
25.823843
-46.85475
-1.5247713
-11.584519
20.77879
2.7455394
-19.846634
-15.807842
-26.931007
-11.792539
-1.8097805
1.0047096
-21.878225
-19.83694
-25.704014
-28.5529
-21.11408
-11.927519
-18.797087
-9.325525
-7.8710146
-7.98665
-5.263848
-28.775103
-27.875969
3.7346463
-32.616577
-2.4150388
29.491543
18.120502
-0.5902057
4.679594
-0.080549866
7.828722
-1.2646662
-5.825261
0.19678861
-0.5051402
19.343452
9.670952
-0.3681913
-4.9390345
-9.213283
5.661721
-0.79469013
-0.8213631
-2.3494828
0.5339955
-0.86694527
-5.4012065
-11.163463
-9.601961
-6.4938345
10.419685
0.5624055
-8.965417
-3.6755147
0.9782539
16.718513
-13.786865
-0.77320814
-1.7639145
-0.883127
-2.1921587
7.5169263
-0.2982944
9.65335
-3.578772
-3.8300242
-2.643408
-0.92104834
13.039975
4.5645146
-2.925275
9.08774
4.103439
0.11565131
16.930098
-0.039108787
14.489435
-4.4152484
0.43817484
0.68596846
11.527836
14.16925
0.29671976
-0.6371476
13.323701
-0.11482281
0.8465132
8.322632
0.21777348
0.82055855
0.10803728
-1.0114678
-6.206977
-2.6643975
2.8266344
-32.088448
-109.08212
4.190906
28.116371
-1.9837711
86.040825
-47.50232
-19.360586
-11.327566
-16.881895
-34.605793
-51.043518
26.579361
-11.174024
6.451802
35.98421
-45.087925
6.381008
-10.938574
4.2034154
31.259275
16.099073
-22.85787
-6.6978827
-26.683403
3.260807
-63.442314
42.88717
-69.63522
-12.401717
-6.415401
-29.558048
26.376896
-49.51302
1.6121666
-59.86846
25.023039
5.6432815
19.565596
-8.449154
6.4138527
-13.655154
1.7054517
38.73277
34.889236
-34.83923
15.512916
-52.288143
-3.0327632
60.400406
-80.41986
-38.820713
17.90673
-7.279443
-0.4926155
32.12044
0.4379348
-25.554848
1.5216436
-4.843557
-12.824527
-55.773975
55.893566
-19.110172
4.1554418
-41.48472
-12.992138
-5.1202264
-17.944769
-48.659973
-13.270069
-2.7200508
16.652254
-51.73671
14.650767
1.4496243
8.552704
16.10616
-0.52980596
-14.200857
-11.828998
38.095966
-13.883043
12.177428
-102.75937
37.978813
-15.791054
-49.229275
-22.158182
-79.79463
-21.142027
39.673958
-33.736774
-40.015697
11.926499
17.297043
0.11569595
11.988633
-52.769226
26.884777
-10.698454
-8.197672
4.5506945
-42.88359
-12.329422
12.560345
-5.023875
28.371132
-25.845984
38.851215
-2.2318785
-7.015079
63.78409
16.850132
-39.924587
-38.650055
-26.715393
-37.930252
-18.062088
11.792684
3.635919
-46.285366
-0.4564159
40.798347
-13.574208
51.839092
-3.057589
-1.301066
-9.704632
-7.696331
-18.710913
-0.72717357
8.283384
-33.84691
-31.535427
-5.049686
-96.42894
-4.2464795
-35.96095
-7.9686337
-12.074047
-18.110207
30.616335
-31.543884
-20.015976
-69.32918
-19.201616
59.068283
-33.867157
-51.942257
-45.989197
-16.668633
-12.580884
-1.6801921
26.911644
-1.6959372
-33.785587
48.924355
7.6194754
-58.582275
-8.740772
75.35874
17.74506
66.65599
-27.24164
12.989363
19.004005
42.090313
-4.6863823
-79.9718
-30.86905
92.43386
0.5380053
-36.594387
-21.67462
-44.857674
-43.94659
7.9737926
-23.06894
-24.478157
-15.391538
-12.448574
34.76097
-48.024117
71.80605
30.770142
53.75409
18.4033
44.820824
29.306116
-101.66444
-15.566332
-46.5454
38.373337
32.397335
18.398556
12.8683815
53.383392
-7.9019175
-44.296825
-18.036154
-31.104021
6.493401
-0.3831255
-5.986967
-8.883662
-42.756844
-9.307325
33.344963
13.223882
-32.303436
-0.31153026
-24.706844
-34.18828
26.644417
-37.414143
-63.026054
65.62558
2.3668919
-81.45854
-6.5087013
22.889845
10.856528
6.6932344
-30.952217
-0.53605545
-24.827776
-51.57913
69.99993
49.997753
-19.985016
32.195377
-7.9884
-25.117094
8.666768
-6.609676
-69.07584
-27.389463
68.218445
-4.6186905
-54.726875
-12.993495
-38.85584
-15.124795
-34.901608
-37.742847
-9.766851
2.2443335
-44.009037
-39.98101
-0.6098452
-17.791477
3.6300826
62.042366
-43.593807
9.778801
-63.88745
-21.887188
-59.75333
-67.77094
14.223383
9.912735
55.363358
-25.566622
-2.368961
-71.06366
-25.0178
-50.763805
-40.997192
34.91377
-13.657094
-106.839455
-4.7566247
37.66348
50.64642
-5.0583878
13.066028
23.611372
32.098618
-57.27494
25.840412
-46.807774
7.6103506
-13.396086
73.61495
17.062744
-64.845276
38.635494
-27.64799
25.782171
-57.150677
-129.05548
-70.33452
-9.172477
-7.0318274
0.5163252
23.276588
-52.491302
50.33818
10.504429
-2.2392035
17.377811
9.833569
32.808617
-95.522835
-27.401457
-5.435925
8.067714
38.214314
8.796471
20.538965
-12.675554
36.39609
10.639996
12.413214
-83.85426
-55.58297
56.889965
-42.615273
-26.490429
-27.999725
-6.224759
-32.620476
30.728642
1.1751561
49.577595
-30.81853
-9.407297
27.455856
71.31408
2.95063
-33.193565
25.222366
1.7859569
34.70416
-28.666525
-9.80352
-16.832464
-45.08129
-35.12857
9.493104
46.066357
47.14289
-3.4758096
-38.22425
51.618946
-8.730676
-35.530495
8.434239
10.507647
10.130361
-55.162384
-49.44412
-29.734636
0.63308185
-10.318388
-34.62752
20.55377
73.01688
-25.468237
24.22345
4.1726995
-41.11212
-27.3947
15.422925
-47.70491
2.5485523
-8.039402
101.13834
-11.707301
17.341204
-40.63398
-8.455016
11.728333
-9.676689
-24.959393
12.488699
-7.3343997
-9.464105
-0.2500178
-7.559831
-3.4646006
-3.6825013
17.3937
3.6740074
-8.211436
28.16133
8.121848
-20.5433
0.74897116
-6.2868595
-6.437925
-30.514894
-0.17877333
-5.884945
-2.0016482
-3.8852282
8.9212475
11.295451
-0.7850875
18.417536
2.9250615
40.726624
-9.709419
13.440119
-12.541362
-4.569137
-34.25699
-37.263554
-0.8284105
47.09753
1.3970777
2.6141906
9.872563
-17.653358
-1.7208142
-3.738521
-31.843142
8.589805
-2.808365
-0.27081612
1.3156345
-16.62884
-0.35609707
2.2765367
-3.419897
-6.2706337
-5.7123938
-48.009266
-8.167974
-6.3738117
2.955758
35.11511
6.7924895
-5.5960894
28.892948
-20.805113
6.103911
46.64563
52.235554
85.67525
28.822315
-39.473255
-52.805
16.531277
-21.922092
-27.372704
91.76348
-46.52301
-3.0507824
-56.473156
14.751843
-88.58197
-6.003819
-87.341484
-48.828125
-54.31532
-78.36784
-18.280514
-22.10764
-83.056656
-46.08591
14.776405
16.307043
53.900524
-34.227848
-29.845179
27.898045
-38.54439
-20.483255
43.25386
-3.771356
-26.269829
-26.074059
-5.0592146
-7.973517
-14.2516165
-10.946722
-75.595825
56.2766
-30.516783
1.9040371
-65.917114
-8.343117
-24.847347
-0.30749935
21.340721
61.89006
-23.990469
-18.864178
52.442867
-63.59027
-0.8834154
-8.569228
18.352753
-31.745747
-48.016323
-49.59124
-57.680836
-24.475811
-6.252686
51.213505
58.279766
-58.435795
-90.82511
18.79513
-86.77152
64.17844
-1.1958971
-43.75044
-46.691814
13.599489
-17.654766
18.488256
-34.39207
1.3396732
-13.542965
-2.5113764
-15.2694
46.00061
-10.004222
5.7866564
-49.20623
-103.39762
-3.4563675
44.323788
-16.788761
-62.12653
-50.540184
-60.339928
48.676826
-26.665579
-25.373295
3.404906
-42.02754
-3.697595
5.473202
-46.200542
-5.2822
-94.067024
25.51317
24.206747
106.46912
10.107818
114.91334
-8.045135
-28.633488
-3.8376753
3.356083
-69.32376
-26.22979
-16.833996
-21.136837
4.587467
11.8704605
44.378372
-10.384948
36.018894
4.4388914
-18.218779
-6.8373394
-9.648197
27.012848
-4.138666
-89.734215
-22.718767
21.730312
82.101295
16.648409
-4.684724
-8.719861
-4.269075
35.79726
6.440214
23.309284
15.800316
-2.8241713
-6.8093057
44.54811
77.770584
-14.898932
30.211155
-8.037448
22.126534
-79.94351
13.2945795
54.40208
36.678417
-41.337498
-5.821208
-10.383098
10.32364
-55.626377
-33.663334
9.643974
-23.90924
0.06384777
-1.0564084
-36.41633
22.078245
-3.912203
49.54907
-2.917726
-3.6253119
-83.27875
15.489353
-11.823398
-41.213295
7.077349
-22.14402
-4.8078923
-44.94435
-19.412329
29.239607
-15.340507
53.430336
-32.855293
-58.596207
-40.571655
-29.60345
-38.433765
61.51322
17.495766
32.239872
-33.134617
-36.75403
6.98361
1.4036417
-19.971724
-3.598316
-43.7582
0.59866023
0.6695753
15.224632
-4.160099
1.6642448
-2.7801166
38.246437
-18.622133
45.594765
11.903363
-22.746727
19.291447
-10.038565
7.313101
-9.938449
-88.7529
26.226828
58.708817
-32.522804
57.34936
-5.400954
38.250572
-12.354473
-4.2663374
-9.295215
-43.314224
15.7001
3.8104677
-79.70983
-36.10421
14.887542
-19.397013
38.623997
7.756869
-27.005781
0.67102575
22.451197
-27.46931
25.748783
3.1970425
-28.352634
68.33318
-33.48589
-41.67578
7.6596494
-48.170017
1.2161046
-28.893505
-8.5830765
7.81773
59.898865
-6.4722915
35.757835
-23.530043
-57.05278
-27.381887
-38.234756
-18.878464
-72.908875
-10.804557
-47.267918
-18.910028
-48.092487
-12.380998
-59.594406
-74.44337
10.187831
-19.595793
31.24082
-4.1620045
-50.534508
-2.875909
38.792915
-18.36579
-71.19476
-12.570608
-4.1296806
24.248795
-39.05507
22.480356
-57.20204
20.604803
-49.787674
-16.203924
-15.743272
31.491331
-18.06113
31.155272
-34.8549
8.788689
43.71308
-28.746325
31.11593
36.989346
-29.543097
61.0664
35.357037
-7.358261
43.13369
15.052184
-59.23459
-42.464867
54.85836
-4.7181606
48.99902
90.77584
-67.481964
37.376877
34.585335
33.3593
55.33729
31.388844
-56.91103
8.661379
-81.18213
31.942327
-18.388712
6.508525
60.976097
-1.750574
28.45201
-28.831999
-14.9640255
-9.851654
-32.28268
-47.812603
31.805887
-49.239494
-42.63758
51.798332
-79.52883
-66.285385
-5.1261635
29.948025
-95.97789
-51.426514
-28.496994
74.6697
-25.223703
-4.4244432
53.212864
7.9636025
46.346905
33.836422
-31.081697
-3.9934459
21.512812
-4.2651987
41.83158
-5.7294536
-9.080429
53.24272
-30.490576
-13.877354
-14.361287
-36.169178
-1.2490666
5.1997576
-8.752511
-12.522522
-59.452393
-56.392982
-99.13043
16.464554
-16.170002
-61.456745
-30.883087
-33.19532
-59.17917
-30.921453
-69.58459
-69.90142
-6.6544003
7.253528
7.613551
-9.401162
14.647491
-41.775803
-11.781556
-7.380249
85.356026
-46.543015
-75.82222
-16.542343
38.31591
-30.340225
16.822021
-20.769484
15.474193
-17.773256
-58.476345
-74.17694
-25.146254
37.903233
-9.408465
-42.877563
-29.251589
-34.00025
-64.77934
47.790512
6.9558454
-45.650257
29.48889
5.0826674
-30.510006
-46.01013
0.28958067
5.242517
10.366861
-37.797073
-12.312768
-31.642572
-31.964108
-15.144826
19.929205
-65.923965
31.167505
-16.9325
-37.838627
26.631485
-9.498698
9.535644
-3.4711444
-20.760582
6.8511314
-18.389975
-16.302916
0.85146296
-4.3828974
-67.79595
-34.65282
-26.727621
-59.119553
-10.942692
3.0940444
53.425644
-23.736444
-0.46872908
-47.128754
-40.673046
-6.031015
-50.018692
82.90142
21.379398
-7.8952746
28.640205
73.020905
5.8491507
27.970379
16.067835
1.4020576
-3.5242298
-76.07246
-4.063662
-62.761436
-6.351962
33.832977
-54.060577
20.092384
39.916588
-53.664146
-62.792572
4.1238093
-18.274076
-15.325717
65.48777
-39.933624
30.032751
37.566624
-18.571695
-49.38867
-16.002861
-1.0675988
46.463154
-39.358368
-36.992916
-23.110086
7.4897184
27.270851
7.9245405
-12.535601
-24.99424
-35.335617
-71.50989
54.301292
-20.640797
-43.413216
-40.37841
-16.700191
-2.4802194
-13.517239
-34.49636
-3.0854108
1.6750677
1.9054198
22.938227
46.008636
63.87154
-28.073826
3.477969
-3.7071645
8.574321
-41.904224
-3.9594424
6.3147097
31.824112
-30.334652
8.277294
19.08438
-83.45633
16.826231
-46.41033
52.187134
21.789038
48.224422
-27.903322
36.17301
-16.175936
2.8223207
-0.60866153
5.171127
7.069072
-23.53751
20.889723
5.668539
-81.21023
29.205723
-33.03383
-24.413939
8.625269
26.737333
-46.64508
-62.1876
-22.784668
-66.102165
33.323353
-15.03418
-5.2481785
4.519457
-31.50913
5.675471
-14.40989
-18.943878
-14.582677
4.199558
15.275346
1.2351034
72.50741
-1.6589581
59.936695
12.17353
-28.25449
-10.72254
-11.580411
-21.347534
-37.36292
15.305477
2.599606
42.106792
-2.9467921
-43.317314
-29.84709
-0.706739
69.36871
-7.2416277
20.483427
-22.916882
13.622953
4.641593
50.63757
11.074928
-33.647343
-7.80665
-29.358473
-27.491932
25.53738
-40.631454
-45.030926
4.708188
-2.7189562
2.6219428
-14.854798
-8.963593
-42.11973
-66.95615
-6.411491
57.26341
-34.83489
23.947428
-20.473549
58.444996
-32.593227
-61.26635
-54.42222
-37.647446
-47.22618
24.588093
-70.54504
11.083116
25.272743
33.34588
8.394914
-33.651646
-2.4648929
56.825523
22.218159
-36.440178
-30.995089
-3.388245
-22.910673
23.00915
-3.1632774
79.63892
45.7873
-53.45192
-12.597489
13.758695
48.217243
-12.359349
-68.15749
-51.34731
-35.804855
-52.86681
68.90759
-18.463882
3.685398
-39.487
-32.023636
5.034096
-32.737896
-13.718311
-39.202164
28.727325
-0.14847296
-73.23535
60.980843
-53.383274
27.073532
15.321352
-18.474203
1.908746
-57.952435
18.741646
-1.6900322
-5.734291
-4.0050297
-0.12560326
42.849808
56.31693
30.52213
-36.488983
-3.2270536
-32.76293
-77.20861
2.8931713
67.66688
14.028102
-7.6911373
-4.9739237
-2.6381142
-50.08934
-6.8443365
0.46219674
-28.63169
-38.22911
-11.238186
0.63619983
-72.49171
-26.877426
28.612432
-50.702488
-57.171883
-74.00408
59.583687
-49.29432
-1.9165856
13.39202
10.194939
74.50021
0.12334339
-38.53058
-21.844805
-35.58313
-39.410942
-87.74864
-45.36315
-0.5379729
-44.516945
-32.008316
-13.8563175
-2.975706
-27.303764
-19.686043
5.5925574
-0.878054
-7.467923
-21.872793
33.046978
-32.158653
-29.09558
7.744597
-30.182104
-11.338206
-55.99283
-13.779528
-37.933933
52.53281
-79.785164
-73.59115
-63.359783
9.7223425
-21.445044
-77.52901
2.7452686
-51.477833
-43.933025
-18.140303
-35.01891
-64.10454
5.3549423
-34.262447
-3.2288077
6.62099
-1.424578
-1.5550939
-5.9427214
-0.867588
-3.6722777
-0.10802283
0.9963686
-1.4247581
-2.6442957
-0.13408163
7.1493063
3.0328774
2.6996987
-1.5332092
7.717417
-2.841958
4.1083317
2.3639464
2.43371
0.22987664
1.079191
0.30897787
-7.238916
2.0148625
-1.0513765
-0.35120526
-2.0964012
2.7186573
6.6375513
1.4513315
1.1731662
0.290524
-0.70694125
4.640114
5.4535527
-7.0127583
-1.4298943
-3.2668395
5.431576
1.77474
1.8700837
-0.62697554
2.5415215
0.81481683
1.8466879
4.1124873
-2.7690852
-5.4525323
-1.0422051
-4.483122
-6.851533
-1.1317418
-0.787979
-3.0474715
-1.4734743
-1.1612788
1.4376036
5.022225
1.8641512
-2.0895228
0.5151308
4.0345373
-3.3185399
-3.2359812
-1.3892512
-1.0401046
0.5338467
-3.611795
-2.7253509
-1.5842484
-7.309149
3.723967
1.0802697
0.75948197
-2.0063667
1.0002152
3.082321
1.8886474
-6.117575
-1.2832948
-2.4444728
-0.94149786
-0.45797783
-2.6508546
3.446073
3.137848
0.5656407
5.068168
-1.848832
2.2830994
-5.6169777
-3.9259982
2.6994305
-3.8998587
2.1701157
-0.026842443
0.5305847
-4.402297
-5.6986294
-8.929981
-1.8034211
3.2580497
0.26888976
-3.2509716
-1.5463126
0.7740478
-2.9277525
-0.40976924
0.14596331
-0.9417974
-5.0235343
1.4622116
-4.560134
-2.5296488
-0.27047905
3.376016
4.0036383
-3.438326
-5.7997036
-2.5056913
-1.3543175
3.2086973
-3.6687205
0.40032825
-4.9878535
-4.7954316
-1.6836463
-5.0917935
2.177835
-0.5429741
2.8465123
0.19771844
7.910594
-4.1854243
-2.2988203
-8.259441
-2.0186117
-3.201705
1.9068116
0.23117986
-4.074643
-3.4719412
-4.682288
0.019942878
6.330465
0.43554902
0.09271468
5.434797
-2.0654263
1.6753029
-4.371594
2.2669356
2.5735312
11.346098
-0.73175716
0.4456519
4.318882
-12.578131
2.5385175
-0.090330005
3.9141517
-1.4650321
4.8157463
3.9491656
-0.19253285
-3.8032618
0.47888228
-1.3497941
1.8856711
1.8073168
-1.1061316
3.20546
4.5111084
3.0898032
0.06122018
-0.38948134
1.537221
-0.38704345
-3.0563254
1.5202988
-5.4843674
-2.1510031
-1.5419582
4.1270843
3.4723816
-5.589264
3.195726
2.473951
1.844223
1.7590082
-3.4973574
-2.581835
-2.0430882
-0.8953488
3.3329568
4.720665
-4.7998805
3.112097
0.67957777
3.0531995
-1.2830613
1.6949853
0.6951137
-4.5336103
3.7518394
-0.69423795
1.6871344
-5.6689725
1.3131386
0.9669357
-0.90428597
1.2504531
-9.427992
0.15282905
0.10729098
0.96755046
0.58278644
6.453843
-2.875711
5.84172
4.182466
2.9898398
-2.4040322
-1.652073
-0.13890615
6.044533
-0.25063688
2.4296558
0.88258606
0.97797835
-4.211922
-6.1396194
0.6625527
-2.628969
0.04900406
-3.0851266
-0.39197025
4.215124
3.2468562
-1.566027
4.0090513
-5.1481614
8.414974
6.577131
-4.9516506
2.4180803
7.4033947
-6.3025737
3.5305037
-5.3181877
-2.7062955
-6.128535
-4.148238
1.148209
-2.4605873
-3.07774
1.3431759
1.0385896
-1.6096951
-1.6154356
-4.4944253
-6.3177037
0.20564677
-0.4428529
6.2125864
1.2422152
-1.1419429
0.9796125
0.14309688
-4.0812316
-5.161726
-5.7013655
1.0120964
1.5560831
3.7111225
-0.30548337
-2.8204293
-3.3028572
-3.7240791
6.82185
2.5890207
2.336551
1.6855547
-4.061746
2.6503499
-0.19256681
-1.9288592
-2.4466038
-1.6604885
-0.8835467
3.3813567
-3.1346867
-0.5349977
3.5166097
0.9738974
0.49510115
4.8294034
4.7144694
-2.4029276
3.3615317
1.9418738
-0.8227406
-3.9728546
-4.0123677
4.6072454
-3.404181
-4.086927
3.6672833
0.6214503
4.394482
-4.381555
0.14198928
-0.7280813
6.046859
3.7451105
7.8209443
4.0718017
2.4184034
5.5777073
5.132048
0.28744105
-2.4924293
-0.46828616
-2.6896207
2.994047
1.7527336
-2.143074
-2.469218
-2.4932306
-0.5750724
2.5215993
0.499683
-3.7197053
-3.3020883
3.6091146
-2.3210475
1.7239033
5.03029
-1.9888632
-3.7476392
-0.35202143
-4.6667843
-3.7937825
-3.5048172
1.6767491
7.196442
-1.2815148
2.2787871
-2.3909655
-2.9445913
-5.3457236
0.11092551
-0.75330615
-4.0830874
2.0246024
-0.84282994
-1.5919645
0.49257928
1.6129488
5.528228
-3.177251
-2.4654627
4.863374
-3.2779524
-1.6288975
-3.0899935
1.9704657
1.4036007
-1.0621537
-1.8647773
1.8461629
-2.2466743
-0.2638201
-0.2848345
5.776183
3.5129197
-2.3689942
-0.27141577
3.8465285
4.589052
0.4810098
-5.0095634
-2.2917688
-1.1816739
-0.44008106
0.166129
-2.9844677
-4.9756575
-1.4618728
-4.659216
-3.70808
0.683212
-4.342863
9.320262
-2.6621516
5.91866
-0.00804148
-2.1288905
-6.3189354
1.4408773
-7.68267
0.935166
3.4942563
-5.098501
3.995851
-3.366781
4.314435
-3.03124
2.2106104
1.4744987
1.9152387
0.22469218
2.690762
-1.0585545
3.897757
1.5442182
0.13939579
-1.0206211
-1.4218122
-1.4419415
-0.15380538
-2.93272
0.7344912
-2.5414777
4.99634
-0.8977417
-0.2655914
6.8273315
1.0959752
-2.5629048
-0.4864853
2.0863733
-6.152903
3.0733368
-4.3956385
-1.5076472
5.6847057
3.6283188
-3.506709
-6.241666
1.3241909
4.327065
7.7886786
1.3196496
-1.3187517
-1.571018
3.323561
3.354296
5.879045
-0.5768893
-4.921656
1.3653536
-1.087541
-0.60456705
2.427037
-0.021353092
0.31512392
-0.07872279
7.412951
4.878946
-5.370487
-2.5555336
3.9032698
-2.8977187
1.6875886
-5.5472627
1.0695723
5.0630774
-6.4251018
-0.8684872
-1.6568799
-5.2359033
3.0441148
1.1439469
0.46452534
-5.5205555
-6.816954
-3.01232
2.6940365
2.360005
-3.521869
3.7133498
-0.6447052
3.2284136
0.80724233
2.668049
-5.5841985
4.939169
2.6036139
1.7738584
-0.18386275
2.195483
1.6612579
0.0899855
-1.2627513
-4.5940742
-0.47672135
-2.079795
-5.9587255
-4.294618
1.7109987
2.492272
-1.5196881
0.49706513
-2.6728323
-0.099024504
3.3647425
-2.0733821
0.95435375
0.20646514
0.8216185
-0.72829026
-1.8218807
-3.2592661
-0.5980762
-1.3793689
0.5068965
2.773612
-0.20684206
0.76971895
0.24102437
0.475405
0.6804253
2.565106
-0.36102232
-3.7406478
-0.9699236
-0.23570399
-4.0618067
4.5956216
-2.837791
0.9473844
1.052431
-0.8255476
-2.8386686
3.745314
0.3974324
2.3452616
-0.6695575
-7.240397
-1.9250237
-7.495862
8.05125
2.154881
5.828181
-0.013879547
-1.4386162
7.85688
0.10227127
2.2745087
-2.5091245
5.1395235
1.7653484
-7.5839114
-8.846672
-2.6116643
-0.58841705
-2.1196725
-1.7803316
-0.49299833
0.5051946
-3.87282
-0.47231838
1.03684
-4.0783253
2.0202444
-4.299975
2.5546057
2.820608
6.6425123
-3.710009
-3.9539645
0.10837359
0.31608754
-8.70412
2.2969832
0.31296074
-1.0457276
-6.6507325
5.240793
-3.6014385
4.564103
-0.87970793
-9.425511
-1.4889166
-2.5084968
0.35422587
4.426734
-0.8921233
-1.0775478
4.2698565
0.72382796
0.5776024
0.8754652
-4.7842417
0.40744278
-0.4386591
0.77690744
-0.5354017
-4.595604
2.9772463
-4.9195976
-0.15219194
2.7588575
6.8057265
3.4146955
0.09049684
0.56976086
0.16699907
-3.8178496
4.3404927
0.21950628
-2.179639
-2.4179583
3.9925523
-5.033243
1.0729718
-2.49787
-1.15305
2.5286667
-4.669819
-3.8486037
0.88041854
-2.854067
-3.9407792
6.563676
-0.3556706
-3.7851899
-1.2196071
-6.8083453
0.23419422
-0.9605416
1.0624359
3.5739937
2.4102054
-2.7775962
-7.4562125
5.301868
-3.9383864
-1.0834963
-3.9789813
-4.2479424
1.0213861
-0.35664797
-2.4219453
10.609639
-2.1783156
0.35193542
-0.8827387
-2.2784336
1.8096019
-3.5257156
1.677186
1.9675492
3.8586247
-5.1634493
-0.27661026
-0.9916295
-3.270427
-2.6406708
0.7190249
2.0791128
0.6988898
5.7916737
-2.6815064
-1.6315116
2.6857815
4.1647625
0.6347946
-4.0431633
2.0083978
-0.38242894
-2.4395194
5.404386
-2.09157
-3.6083262
3.2356975
-2.2345686
-4.9209766
0.34252024
-1.6851045
6.527166
2.6514769
1.5725641
-1.2812968
-0.49882063
-0.6849739
-1.3198104
1.967898
-2.5056612
3.5552075
2.224238
0.78966784
-0.5423125
-2.86299
-1.4540249
-4.373268
-2.1290922
-2.5943508
2.27234
-2.7258894
-0.8437859
5.217148
1.8678995
0.5315511
1.6497449
2.8340595
-1.3606868
1.6805854
8.682694
0.54182684
0.20523494
0.35131624
0.13542631
0.7499902
-6.6062984
-0.54615474
-0.773471
2.1491985
0.10050106
-0.3880807
-1.9824443
3.9074144
1.5451367
5.495831
-3.4552164
-2.2082932
4.8758187
-1.5777278
-2.4900227
-0.26642448
0.13175216
-4.280707
-2.1673398
2.93742
-2.3389938
-2.5062788
4.9550915
1.4426364
8.133365
-0.2154042
4.0198607
-1.5506463
-3.5315533
-2.6200037
-1.8336972
-2.1910641
-3.7412066
4.3964357
1.0384107
-8.429361
-0.067920916
-5.3572316
2.397288
1.258939
-0.30396262
-5.516613
-0.3647325
-0.18604381
0.85405016
-0.6395887
-1.4520098
4.8297377
0.4358167
0.40425485
1.2231919
-6.8532667
-7.4782
0.21662176
1.7787735
-1.8802774
0.6811834
-3.2320676
-0.26090473
1.8678033
3.7668066
0.6445943
2.2333655
1.9496278
1.9295346
3.1066096
-2.6959944
-4.826131
-6.033221
2.4018204
1.8741887
-2.8139524
-0.20297128
-2.5721974
-1.3454701
-0.3106706
6.025582
4.0585575
2.9132292
-1.8132337
0.25923336
-5.07191
1.7709694
0.52703536
-3.3010433
1.2077556
1.2917615
-0.5437666
0.79826856
2.2188368
-3.9070888
-2.4512053
3.6869006
1.1339405
-0.8280965
1.7834984
-1.5582898
0.9524956
-4.1660366
3.7310383
-4.166504
3.0226665
-1.6803346
2.229694
-2.9310257
2.0533516
-0.3917879
2.7945924
-4.863616
2.18316
-2.439017
-3.6821842
2.730943
-1.4945632
1.6967576
-0.7642343
-2.6965723
3.4081652
-4.7449937
2.5974607
0.06323554
-2.5509605
-5.2214894
3.4318945
-2.1156783
0.14335628
2.0993237
0.66808283
2.207748
-2.6091213
4.531332
-1.3750468
0.8021048
1.1679882
-3.6918483
-0.5042753
-1.0487056
-1.3759665
1.5393772
-2.2512648
-4.2501445
-3.401565
-4.142084
-6.066077
-4.1342344
-3.1205719
1.453673
-0.289302
4.977609
2.435215
-6.2308664
-1.4975339
2.3864923
-4.884638
-1.80785
-0.22696415
0.013733692
-2.1100109
-2.3617213
0.17166954
5.287243
5.077243
1.0900024
2.1184084
-0.8187908
-7.9911118
-2.7353966
8.955591
-1.7915046
0.6163055
-0.9372036
-8.543068
0.16544233
5.5948625
-1.4596965
-1.0171223
1.2652323
-0.5860097
4.226893
-1.4492869
-4.0843816
2.7127075
-0.5676855
-3.928621
5.356303
1.3338307
-0.71039575
-3.0145247
-1.9204166
-3.2888045
-9.114992
2.1332343
0.54852784
-2.1608515
-1.3560573
1.0889874
1.4780151
6.681472
4.983475
4.905625
2.263781
-3.7263927
3.4740703
-1.9574041
-0.0684514
-0.17815077
-2.6885953
-7.2072897
-1.0975324
0.34989616
-0.7590421
4.2371197
-1.00406
-1.6047392
-2.397187
-1.6402335
0.6352815
-3.0639243
0.7733062
2.324558
-3.1302335
4.1277103
-2.3002918
3.8080034
-2.1321857
5.985699
-3.511743
5.1000547
2.3501303
-0.73553914
-0.2745418
-0.33773407
-2.562326
-2.5745053
-1.8887298
-4.3433647
-9.314213
0.86067075
-0.58120763
-3.5822282
6.6852374
1.2164904
2.2650962
-3.3634746
0.58208954
-4.0334277
5.5855136
-1.5862144
4.2933097
-1.2097809
5.8356256
-0.21915366
0.77740324
-2.5263078
4.740306
-2.3334568
3.4806864
1.279885
-0.972605
-0.5798194
8.984711
-1.6625088
-8.687022
-2.596053
1.4943253
4.2831073
3.0443802
-2.5614095
2.8721528
-7.0563216
2.8520842
4.033785
0.257699
-6.5877266
4.3655257
4.513091
6.1366925
1.2763671
-1.4810275
-0.22444884
-0.29284847
3.095522
5.4295435
-0.2697057
-4.8992834
-4.894268
-9.231947
0.26975286
0.9356451
-2.0766108
2.9975061
-1.9125034
5.2898703
-0.21860515
3.7466235
-4.980791
7.079388
-5.375076
-1.4463911
0.3893823
-6.300428
1.419564
2.4280357
5.18038
8.050887
0.5085205
1.2571747
4.195825
-0.45232594
-2.2514663
0.27368352
1.9742283
-7.469686
-0.11114443
0.60599124
-0.4001392
-0.41179457
3.466625
-2.3093042
-1.510017
-2.1316
-3.5292552
0.007330357
7.9213076
3.9711044
2.778026
-4.9330964
-0.12768929
3.0494459
-2.6643076
-4.3134627
1.8017563
-2.2450323
5.592073
-3.7822406
1.5541972
2.2890887
-0.732343
-3.981936
-0.9577355
4.7612214
-4.504722
2.8835042
8.3099785
-1.2626033
-2.719245
3.806574
2.588974
7.4220037
-1.0577897
3.5740619
-4.010679
-1.534504
-0.9139933
-3.177979
-2.971105
-2.5535388
2.0752642
3.706554
-6.974256
-0.8853724
-4.802698
7.4255514
-0.63028896
1.0547619
0.56263494
-0.7524477
-1.4391351
-4.5605845
-1.9104748
1.4343576
2.3588436
-0.75056845
-4.6429057
-7.163557
3.6972988
2.747432
1.2737732
2.5557804
6.5937223
-0.26086003
-0.8864286
-4.1005907
-0.51561356
2.7436583
0.69542915
0.25952896
-7.1158905
-3.7639334
-1.5229987
-0.029106263
-1.531738
2.0604231
1.9717205
4.6643944
2.503469
3.113306
-0.5947618
-1.1493928
-3.017514
-0.78224456
-2.0454555
-0.3775147
2.0345666
1.0554954
0.42904538
1.0903405
-0.101443686
1.6364154
-0.43025362
-0.18687883
-5.7547965
-3.4204226
3.3947942
2.6964252
-2.7126076
2.1305223
-3.2037935
-2.572387
0.81714106
-3.4904752
0.40761808
-1.7815686
1.6790079
-0.8707575
3.787116
0.11370459
-1.6973661
-3.3918328
3.2487252
-3.4297993
2.3247645
-0.5421177
-7.3243556
-2.294734
-3.316988
-2.2330174
-3.2170107
3.0755136
3.3719144
-1.2274091
8.945383
-0.28349823
-0.8606011
2.6053271
0.41364396
-1.4473268
-5.625276
1.0514507
4.6085296
-1.9971225
-9.741343
3.3760037
2.8635092
-0.7587976
-8.311053
2.3740647
0.18245696
-0.7832141
2.9735477
1.8746762
-3.7647479
-4.5902405
-3.4232478
0.9980808
5.6524925
1.0274622
-2.9222255
4.360962
-0.15539074
-3.4753137
-4.0572734
4.767498
-1.3106968
-1.7652184
-3.4160223
2.6340675
-5.2277617
-3.3973742
3.4385228
-2.5831144
-2.7076364
-4.9111714
3.4852598
3.9223256
3.322115
1.4899092
8.251769
-0.6115172
-3.3923202
-1.2139169
4.4750776
-1.7828212
0.30872074
-3.1835268
-5.1439295
5.6861196
-1.757714
-1.4574705
-0.64310586
-1.0546674
-1.5954729
-2.7212753
1.7720414
2.4352462
-0.24518856
-0.5966153
-2.6823552
-1.470241
12.882463
-0.7396148
-0.15425387
6.5057225
2.524899
4.3303237
-5.295308
4.772593
1.6934397
1.410017
2.2692554
-1.4035518
6.3784223
-7.5793567
-2.0281363
2.715127
1.4551395
-3.3716786
-1.8627763
-0.043076776
-0.8042233
-3.8988574
-1.3177158
-3.7131236
-1.1562624
-0.5306402
-0.1424769
2.7336771
0.94873804
-0.033960197
5.3398833
-0.36863628
2.2331145
-0.41644478
0.032138497
-1.6732354
1.4785628
-3.300928
2.3215716
-2.0575063
0.77906424
-2.302519
7.1936502
-1.4890331
-6.43503
-0.725467
-0.06409976
-2.834767
0.2805859
0.695692
2.8651009
2.466908
0.92292094
-1.6467525
2.1630144
3.7191992
-0.28822735
1.7646931
-3.7289455
7.315705
-0.087546006
5.003004
-2.8065412
-3.1455538
-3.9680429
-1.4946721
-0.28301612
-0.56010735
-0.8688418
1.586988
-1.1350348
2.823022
0.56531084
-0.40953252
-8.221755
6.5300393
-5.9120007
-5.3942757
2.617857
-0.8228603
-1.1189708
-1.5207273
2.5082126
-0.51504517
2.9817028
0.3232106
4.9187727
-3.4527943
-3.306047
1.9550946
-0.71508443
-1.5187503
0.6406238
1.7315831
-8.040469
-1.6918056
0.054512363
-1.3036376
1.6717008
-1.5356683
-3.9841745
-2.1489575
5.1629624
1.5269127
-3.666848
-2.3825107
5.5397835
-4.6055512
0.679675
-0.3762113
2.963951
-0.45643437
-0.102215916
1.5349745
-3.297683
2.7094135
-1.012063
0.1301287
-5.008438
-9.674656
-2.923535
0.40707538
-0.9480481
0.50836986
1.4254483
-4.3966527
0.26397777
4.942508
0.4433367
-0.767579
2.0307322
-5.057546
1.8372458
2.9143796
-3.430695
1.371513
-2.0778096
-7.159581
-2.7728908
-0.58808976
-5.5947537
1.1314675
-1.1614105
-4.3422713
-2.3356304
-2.1156156
4.409503
1.7307204
0.71671695
0.5019509
-6.735671
4.9020567
5.6902533
-1.009805
-0.7629213
-1.2668408
-0.8067505
0.2557859
-8.568362
-3.7601528
1.9106667
-4.4945908
-1.5667921
-5.147973
0.96022767
-0.98852974
3.8964384
-1.5345559
-0.91027415
3.2310278
-1.145986
0.17197739
-3.9354594
-5.806263
2.8334837
-1.6480696
-1.0292803
-3.1288579
-1.5863037
-0.41781682
5.8944707
-2.1011295
-4.937288
3.9146035
-9.028197
-6.2002196
2.0719676
4.2088656
-1.3630168
-4.3251133
1.4813901
-0.16738963
3.784945
2.4101741
1.6258146
-1.3759007
-4.2463503
1.611606
0.29531062
3.6486275
0.931891
2.6994023
-7.3464346
0.27966422
-0.96076185
-2.694086
-2.7703798
-1.0325615
4.0791917
0.84272116
4.5518064
8.63048
-2.5178432
-0.38475826
2.0866928
-3.3858116
-4.000741
-0.16535768
3.224041
-2.9977796
-4.585921
-9.693267
1.4416294
7.1553497
-3.5004153
-5.7004704
-1.6250476
-4.355781
-2.2089412
1.4268214
-2.631533
-7.937085
-7.261608
-6.227009
1.3855277
6.2079067
3.4166696
3.0104425
-6.5912223
-3.8158903
-7.7226186
4.98169
-3.713593
-2.4865406
-1.7215614
-0.6824282
-3.8600566
-1.4621679
-2.0639923
2.3033156
1.0663782
-2.1167333
0.32041845
0.9885903
0.62354094
-0.016149553
-2.9884925
-1.2026874
-5.7524414
1.6450218
4.588409
8.390013
1.329193
-3.3772862
-3.6262374
-3.8702593
-1.6784661
-3.6676633
6.1858554
-7.1887293
3.988459
0.45523325
0.34978694
-6.541422
1.8047253
-6.6949553
-2.5026386
5.379218
9.756167
1.8220657
-2.2479084
-1.9808365
4.6635423
-2.3221111
-1.2968049
-2.8728101
-0.43188807
-4.859335
3.6278682
-0.2139638
-0.73153496
-3.936756
0.8395208
3.6166859
-6.4589515
1.2148123
0.18512803
-1.2819177
0.52372247
-1.3044055
2.9013808
-6.807688
-2.9589684
0.87266135
5.167323
-6.47588
-1.56093
-4.871
0.23356606
-4.503984
-2.786369
-2.0574224
-6.135318
4.1285615
2.185253
9.547196
6.2646894
0.12016677
2.4192111
0.6868319
1.8252307
4.808547
7.9847126
-4.3578186
3.5786982
-1.6784518
1.2854378
0.366904
2.8503988
-6.7716484
2.5360594
7.4821563
-3.1319876
-0.7587338
0.22227407
-3.159018
0.23300609
4.009533
-0.7065283
-5.2508407
0.81045705
-0.056919776
-3.2955143
2.521115
0.32964733
4.307297
-1.8185294
0.26106647
-0.4024669
1.3737997
0.24714594
-3.649241
-1.7676449
-3.6198318
-2.656051
2.7529006
0.64243525
2.4451034
4.297047
-2.3276305
0.6821791
-2.0159986
-2.3470416
-2.5427337
3.480125
5.546643
-1.3908184
-0.16627805
-3.0606015
-2.8550115
-0.88108265
1.0451816
-3.7778351
1.203736
4.359725
3.005774
3.6430128
-0.65247166
1.1957452
-0.12277671
-1.0653744
4.459642
-0.6606443
-1.8446934
-3.7099965
-0.004164604
2.4572673
0.9975343
-3.0916219
-1.4094533
-3.062681
-1.0235645
-1.1184922
0.7745565
-7.5267086
-0.077139355
3.550534
3.8150089
-6.4427385
-0.78141123
-4.4105787
-0.49686816
-4.5802016
3.6163871
-0.29980332
-5.0267754
0.8476611
-0.64156735
4.041144
4.504982
4.2685146
4.712546
-5.0129013
0.92714787
2.1041856
-6.937503
1.4633482
-2.6747918
0.9422852
0.9890487
-2.1066678
-6.4759507
-0.15573384
-2.9602258
-0.4216183
-2.6782162
-2.3964565
0.52336615
0.78294027
-1.6336938
2.7620947
5.041294
2.8307025
-2.7979195
-2.0350552
1.2820208
-4.7402725
-8.039057
3.120236
5.2184854
-5.5964303
-3.0327728
4.8113914
1.4427407
3.6548357
0.71781063
5.294338
-3.2385354
-3.2894294
6.84391
3.2521362
1.7789801
-1.1437044
0.74922025
-7.234919
-2.674324
3.0470383
-0.7588985
5.9715586
-1.4681585
-0.052219737
-0.81261533
-2.0632198
2.0900407
-5.8753495
4.5732546
-3.5335145
-0.21346354
-2.6261756
6.8330083
-8.948279
-1.6200384
1.3705227
-0.20991372
2.2463665
2.2906477
1.9668247
-3.1966233
-3.5817015
-0.9237823
2.6209917
4.1177716
-2.7423627
1.4720067
-4.664136
-1.7686068
-3.7502568
-3.8510387
0.5659261
4.102819
4.7577963
-1.2929852
-2.0124705
-4.914977
-1.7484856
0.38563722
5.3901434
-2.5687327
5.449895
3.2789972
-1.9181757
-3.9320824
-1.4587392
-2.2578042
0.53264713
-3.7236538
-2.9370492
7.5564985
0.75285643
-3.2803998
4.0977373
-0.031569134
2.968008
1.1817758
-1.6619847
1.055941
-4.49034
3.8841486
-2.5246336
0.30363724
-3.9556403
-3.540924
-0.5909373
-1.4743156
0.0150551265
6.690771
0.31102154
-1.1749169
5.809259
-2.0689008
2.5424786
-1.8431947
-1.4540087
-0.049682926
-0.35007367
-0.54199
-5.9848747
-2.634492
6.6905785
-1.4582384
-5.848964
-3.0404408
3.2461245
2.9792595
2.6619844
-5.76873
-0.95644766
2.9928737
-0.65058446
1.7138058
-4.5479307
-1.5282109
-6.2471523
2.3173285
0.36654848
-6.7890344
-2.7882
1.1066422
-0.55929077
4.811555
1.6785702
2.0943115
5.1664715
-2.9467354
3.6210427
0.45888817
-3.7907236
-3.6403403
-2.571575
-4.1983895
-5.647883
-1.59319
-2.352604
0.059605297
-3.2371073
1.2876872
3.9521039
-2.821368
0.36193013
4.386074
-7.286215
5.8949184
-1.3087918
-4.03317
5.1043396
3.9116662
-2.4904068
2.3551986
1.0377294
1.5777086
-0.8246674
0.53065133
5.986815
0.6060424
2.1677704
-1.3469512
-0.8263586
-4.1468134
3.4833546
-3.2110364
5.5461936
-0.15200083
4.004505
-1.0785134
3.0497503
-0.13127299
1.5816245
2.2980883
4.6310754
-6.0436573
-2.2389088
0.7989938
-1.0942461
-1.4748065
4.5309777
1.0605222
1.2092454
0.89378315
-4.36137
-0.29843178
1.4041418
1.1802332
-2.809117
-0.47905385
1.6002321
3.365309
-5.9143414
6.852604
-0.8876819
-1.7457691
-0.355005
-0.069734104
1.8000954
-0.04526313
5.172715
-3.9717715
4.669491
-7.1425695
-7.9843473
-3.095202
-1.2072046
-2.9254837
-1.9269389
-1.7516916
0.40042177
-4.385072
2.6242578
-0.6883507
-0.9711449
-1.8440826
-0.9685203
0.21150005
1.0505913
-2.875697
3.093845
-0.63792676
-2.318142
-2.4535513
-1.270069
-2.6677942
0.00210048
2.8899043
-0.21209504
-2.5041451
-3.1499865
-0.3585006
0.41793394
0.7071664
0.2593182
1.5363386
-2.268474
0.7717412
-0.7352283
4.6802764
-0.7068673
-2.8391118
1.8089584
0.27435017
-3.111289
1.7846107
-1.9551579
3.197019
-2.5095286
-3.6425064
1.3039764
4.26289
2.546536
-4.529723
-0.6621687
1.5802372
-7.2897153
-3.7777705
0.8983215
3.9265351
0.7960432
-7.652221
-2.4595335
-1.0191023
-3.4571822
1.1112692
6.041544
-3.8925092
-2.7349405
-1.949318
0.24698503
-4.9453516
5.2132225
-9.081679
0.83500713
3.2595959
6.052059
4.730216
-0.8122207
-4.1598287
1.2372427
-4.7055035
-1.3640412
-2.2078185
2.584821
-1.4894892
-1.3041439
-1.2912236
3.8151069
-2.268433
1.0675414
-0.7489984
2.5407982
3.6486063
0.01112581
-1.773001
-4.7177553
-2.480238
3.9169
0.26856986
-2.2609243
-2.020241
0.5925847
-3.2214062
-0.13392133
4.824401
-0.27599075
2.444625
-2.6351526
-0.17732316
-5.4188256
4.162112
-0.06319654
-0.94157153
5.4758496
-1.1419861
-3.0642135
0.55187833
-1.2637824
5.9637265
-0.3314929
-1.7939345
-2.429473
-0.6801858
-4.612583
3.784063
4.832019
-2.6531212
-0.30471182
1.9752237
0.07788592
-3.7501304
-2.628468
5.3359866
1.2568492
0.33682653
-4.0295606
-1.4709228
-4.183858
1.8328149
-3.9901903
0.6262905
1.8963968
2.4231067
-1.8562028
0.1744744
5.889562
-1.5188429
-1.6071758
-3.0822854
1.2980819
1.1404166
-1.1583982
2.3990471
-6.495898
-6.529466
-0.39096868
-1.4956312
7.2300696
0.57671964
2.2090816
5.5060306
-3.3298008
1.7453582
-3.1081755
2.1532047
2.759859
5.1202292
-1.8740137
-0.67572886
1.4577941
-5.058312
-1.2291056
0.87784535
-0.84081787
0.20397487
2.4633467
0.059670966
-0.5082682
-4.871473
-0.40270013
-2.4588385
-0.29789713
2.0677075
-0.05270042
2.7922974
1.6194009
-0.30449137
1.4221997
2.8413403
2.6416094
-0.46320644
0.4641298
-1.4424978
-0.0780837
1.270502
3.6242146
-2.878086
2.5804527
-0.8513795
4.7594004
-0.864147
0.55978054
-4.7824383
6.764753
-3.770136
-5.4857044
3.7773314
5.1028833
0.8616947
-2.5015028
0.36921248
0.672335
0.75359386
-1.1671084
2.7307947
1.479071
0.027816754
-4.2093034
-4.07295
2.326591
-3.6145294
-8.332689
-6.571151
0.8385519
-5.712082
-4.953303
4.3616977
-1.0330374
-5.2706265
2.1530936
-0.7000989
2.627167
-5.4537663
1.290924
2.5505195
2.6497922
0.78000873
0.32104966
0.27472946
-1.8811357
-0.7996084
0.8167412
1.4589114
-1.7259196
-0.13685326
-1.731285
-3.5842977
1.3824909
-3.2245927
0.08628144
0.34065697
1.509385
4.740361
-1.6629055
1.983269
-5.740978
-1.6783881
-0.598998
-2.247567
-0.10801392
-0.6705492
1.766578
1.8563672
-1.4604399
1.5040532
6.2276664
-2.7886012
4.575702
0.40580323
-1.5807084
1.9966187
1.1287472
0.799032
-0.2983851
-3.5350838
-3.6535187
-0.64607805
1.4315377
-1.7130988
-4.24739
2.7401025
6.5544524
-4.450981
1.1303887
4.474263
-0.6685673
-11.197594
-1.4962254
-3.644798
-6.920336
3.7590287
-4.849503
-2.2332962
8.654314
-2.1629438
-3.6616385
5.294432
1.2148226
9.797419
-1.5597185
2.511537
-2.1642845
0.3363596
0.6762448
-8.594838
-0.7633615
-2.511809
7.7987614
-5.1798005
-1.4549034
-4.1657267
-0.77259684
-4.213873
1.9879123
0.29605967
4.0540223
12.869359
0.032699034
-0.02742084
1.6131934
9.589543
0.92041516
-2.8703158
-1.2869778
2.2129943
-7.09947
3.8767035
-1.3942479
-4.326881
1.9619764
-4.7451415
-6.143416
-0.052811168
-1.6752156
10.03839
3.0366588
2.5252154
-2.2345402
3.2544212
-2.7072299
-4.0136395
-2.6049042
-1.3278062
-0.29643396
-0.27565324
-1.4759918
-0.020750463
3.9378622
1.0295482
2.645095
3.413932
2.1633394
-1.2908387
-1.0806587
2.7400398
0.041969128
-0.60859966
0.5908603
2.3924248
-0.5838907
6.006822
3.815075
-0.5163493
0.5348198
-1.8553474
-3.6059113
-1.7083658
0.45878965
-1.2266611
4.03791
1.7152119
4.3733587
-3.1310143
-2.8571675
-2.7404392
2.9708753
2.738287
3.4037323
0.31579545
1.0775685
0.47458997
-0.048095983
3.0539758
-2.9672086
3.0104635
-2.5104983
-0.7680473
-3.9237115
-1.998451
-1.6845717
0.0484144
-3.2445383
3.4478714
0.12799789
2.9047627
0.6791623
-1.724885
-1.1110696
2.1640944
-1.1318243
-4.06642
-0.21126409
0.014094802
-4.405139
0.74218726
1.3099037
0.27178022
0.28389177
2.306745
1.3223109
3.5466452
-2.3675833
0.534209
-0.23201284
4.199203
0.2636058
-1.5712095
2.7756038
-1.4673123
-4.8434286
-2.039323
3.7268555
-0.36417964
-4.134425
-4.717028
5.9935355
-3.1640186
-5.322082
2.0707865
-0.18474898
3.6430788
2.9238367
-4.0180197
-2.6278095
-0.018320385
-2.0231998
-2.8858595
7.39623
-1.195343
2.4008234
6.773954
-1.0182924
-3.6030073
-2.8340425
-0.9581157
5.4589233
-1.1232138
-6.8003683
-4.665502
2.4538908
4.486682
-8.525789
-5.029072
-5.588529
-4.192956
6.475917
5.674864
8.918019
2.7037287
-1.1906354
1.6265068
0.50260735
0.5770059
-5.4359984
-2.9071217
0.9476002
-1.1849092
0.42570075
3.376399
-7.887214
-0.099252276
-2.690699
3.6821523
-0.97455746
-0.32890862
-3.7072685
-1.9378814
7.831571
0.5639267
-3.29463
6.9394617
-1.2602198
5.855686
-6.1218786
-3.38441
-6.0703754
3.364233
3.5520234
-8.109015
4.3825746
-0.7946187
3.3923314
1.244325
3.4876795
2.1202366
3.7889488
-3.5780113
8.005455
-0.5232319
0.06618722
-0.8566542
0.30478534
-2.628253
-2.7568734
-2.9993377
-1.1844736
-0.24332976
3.4987435
-0.776065
-0.6371408
-1.7288623
6.4651256
4.6524606
3.8408206
-4.9808064
-2.2997682
3.8734207
1.0435447
0.12093017
-3.4609857
2.0343595
-2.8707108
-0.98877704
3.1763976
-2.6875944
-1.3967954
-0.8743547
1.9962524
1.9152085
4.520764
1.9312509
3.4443882
-0.047719225
-2.1904514
2.206398
-2.092776
4.487533
0.5864372
-2.028912
-5.690843
1.2610075
-3.4252317
0.44242054
0.26396605
-2.417257
0.6038824
0.7365561
1.1417564
3.9136026
-3.194242
-0.5274429
1.5192709
0.9521937
-0.5121982
1.0979095
-1.0893579
-1.1770158
-1.7777938
2.5000434
0.53679067
-3.6248717
2.690064
3.2783594
0.19454911
-0.98340607
-1.4989939
1.287149
-1.2903386
-2.4588232
4.378454
0.2931564
-1.0906777
-0.03618108
0.018396962
-0.42185417
0.09712118
-0.99184006
1.2622967
2.2441633
3.7525961
-1.5841137
-0.37480676
-1.0875194
0.570703
2.686626
1.1578007
-1.907612
-0.034664094
-7.370098
2.9515145
-2.1463401
-0.23117603
1.0558484
-1.2802806
2.635947
-7.468594
0.8155674
1.3788378
4.5892262
-0.10370608
-3.9344637
-1.3561957
-4.7212934
-2.0207586
3.0526614
0.007959816
-0.28942096
-4.4663715
-6.3260126
-0.49010402
-1.2576811
6.275674
-3.7731419
4.1842275
0.7997867
-4.3489523
-3.1623533
0.79125404
-2.8591084
-2.0128617
-3.3979628
1.5916982
-0.5141455
-1.3653408
-1.2576681
-2.0997944
-0.7469062
8.236004
-3.6866708
2.7938485
-5.204822
3.7650003
3.2881875
0.10697633
4.664789
-1.1711452
-0.37388948
0.2934803
3.305832
-2.9768643
-1.6697426
-2.5858953
-2.287575
-2.0582068
3.0256264
0.25576133
2.1781085
-1.7479901
0.8161631
-4.6782575
4.944662
-3.071072
-2.6382139
3.5905788
-4.1460776
-3.5033314
3.839819
0.5192012
3.509288
1.7926463
-1.317565
-3.74408
1.1363391
-0.48663238
-6.340156
4.5334063
-1.6128625
0.32544717
-0.034938402
-0.9648111
-1.2336391
-2.491017
0.4307636
3.791895
0.40489
-2.073829
-1.2919534
2.2572129
-4.0953054
-5.1151457
2.2120178
1.1046209
4.596789
-1.7827932
-1.5407096
-4.2896976
1.4309857
3.3371248
0.12392159
-2.1811364
-1.5701149
3.3157732
-5.3074613
2.8421502
2.0907247
-2.0121827
1.2211708
-2.7336013
-1.4876312
-3.3535974
6.1528654
-11.339425
-8.560107
1.9362991
0.2029031
2.126272
3.395672
6.6836762
-0.33803716
3.6660624
0.0028982938
5.6674514
-4.478319
-5.126292
7.4980664
1.5108311
-1.9704987
1.2853252
-0.059241947
-6.595475
-3.4153292
2.6901379
4.351842
-0.4366769
-1.5381129
-5.0691714
-1.9018067
0.97921175
1.6406971
-5.2899675
-2.65587
1.3278321
2.2190328
-2.180922
-2.3703644
-1.6619091
-0.14180787
-0.93504775
-1.636419
-1.9621633
-2.2777293
-1.1195124
-0.27896363
-0.46384335
2.501596
1.2065252
-2.246373
-0.91631746
-0.039340895
-2.4175396
-1.7636068
-1.6028291
-2.2348595
-1.4234266
-1.9608717
3.6077268
0.54684806
2.5953615
-1.5482633
-0.73692036
-0.65839136
1.4460794
-0.5638064
1.5993042
-2.0455513
-1.8165786
0.360745
2.2796059
-0.42769262
-2.0747402
-2.6616738
-1.6066074
-1.0633903
-1.7336949
1.7787532
0.18964036
-2.3903034
-1.9464309
0.49976525
1.7271541
0.39130476
-3.35682
-0.30297396
1.7293907
-1.1633605
2.421887
-3.0287771
-0.8124921
1.6676091
-2.2514992
-0.82562953
-1.2857467
-2.8743455
-0.6211963
-3.0004911
0.99328715
-0.12358212
1.3251945
-1.6988409
1.6587554
-1.3125595
-2.4104164
2.5872054
2.5189698
-1.6112858
1.7552224
-1.1314816
-0.21258907
0.76387554
-2.7270396
-1.8502641
-3.3124783
0.8894198
-1.244273
0.7416612
-0.17799194
-2.5925958
-3.5503185
1.8002019
0.8786431
-0.060790267
-1.6588598
-1.1172165
-0.17994645
-0.94928837
-3.413758
2.7597682
-1.4415995
2.0295875
0.69696933
-1.1022769
-0.4212031
-2.1467128
-3.4860878
-3.6346984
1.0485265
-0.22399037
3.8453171
-1.5107796
-2.0900602
0.52807933
-1.6008389
-0.96373796
2.3185546
1.0210148
2.2931044
-1.8950063
-2.8871827
-1.6254913
2.1345716
2.2475767
-1.9559301
1.7766775
-2.1236715
0.77085143
1.0052859
-2.1107278
-1.55198
0.41975427
0.72450507
1.07148
-0.30861843
-2.1686795
0.9897346
-1.1823199
1.5047836
1.8713707
-0.4896378
-0.24770322
0.49579188
0.20060928
1.0525352
-2.4194915
-1.9362047
-3.1627793
-2.3744373
-1.0927225
-0.5832947
-2.2872782
2.584743
-1.0749577
-0.18707539
-2.6276608
-1.5884038
-0.8842165
-0.3847983
-2.851973
1.2237073
1.6920125
-1.4301716
-1.7029397
0.361974
1.9977435
-1.6918314
0.5178022
-1.6805453
-4.0210285
-0.577344
2.4273372
-0.79934824
-1.897912
2.887948
-2.4299552
-0.88794786
-2.0324073
-2.0907004
4.4835076
-0.656798
-1.6898689
-1.5567325
-1.4955882
-1.974016
-1.1418645
-2.3043933
-2.2538476
1.2884856
-1.4247003
-2.4898977
2.8308032
-1.6718855
2.275983
-0.97544724
2.268583
-1.8785053
2.4121575
2.3162644
-2.221264
-0.07647209
-0.80986005
-6.225189
-1.9579052
-2.8774753
-2.0366743
-4.364539
-3.9626393
0.320963
-3.2976277
-4.1232696
1.2057071
0.4664764
-0.43338084
0.29856828
-1.5365599
-0.08520679
0.25954327
-2.4365327
-2.4647987
0.81488174
1.0905774
-2.3571358
2.1974623
-2.2060533
0.2409258
-2.0441728
0.3201228
0.64365214
2.092085
3.6896234
-3.4908235
-2.0932724
-1.5487052
-1.6180943
-1.4007219
-1.8516251
-3.321017
-2.4989903
-0.082100354
-0.11547609
1.10638
0.8113844
-1.6717227
-3.7022955
2.70853
-2.7299821
1.7970016
-0.23665415
-0.99814266
-1.506098
-0.46564254
-0.012471037
0.7739292
1.0146768
0.8481417
-1.5010742
-1.4485124
-1.6811965
-3.3377957
1.4227272
1.3627166
-0.83761585
0.98944306
-0.43083948
-4.330258
-0.3150128
-0.3108543
-3.1570504
0.8764643
2.8441012
2.4402788
-0.909793
1.4791293
-1.3762143
-1.607608
1.9215944
-1.2101408
-0.46074593
-1.3919954
-1.9557096
-0.43130213
2.545731
-3.0543919
0.93841875
4.3170204
-2.0420592
-1.9025316
-0.09871368
-2.1516244
0.67199296
-1.6230508
-2.8784552
-1.0776657
0.0652139
1.3711765
-3.3300126
1.832592
1.971852
-0.9615098
-1.1006753
-1.9815197
0.14637658
4.7348433
-2.7098203
-1.1801364
0.23467228
-2.2499335
-1.3425012
1.5933206
-2.1175032
4.098014
-1.127838
-5.234217
-1.3026828
-2.276053
-0.11867972
-0.60962516
0.32799718
1.7577944
-1.798273
-2.0693223
-1.4998629
1.6876394
-1.8418237
-0.39299193
-1.1312547
0.6168416
