0.0
0.0
9
1
27
9
-0.40356612
0.6623119
-0.36999846
0.32770276
0.25418234
-0.18821394
-0.87570727
0.63343585
0.3909477
-0.19071925
-0.2847545
-0.8587941
0.4748249
0.075208545
-0.5025915
0.85494626
-0.23299825
-0.3025217
0.034145594
0.23581266
0.74742615
-0.47999
0.5839846
-0.06571472
-0.12123227
-0.6233082
0.07067621
0.56375635
-0.95795846
0.8241267
0.21967137
0.18362093
0.16843045
0.63823354
0.7510842
-0.10557568
0.08977485
0.8761245
0.50914013
-0.66880155
0.81184745
0.5535579
0.50071037
0.10227251
-0.81190336
-0.056191325
0.37211776
0.74431145
0.27648425
0.5663991
0.51655746
-0.40883625
-0.030946732
-0.589574
-0.80197906
0.28152394
-0.7050909
0.5401052
-0.49335825
-0.68802273
-0.85443246
-0.4212376
-0.8887985
0.08743799
0.12158477
0.6872281
0.41474307
0.9963529
0.3467301
-0.52491844
-0.6023506
-0.03443563
0.06764722
-0.85367525
-0.020751
-0.7920499
0.8111863
0.3289926
-0.24468136
-0.90037715
-0.0021877289
0.12131512
0.36736345
0.6036165
0.92842484
-0.5380273
-0.7959206
0.8408612
-0.27448964
0.96162844
0.58103013
0.4003756
-0.59902084
-0.31358826
0.7276195
-0.961251
-0.9432056
0.336766
-0.15149927
-0.53983784
0.14625525
0.9986894
0.018452406
-0.035331488
-0.38947356
-0.25320375
-0.20444894
-0.36725497
0.96490073
0.3439312
0.058512926
-0.7370112
0.4817965
-0.9893129
0.83293283
0.038295627
0.47333777
-0.46326506
-0.30834687
0.5611774
0.31748414
-0.9127244
0.9017215
0.8245759
0.8312788
-0.95870364
-0.16932428
-0.6196346
-0.56267715
0.60906005
-0.5141984
-0.4002663
-0.6092453
0.2460059
-0.5096246
0.8100538
0.26078367
-0.1531043
0.6308093
-0.77979016
0.55138135
-0.888273
-0.55062103
0.045407414
0.48954475
-0.5259383
-0.39857292
-0.09572196
-0.17270112
-0.37039113
0.017412782
-0.66714704
-0.75273085
-0.53894055
0.7640079
-0.2547481
-0.5855825
0.3934257
-0.87905514
-0.8705369
-0.3071351
-0.29210663
-0.70091975
-0.38558865
0.3923092
-0.22692382
-0.28101563
-0.64612865
0.5003542
0.6084751
0.42836666
-0.8277855
-0.896714
0.670017
-0.5778549
0.4912318
-0.962067
0.6421814
0.9835248
0.24737883
0.22191024
0.6420444
0.11190927
0.011999965
-0.91924524
-0.6995089
-0.6511018
0.19692755
0.5613835
-0.6960199
-0.6566447
-0.9259206
-0.54357624
-0.8179891
-0.92185664
-0.9736819
-0.2410332
0.34245634
0.36344302
-0.19985807
-0.8508595
0.92709565
0.8146759
0.027278185
0.6407839
0.22713661
-0.31172442
0.55669785
-0.92211056
0.8136567
0.5384588
0.4819988
-0.71293294
-0.24264967
0.35658693
-0.39124537
-0.9839823
-0.70135665
-0.38326764
0.58584106
0.6021035
-0.047743082
-0.7869681
0.28367174
-0.065998554
-0.43492746
-0.3461367
-0.84326446
-0.4611529
0.47429955
-0.12631667
-0.64991856
-0.57584417
0.22237289
0.71557176
-0.07203555
-0.9636378
0.76984704
-0.6125307
0.7025149
0.8054904
-0.2917987
-0.8546325
0.26203573
-0.8010323
-0.5824379
0.031110764
0.6396339
-0.9911288
-0.34722376
0.8961103
0.9768709
0.27915525
-0.2058214
0.1614505
-0.9662608
0.40710056
0.49216974
0.06718433
-0.35845423
0.6220579
0.09900606
-0.40211153
0.5114875
-0.61852086
0.95488334
0.16785479
0.17733884
-0.112553835
-0.9773754
-0.381029
-0.59948194
-0.3941313
-0.30357087
-0.4800439
0.8908572
-0.41406357
0.9018718
-0.6689943
-0.35604644
0.78122735
0.31952477
0.16813302
-0.83047533
-0.7507055
0.072363496
0.9029052
0.14450693
-0.13195992
0.29290414
-0.31655836
-0.014264226
-0.5995759
-0.6885668
-0.03971243
-0.92781055
-0.25897622
-0.1303668
-0.67381096
-0.9155109
-0.103168845
-0.2414869
0.29319417
-0.445616
-0.37006426
-0.99378574
0.17647243
0.27033615
0.19205928
-0.493379
-0.04439211
-0.13569033
0.71227074
0.49664938
-0.9540452
-0.43700945
0.5927925
-0.8222408
0.8212882
-0.26632738
0.7880819
0.061028004
0.25199282
-0.8430358
0.68502927
-0.7733295
-0.29073536
0.73756075
0.09411752
0.9660907
-0.33468902
-0.90089285
0.7609272
-0.5384619
0.30365765
0.83440864
0.0039144754
-0.09438646
-0.16500533
0.3889494
0.2986306
0.32685614
-0.7336713
-0.90887845
-0.3875544
0.33134937
-0.5503502
-0.18974924
0.33058727
-0.13716137
-0.8228177
0.3832152
0.018371463
-0.79935133
0.9111613
0.21819079
-0.118430614
-0.062624454
-0.7642218
-0.567907
0.49389613
-0.80522025
0.3775519
0.23513472
0.56581604
0.34068406
0.0192343
0.92634714
0.6716857
0.8623513
-0.7259692
0.34893775
-0.096585274
-0.36055446
-0.9847678
-0.32876217
0.38025546
-0.14486206
0.9763901
0.26125813
0.9492465
-0.6936424
-0.86473477
-0.27973282
-0.17631018
-0.5510057
-0.86150694
0.99936855
-0.5764804
0.5726727
0.96209466
0.26503408
-0.5714916
-0.119562745
0.96567214
0.78347015
-0.30887914
-0.30456626
-0.90328884
0.69431746
0.86994696
-0.32013357
-0.37156796
-0.06747031
-0.3422823
0.8877604
-0.3560766
-0.31939495
0.54187405
0.14528036
0.9659358
-0.8048254
-0.06625545
-0.9703233
-0.38797283
-0.587952
0.04901874
0.3757422
0.6463256
-0.19180226
0.4631132
0.4586153
-0.19916654
0.16008711
-0.82286537
0.8717321
-0.9689921
0.3137393
0.22168839
-0.36712933
0.61366403
0.25776494
-0.76381636
0.60992265
0.132617
0.70722675
0.5612726
0.26791668
-0.8472495
0.26099873
0.6735709
-0.28720546
0.26143944
0.84167254
0.30804932
-0.3353567
-0.05619943
-0.42513907
0.41891813
-0.64108956
-0.7773316
-0.8200569
0.8201331
0.38020885
0.68432486
-0.850827
-0.45118308
0.417547
0.2569312
-0.034872532
-0.13291645
0.13634336
0.5216428
0.9824904
0.54945266
0.4417808
0.30911028
-0.3298484
0.4149382
0.91658103
-0.45968115
0.12081635
-0.2930534
-0.8829863
-0.33443964
-0.80870116
0.18352437
-0.42696154
0.37510276
-0.4028479
-0.030284166
-0.9626887
-0.48260176
0.66631293
0.18851578
0.94499755
