0.0
0.0
18
2
72
54
9
21.76617
8.310155
16.552687
-34.47807
-2.048438
33.656013
-4.6167445
-39.166786
-38.080982
-31.557285
67.17672
-9.194085
-33.890583
-10.972394
22.803963
-18.933744
-34.949722
-2.6208122
-3.4938936
-51.227116
11.551724
-2.7631114
-25.57964
-22.061037
11.393518
-31.086184
-26.706251
-4.2883973
7.920599
-7.9219704
-3.0683005
13.049578
15.338336
44.403477
2.5536478
-23.304577
55.0945
-16.873854
-25.637526
-31.851383
30.428555
-42.33056
-1.4549171
-8.046478
-30.511442
-0.56832415
42.05123
3.1169844
-9.202621
-11.275214
2.5751724
0.5813674
21.973555
9.563133
-37.12549
-29.9725
-39.62979
-2.7394962
9.017904
27.969633
5.9990573
25.416237
-13.587895
-19.149239
-23.272854
11.308675
-4.975529
15.71859
-17.023468
-31.264261
-38.604374
-11.22554
3.3668983
0.23490444
0.3478957
-3.8979192
-6.442526
4.68273
-10.033898
-0.11433651
-0.41695818
-1.3218306
1.5804497
0.042944394
2.2872593
0.9594395
-8.149427
-11.80742
-0.7336846
0.23816192
-20.15483
-4.1422467
-0.35645962
-0.67552114
-1.4630357
-2.5941126
-0.70830417
-10.340995
-11.001332
6.38382
-3.9016151
3.6313264
-6.8086104
-8.24534
1.7371949
0.692319
0.13974287
-24.893616
-0.16248135
-0.8615055
-4.950036
0.21955223
-18.8421
10.77438
-0.69781846
-5.3952875
-4.346975
-1.2489083
-0.08444788
-3.631411
1.1590627
-11.375744
-5.639099
4.623421
1.427436
5.527053
-1.4171612
-0.82994395
-11.000846
-21.889198
0.42419267
-4.151645
7.253148
-0.05576991
-1.9131144
-0.3702389
0.47641152
0.9784827
0.56563085
6.7073317
0.97277296
7.366072
1.6143165
-0.24514113
26.451315
-39.015854
21.466496
-21.892132
-3.6284032
-5.143761
25.511524
-34.699715
36.644382
-2.887943
-6.40818
-21.55876
-21.01841
11.58062
-25.562902
-33.13939
30.051432
15.212665
-24.055416
-24.631569
0.905387
-12.120885
-3.2006183
23.971968
-9.935083
-6.8170795
-4.4385204
20.547867
0.3907123
-1.0791771
-3.9787197
-31.755878
20.926334
-46.382694
19.132315
2.2180295
-14.811881
-23.473734
-7.05876
-8.842842
39.875423
-19.835396
3.552101
53.455853
21.075905
-45.931736
-27.901
-8.480385
-20.622139
-2.5972748
2.109783
20.426357
-10.024786
1.7068224
-1.8221766
25.835833
18.20462
11.517285
-16.351507
9.7270155
-0.6261405
-3.3389993
8.088037
1.365285
18.121258
41.31239
26.17942
-32.48676
7.0062556
-41.27572
-8.7750225
13.269427
-24.072744
-17.173897
-35.756092
35.112434
5.3108478
33.997723
-15.690346
70.602196
-29.948864
2.3557158
38.968243
4.9147406
-13.355208
-10.921624
16.10363
18.203398
54.88142
-24.594736
-24.296263
32.174007
-30.535084
-19.36705
32.582108
-42.400005
-17.589695
39.41776
30.004303
-16.44372
-19.751654
-2.4658954
-23.559809
10.488142
-37.032703
-23.492815
-17.022093
-49.801147
-24.129902
-7.2976193
3.660408
31.9871
26.117044
-56.168297
-8.521419
1.339242
3.3522003
-12.580201
44.8177
-12.47026
-32.82616
-7.483497
1.4833208
-0.19648862
-4.453494
-32.07109
7.2980814
-54.366142
-30.23988
-12.7469015
25.748772
-19.238014
-19.235075
-8.685151
5.150683
-3.9565973
-32.4655
-14.089407
-11.738518
8.119457
16.402603
8.303609
19.571545
-27.177443
-48.90846
-25.72658
-14.463924
-25.486864
-5.011768
-9.3365
2.865687
15.734503
31.183458
-11.882594
-0.39120907
0.57506984
-20.797852
13.787325
21.486956
6.74883
2.8161333
5.099378
-34.27355
-28.681446
-12.556322
-10.301391
31.2058
27.683207
16.87292
72.3849
-22.624989
-19.60418
-20.071598
3.64845
-15.838034
15.678269
19.874691
17.051529
16.155342
29.912663
-36.662514
-12.265166
28.123335
3.3389134
32.559906
46.02261
-31.179722
-29.312588
2.0752237
13.059913
-16.782564
-2.7459843
15.143114
-29.314772
-20.22461
-19.195253
3.8113773
45.04124
27.073574
43.98257
-16.254684
-22.106052
10.987065
-50.002293
-44.592026
-47.310436
28.835659
2.8026986
20.525133
23.816074
26.666733
50.04286
-1.6340442
-24.041271
-21.901064
34.431858
-31.777744
1.5563493
-9.383144
-44.503544
-19.423248
-33.775894
-21.616108
-36.40198
8.601837
19.241014
33.6685
-14.453766
-10.802742
-5.9502068
-3.3128214
-31.129225
-0.86575425
-14.644945
23.11988
-13.102804
21.138823
8.194697
-8.061458
-49.69784
-17.883114
-29.447798
-30.64057
17.16047
15.795367
-25.1902
-21.680683
-55.365116
-25.997307
-19.993568
-26.837782
-17.89601
48.353584
-13.369997
-13.876325
-11.061137
-14.614751
-0.37614536
-29.95472
-26.800783
-62.280865
-53.21767
4.5309057
-44.407272
7.7407746
-30.612556
-41.565945
-41.13741
6.0075836
-48.813583
-24.911993
-29.302263
-30.580538
-37.33236
-43.1402
-46.610435
22.083925
8.992908
21.785616
20.00622
-20.113506
11.141631
-9.113957
-16.836216
14.177304
-22.054731
24.932154
-30.648453
-24.05532
-13.215233
5.1010795
4.7367625
5.3057528
-13.182104
45.56408
18.77853
-27.340881
17.50533
19.268257
-15.017951
24.732853
44.641354
20.35404
-14.902511
1.2961612
-9.953284
26.181873
4.3528333
-25.367218
-7.3349714
18.915964
-10.399056
-40.467243
3.147879
33.694435
43.33648
5.3930454
-21.833427
-25.86224
21.912058
37.272038
2.0930643
-25.917925
8.974248
45.85942
17.834684
-1.3564248
33.44966
-47.394657
33.97452
-1.1867998
-18.663355
-18.21067
11.08361
-38.57301
6.5072436
-2.838393
-18.353079
-0.29710525
-13.339889
-21.263147
-16.19673
12.251123
19.127583
3.336717
-11.644427
5.8633256
-38.572277
7.8851542
50.227768
-48.183285
-27.085579
-21.00984
-30.697533
4.048919
-37.58933
35.71115
-32.748333
-15.464583
-37.34593
-19.847603
17.564339
8.311202
-4.958866
17.13607
10.072744
2.5377114
17.7835
-7.9341974
-39.296997
6.597493
7.5015235
-7.3143167
-9.760959
-2.6383018
29.134811
4.951085
-0.99197453
-8.120919
39.367435
-13.692065
-18.867533
12.407589
-8.247219
-1.6906625
9.052913
-6.31105
-37.565063
-26.901451
23.699986
12.34074
2.8610947
-14.297864
25.201942
-28.21224
-12.15349
-38.839123
-14.856674
-7.9159307
4.944482
-11.708604
11.979206
-0.67330533
-18.842936
4.68917
6.157211
13.880654
-15.622955
-4.913798
-20.907543
-0.21915206
-12.232854
11.2698765
0.49473837
1.0453838
-5.384702
1.0577608
5.7574387
-1.8929671
-25.44264
-5.696601
-28.584589
13.222528
14.312119
-3.585875
-0.38311508
16.99625
-7.771434
0.7987826
18.798141
6.201482
0.53692603
-12.651642
-32.89728
-15.19983
-42.58336
-26.134102
-37.815037
-14.061552
6.3152637
-6.3204784
-20.969526
-4.357999
-23.273834
-47.85301
-41.54573
-29.78571
-4.592851
25.966404
5.1231775
8.765871
-23.917688
-29.312273
-3.0443218
16.106081
-2.2639673
-41.103428
-13.324388
-42.137924
-58.23831
-22.410982
41.928745
10.144045
-24.762327
-35.624104
-21.987612
-7.353597
-0.29677957
21.492342
-4.105634
-27.17899
-8.704423
-51.708187
-8.450268
-17.05518
53.30977
-20.441952
-61.231815
11.127191
6.594839
10.697033
35.02373
-11.081424
31.151636
-43.467182
2.078775
50.92453
-24.266737
-15.644758
16.862398
-25.947065
22.192263
-52.986954
-49.031677
-23.069284
-7.314631
-15.35295
34.34034
0.86355424
22.861866
-19.500341
54.998146
9.339743
-28.493912
-26.059904
35.0966
-29.065813
-6.0561953
15.890141
8.1024275
-3.6326518
-66.71175
28.19155
9.88969
-24.052382
9.249892
7.081982
4.4344497
-24.396685
-33.318165
-24.401295
-21.920097
-12.441148
-16.855648
-28.43573
-18.064543
4.018428
34.991867
-19.836458
23.452772
-1.1045908
-28.004726
-32.106472
13.864165
-28.119295
-40.06251
23.02456
-18.397823
45.75907
-17.017141
-17.746223
-30.668428
7.984221
-58.078796
-7.9433236
20.48663
13.212416
25.980303
54.157528
-42.2963
38.578587
50.49891
-25.444227
-15.960074
3.3720133
-29.645311
-11.825436
0.7126697
4.506845
-7.689547
44.694973
-15.407787
-11.064604
-7.930814
-12.865597
-31.03635
-89.023186
-29.89595
17.486988
-41.711514
-20.958096
-1.2798936
37.73352
17.72716
22.934872
-32.317608
35.557476
-11.0043545
0.9412088
12.982553
-24.286829
-28.424267
-25.627768
-1.7873018
-6.2648277
10.0709915
27.838324
12.121909
-3.7922368
-18.843504
-3.559064
-14.707145
12.787055
-24.504616
-37.883957
-7.6810503
-5.9557476
-15.765818
-14.635375
-12.293862
-17.251572
43.843998
4.0449176
4.885861
36.081577
-18.49988
-5.8273945
7.019832
-19.869717
25.193686
-25.972752
-33.805065
8.929884
-14.994191
4.5986295
-26.577196
53.453068
-8.267268
-0.0054997765
-6.000155
-4.9644094
7.081858
34.000103
0.5892627
10.24676
14.414707
-26.273663
32.34234
5.491832
-29.413713
-11.348616
-21.883522
8.880354
-11.191215
15.088721
-12.643576
24.301344
-15.971084
-24.62675
-9.29534
11.315484
-20.256214
5.2746325
-2.9739034
5.62446
-15.110221
5.5242577
-11.698746
-6.4769073
25.955967
8.865726
-0.037922975
-42.782337
28.976955
-4.5991244
-28.667807
-1.2530155
-45.984806
-13.506718
-27.344053
-21.122303
-20.886456
-20.487495
21.591164
-2.160317
3.9191852
-9.988268
19.95522
-19.501032
-9.141339
-3.1983466
-2.1748402
49.64121
-35.684742
10.020315
-41.634876
-23.743723
6.114463
-2.700723
12.932212
-9.379208
13.101367
27.260849
-10.671805
6.4235716
-10.290775
-23.786404
16.10408
24.729727
-39.94389
-20.717756
-37.88345
-4.682463
6.5306783
-37.703644
58.78465
-19.25989
-32.315514
-27.66008
36.195805
35.698593
16.434471
26.232399
6.854832
-33.742085
-12.138309
-33.122055
-25.887506
-8.861774
9.848106
-4.1234145
9.724379
-32.569008
30.32178
-10.571035
-40.05957
7.0372596
-6.4422035
19.256332
-8.509753
9.280663
6.638855
-23.02395
11.326929
13.350165
19.883657
-46.300667
23.50435
21.360355
18.361013
17.213377
-0.43728247
23.119946
36.144093
-58.692795
-28.085987
5.684848
-11.780731
27.903334
8.192983
-46.792168
-4.32478
25.376373
3.145279
50.360943
20.274729
-26.581053
-51.49893
-36.27444
-10.40615
-45.232227
-1.4866598
16.856161
17.998333
-25.292788
6.2490363
-49.62634
-9.127535
-6.781611
-7.619452
-19.163445
-6.0752616
-9.282581
-5.841383
-8.002782
18.109486
4.8396616
6.2245383
-32.893333
-5.0822263
-10.26132
31.680054
-15.992995
-23.44544
38.09944
-46.830074
-8.813329
-10.166965
-32.26162
6.689531
-49.118004
-25.308462
-43.29729
-10.822604
-14.603879
38.69913
-34.176033
-42.57337
-10.382311
-7.6403413
53.91806
-33.814434
-30.414593
-15.629775
10.755823
-49.54137
13.901146
-19.657845
34.342693
3.4772155
-16.672466
-33.684437
7.3211775
-2.9806433
-40.524384
-23.364027
29.219126
-46.07232
27.98694
2.7912202
-22.853113
-69.06709
-15.005396
1.9518042
5.9078937
-10.680334
-35.062485
-28.836998
-2.3395853
6.187325
-2.862888
-31.164637
-12.966518
-18.672646
-16.41199
-24.508886
32.951466
-23.521109
5.7410398
-36.42773
5.735122
-17.435045
-5.8718495
-36.098442
12.676604
6.7020516
25.323202
-46.263412
-17.472765
-15.261279
-5.3397207
1.585314
-20.071056
-5.3891172
-11.616141
-11.815327
-6.2491612
-0.26998308
-5.890564
-18.107677
-14.664367
-19.144896
16.199347
24.486742
18.601067
-43.07442
2.1084576
-17.324684
23.09894
-8.629956
-51.21546
10.91441
-30.713425
-1.5524224
-41.402958
25.39673
-27.16227
19.547247
-33.922573
32.96204
-25.54705
5.91169
25.752756
-8.69161
-0.5046323
-9.979451
1.3670508
-3.4780626
12.80982
-19.02369
10.417119
-16.74077
-10.533419
-16.76876
-14.151118
-16.945906
-8.128733
-24.566532
6.0133257
-34.73716
49.62622
-31.097807
-21.297777
-27.070108
-4.635876
-8.513954
-27.436068
-57.05295
-8.970011
-3.6803482
30.266142
-14.276198
8.109256
-16.164148
-31.7246
21.629835
1.8204479
-43.380516
3.5118868
-22.624624
12.649993
18.957945
-18.537258
-22.582426
-21.345606
28.2368
37.137848
19.240088
0.39779368
-7.515537
-14.068409
-16.005585
-40.72177
-42.276764
16.786768
36.085537
-36.193058
0.90962666
-13.951177
27.248665
-58.899506
6.1923323
-5.920003
54.58732
30.98313
-15.662364
18.144375
-30.190842
-64.66045
-18.600016
-49.08981
-19.504091
-22.456854
20.676086
14.442617
-24.474068
48.558193
-4.103668
-31.828741
-24.362535
-18.820448
-10.284317
38.087444
12.236458
-8.568418
-24.171564
-8.329299
-25.731089
18.124714
8.561672
-22.121954
26.860207
-20.311544
4.155098
-2.0843465
-30.570911
-14.290421
15.456718
13.248977
-8.542017
-45.76255
12.254658
15.723421
-9.592024
-46.509235
-23.516893
-41.210552
4.512822
-5.775221
-7.787446
-12.314439
11.440728
5.4109373
-35.118767
-10.340647
7.556725
-21.745867
12.23721
-36.425686
19.250124
22.22864
-1.6810768
-39.160088
17.892832
-3.874415
-13.010652
-14.963015
-15.386473
2.158878
17.52462
-20.909203
4.123988
-0.3751509
3.8576694
-48.706764
-1.1160231
-1.2945215
-30.675344
23.453587
9.33738
-29.190678
-16.06251
16.24148
66.74329
-42.64152
19.846174
-9.018958
-33.61397
-46.89121
6.6053047
-11.649423
-40.88777
-26.625725
20.664452
12.716274
-27.033154
-56.48365
18.999311
-23.35417
6.092231
10.642766
-39.174244
6.732781
71.24955
-18.414452
-2.9925833
-30.01613
-11.862438
12.458767
-26.558567
-30.069649
8.640241
0.98197263
-4.773691
-38.464966
-15.508732
-21.730865
-11.324125
-28.85188
12.323893
-3.6437228
-29.526825
-11.107022
3.00369
8.738374
-42.674343
-39.03721
18.449448
10.069853
-35.962017
8.4854145
-10.477596
-10.799613
-20.63124
-17.74725
-11.589036
20.92707
15.498343
13.321565
33.75069
53.017582
-14.550283
-23.10996
-46.02342
-55.0241
-37.36718
-18.216719
-2.2386477
25.411951
-5.397523
-9.628096
-30.71583
21.27572
19.186014
-3.7973132
-65.86763
8.145859
-5.014433
-32.957832
21.157887
-31.74333
-32.756683
11.781036
28.77783
-7.749128
-4.438587
26.779772
-44.38744
6.0579224
15.30075
15.807744
-13.271776
-5.1999907
-6.6529937
-5.293178
7.6091447
1.8034314
-3.4741778
-8.0192995
-41.760166
-20.557945
43.985733
-0.27261567
45.92199
-3.9065456
19.05196
2.342811
-27.782654
10.262446
-41.658646
38.94246
45.3064
-34.85949
-6.6703324
-23.244577
4.058886
-27.318396
-3.553032
6.3055654
-13.676333
24.321772
6.7784424
-69.431656
5.272684
33.068718
-42.68391
17.40427
5.4982243
-34.763157
8.695531
-23.876125
-29.133966
-86.348785
-37.36374
-7.3837624
43.077713
3.348738
-14.735299
-23.087355
-33.22732
-27.446297
-38.866714
-3.0369527
-1.7159834
-0.20757163
-1.4507462
0.9360971
1.4219316
-0.857072
1.3283687
-0.09740559
-0.23736279
-2.8493354
0.37589747
-3.9829059
-3.4898577
1.0917711
-0.029106757
1.8176258
-2.111971
-0.18141635
2.8739772
-4.9873414
-0.62126607
0.5678909
0.68475527
0.45201686
-3.8098679
0.20796816
3.0068023
2.5199587
-0.4609717
-0.9263908
1.5469661
1.1067035
0.18016031
-2.0172026
-1.0474348
-0.85298616
-0.69898087
-0.4999985
-1.569138
-0.82473665
3.523614
-4.07218
-0.6331874
3.6190753
2.0286355
0.89550287
-0.58418566
0.15131034
-1.121244
-1.2468708
-2.4251018
-1.2028208
0.75085324
0.5741761
2.4511168
-2.1846292
-2.072612
0.60935867
-5.065244
-0.2081475
1.3145868
0.28353575
-4.3094683
-1.3772054
-1.2831539
-0.019095644
-4.248586
4.1479416
-1.8951163
1.3150109
-0.16638264
-2.8713684
-0.72816044
-6.192444
-0.023361003
0.38383973
3.5778177
3.8276668
-4.7062654
-2.3179305
-1.0310172
-0.48883545
0.15135372
-2.246381
1.5232478
-0.2149551
0.14917925
1.7442234
2.3182552
0.43259397
-2.3375432
2.1107223
3.6699638
2.9810789
3.896522
5.580514
-1.2932764
4.103942
-1.2919266
0.7016272
2.4651575
2.9159591
-2.611753
-3.924023
-2.9263864
-0.9558546
0.35968664
2.1839416
-0.00425127
0.7189532
1.4955547
-3.162865
-3.3148642
-1.6868265
-1.5904976
-1.6880995
0.1106434
-3.7785382
-0.48743293
0.30133992
-0.31759012
-2.6679091
0.4936111
0.35831404
1.9805762
-4.0123196
6.743935
-5.076475
1.2603892
-1.1293782
1.9302382
1.8025963
-0.32513085
-2.3075185
-2.0420172
4.025419
-1.5119817
4.3651075
-1.2638209
-2.3318524
-1.5332791
-2.4680507
4.9144197
-0.726494
4.3614902
-6.0787253
-0.26278153
-2.5735257
-0.6859513
-2.643993
-0.42080128
1.3976873
-4.9444942
4.4346704
-2.1798396
1.1048026
0.27205798
-1.0238501
-2.7340932
2.3019428
-2.0339196
0.9593953
0.40889746
-2.717688
-1.3404058
-2.3471177
1.8112191
-1.270827
-2.5632849
1.5997202
4.02989
0.21364291
0.8413079
3.8530269
-0.8819046
-1.4016395
-1.2433119
-2.2616456
-0.08077039
-4.6355906
2.6122148
3.4899697
-1.3470014
1.6663597
0.39833808
-0.7461904
1.781218
0.4629605
-4.037055
-1.384579
-1.3370922
0.92328835
-0.36017433
-2.0111008
1.1424859
3.812628
3.7996619
-0.994329
-3.0988102
-1.782955
-0.8933463
2.356293
-4.8257136
1.5043494
1.9333508
0.15559497
-1.507419
0.6564878
1.5221528
-1.509102
6.4714336
0.64499766
3.613076
-0.081400506
5.145196
-2.4268649
0.69627666
3.0213544
0.7470893
3.2851279
-4.466849
2.5905452
-1.8183806
-2.471276
1.2369887
-0.02038839
1.6399324
0.84001553
-1.1642098
-1.6547571
4.3591766
3.1315763
1.127993
-1.7867023
2.016921
-2.6969182
-1.6008028
-1.0482855
1.4735743
0.64437973
-1.7464855
-0.19757591
-3.951832
-0.9258536
-1.5210896
-0.8376248
-0.11772002
-1.4025202
0.0012133764
-2.4313536
1.3451409
1.0771421
-2.462364
-2.3744638
0.87079734
-0.66285217
-0.52818066
-2.7669916
3.668269
1.8179634
0.46899423
4.8777256
2.3456905
3.5021753
-3.4373374
-0.086376324
-2.3639781
-0.91991496
-2.7206469
0.515184
-2.1098323
0.69075376
0.26392913
1.5548958
-4.3810916
-2.2259102
1.6064906
-0.9254492
0.6191119
0.122747324
-0.12654358
-0.78028697
-1.9850631
2.8073583
0.5195221
0.56497407
-2.3658674
-0.9915658
2.0726254
-5.553895
-2.6221592
-1.179868
-1.2339429
0.0077894386
0.22423448
0.37150767
1.0211453
1.7393953
-1.8853177
-0.13694128
-2.0547137
-1.0529366
0.33913112
0.5790848
0.9067473
-1.7481407
0.9703347
-0.9223307
3.0182638
0.54689944
1.7707114
-2.6558254
-2.5326607
3.2453437
-0.12213151
2.4385986
1.0130064
-1.1245831
0.27966818
-4.6077223
2.8156507
-1.4626513
-2.91919
-5.0279098
0.27218294
-0.19289054
-3.5701253
-3.934094
-2.3098109
7.156608
-2.6631296
0.5903011
0.48911163
-0.7729652
0.62096447
4.2270665
0.6300695
-3.4710307
0.14998457
-2.0825646
3.262675
-2.6394715
0.1417536
-2.9566839
0.82308835
-0.8581018
0.2589501
-1.0434576
1.1719592
0.11105945
-5.8833194
-0.9943365
-2.2447507
1.4476808
-0.78585804
0.4022996
0.12837592
2.0832536
2.5218992
1.448359
0.5624147
-4.1973004
-2.4833775
0.31507456
-4.9253917
-1.3072102
4.420039
0.668425
0.9308004
3.907155
0.32228565
0.5993559
-0.60279906
-0.11160995
0.73899037
-2.6851032
-1.526793
0.31140363
-3.8580015
-2.0724168
-1.497529
-1.7061043
2.700245
-0.5843545
-5.4761677
1.7176205
-1.2756131
2.5740867
-0.66606116
-2.8014855
-1.8090097
-4.8653584
0.045370854
0.27500075
-2.3011289
-2.814603
2.161429
0.6838744
1.333878
1.3050537
-0.3347241
-2.8993843
-4.4232965
0.29043838
0.2313814
-4.542157
-1.7867914
-0.66959184
2.2648153
-2.8780375
1.4794983
-2.8796053
1.2692586
0.89396155
-2.5628707
3.618357
-1.8901554
-1.8600619
-3.5323565
-2.4193594
1.3111508
0.27544162
2.0900283
-2.8560452
-0.5113596
0.21456371
0.5670466
-4.2055683
-0.15663497
-2.764795
-0.14264488
-2.4480307
0.1836165
-2.4473326
-3.3943665
0.21551469
2.9723458
-0.80437744
0.94476503
-1.6744133
0.5830801
2.6388566
1.2018027
1.2577068
0.21076022
2.2464447
-0.8438091
-3.1400745
0.86056006
-1.3294032
-2.0935876
-0.5364668
0.88714296
0.22409223
-3.8576996
-1.6522431
2.352086
-0.16291527
-0.42292163
-1.0884457
-0.22050437
1.2401915
-1.6030475
-0.1471281
-2.1381135
5.2945933
-0.7836001
3.3853776
-0.15898547
2.1922767
1.7591938
3.9057548
-0.9713409
-3.9443083
0.017646678
-1.9127337
3.8460884
-2.2185059
0.6586304
0.66204304
-0.9600628
2.2301195
2.2979195
-3.733046
1.7784425
2.2231052
1.1498998
2.6224484
0.9562195
-3.2519004
4.482107
-2.0164785
-3.5377014
-1.103638
0.9529127
-0.035752673
0.65952384
-1.267826
1.0611578
-1.7613403
-1.5026493
2.6196055
-2.71274
1.4435551
2.185645
0.08052672
-3.5747516
0.74621487
-2.2270417
-1.9438338
-1.2897593
-0.41050607
-0.58499575
-0.56004554
-0.20662071
1.9389579
-0.14151359
-0.61083674
0.5681963
-2.984659
3.4209108
2.3068383
-1.1716267
0.91089773
-3.6967912
-2.0341613
-1.5096021
3.1236467
3.0049596
-0.70511395
4.191417
-0.9153339
-2.2562032
-0.19288073
2.0270882
1.0743011
3.5542345
-0.5699679
-2.6690702
-1.6424489
-0.088639855
3.7197037
-0.27573183
-1.010527
-2.8030689
0.8507498
4.035411
-0.11864044
-1.8892672
-1.9559405
1.1495786
3.5701666
1.6111678
1.8550494
-2.7315896
-2.4304242
0.82637894
1.0825866
-0.9806693
1.1797329
-0.73030615
-0.8387323
-1.6758093
0.92608976
2.311581
-1.5734214
1.7038822
0.8131843
-0.950184
0.5703039
0.02949847
-0.0838889
0.19052775
2.5340376
-2.6571965
1.5284047
-1.4574968
-0.54166347
-0.5078878
1.8103907
2.5081897
-0.52293265
-3.8354104
0.77800006
-1.6991966
0.050415277
0.47363177
-2.1563416
-2.5367727
-3.4871335
0.78007877
-1.6701583
-2.4990833
-0.44857547
0.93351865
0.0696331
-0.18475838
5.07657
0.1744195
5.799968
-1.8090167
0.4255255
3.333238
0.70121473
-0.06752631
-1.3354158
-1.6367667
3.4074533
1.4342406
-0.46532845
-0.3687722
-2.2038884
-3.6945972
0.13350679
-0.9882094
-0.7014162
0.6645401
0.65053004
-2.1151536
0.19238988
0.2871162
0.097046755
-0.7122107
-0.95481735
-1.5099725
6.7717633
-6.809621
3.188251
1.6037751
0.85442847
-1.4456519
-0.07657932
-0.26589242
0.6616948
-2.9309478
0.057252467
5.2517195
-0.25531396
1.8665024
0.57703257
3.8504827
-1.3324245
-1.3421063
-0.4587559
0.020386452
-1.8481197
-1.23308
2.8523352
0.8647421
0.8909099
-0.7896381
-1.7401462
2.4345706
-1.2789406
-2.2553742
0.4761715
0.034457
1.7159044
0.7238814
-2.6323113
-1.5042908
1.1607529
-2.6364946
3.612363
-0.43605876
0.08495161
0.33716708
3.8828192
-0.23733567
0.13814907
-2.1756208
1.3060364
-2.563506
-2.0707023
-0.87564516
-2.2415893
-0.83371514
0.65653527
-0.08542919
1.016351
-1.3038245
-1.2723795
3.5665457
2.5200217
-1.4402148
4.038555
-0.58729386
-0.8564866
0.009208375
2.6443634
2.931357
-1.445611
0.49597985
0.182969
0.33152434
-1.1429574
1.1841016
1.8262235
-0.3806311
-2.5289276
-0.023790458
1.814638
-4.011053
-0.37566054
-0.22956157
-1.2975976
-0.9440328
-1.5220497
1.2345612
2.6945267
0.44584775
1.5649065
-0.62686926
-1.9280957
-0.6620666
-0.6307211
-1.4844149
1.245376
1.2674199
0.78132206
2.0495653
3.248421
-3.0049825
0.81670386
0.4276139
-0.65387803
-2.2795255
-2.2934234
1.4268571
-1.3499774
-1.814281
0.62201166
-2.5908275
-2.8581545
0.5391553
0.6471788
1.1332731
-1.2976027
-2.0850997
-2.5291996
-5.3914156
0.85916376
-2.5122569
2.8485909
2.83334
-2.0325294
-0.32811233
-1.5147228
-2.234286
-1.1946074
2.4249842
0.33971056
-1.1156948
-0.5786219
1.3906242
3.2966685
-0.1984288
8.335107
4.64257
0.60376865
-4.064433
2.3656673
-5.0764074
-2.861376
2.8754992
-4.972367
-0.7593216
0.15566245
0.57203394
-1.5922008
1.8502427
-2.4110694
3.6089442
0.9219476
0.98303014
-6.807928
-1.2775831
-0.16858222
-0.79598767
-0.90883714
-1.8099332
-0.14141949
-0.7795652
1.0296886
-4.61795
0.018755274
-0.41380605
-0.32906398
-4.475986
0.6264502
4.2183046
1.3329427
1.1101245
-2.2280083
-3.45197
-2.4326973
-2.3208456
-2.2721732
2.970033
-0.4334646
-2.7814965
0.26066715
-0.44989792
-3.4977796
0.053997383
-1.3320521
1.0326297
-0.8289829
-5.537683
-4.079285
0.9581103
-2.3423727
-0.80912334
-0.6402738
-0.4623757
-3.9852307
-1.2990471
-1.4181745
3.6793892
-2.922375
0.2512446
1.1920847
0.08765381
-3.1582239
2.8331914
-4.862321
-1.1252414
-1.9437382
2.2983003
-4.1852407
1.8223239
-2.505384
-1.5388943
-1.4041964
-1.2777007
4.943766
-1.1734773
2.3949735
2.969868
0.29188624
0.15541469
-0.6003288
1.5460932
1.8138797
1.022108
-0.5613338
0.63354105
-3.2059786
-0.8174713
-1.693002
-2.1033232
-2.210509
1.9422702
-0.29008088
-2.7118945
3.1061933
2.86343
5.5636935
3.0373049
-1.1324695
-0.81564534
-2.4045749
6.4568944
2.3015592
0.4845998
-4.31561
-2.2826664
-4.314627
-1.2482427
0.32986557
-3.5854945
2.0738397
-1.3409305
1.9235084
-1.1075597
0.42220712
-2.5722678
-0.9761568
1.4478177
1.5879595
-0.97514063
-3.9378126
2.1519027
0.99271125
1.3412212
0.622059
-0.30428642
-0.5809145
-1.9185323
-1.8600918
1.3419904
-2.5887856
2.3725238
1.0919752
-1.5950814
0.81256324
-1.2652928
-0.85330373
-0.16593266
1.881793
2.2096987
3.1926522
-1.4188836
-0.60654473
-2.3771796
0.26479888
1.3702847
-3.2057297
-0.70140666
0.8848179
-2.0934894
-1.4253465
2.049618
-0.6192691
1.7707154
0.32232717
1.1071322
-1.9341029
-0.9030163
-0.35996118
-0.8734104
-2.2318194
-0.729169
1.7196403
-1.8335178
1.5483998
1.4930332
5.9160333
0.905514
4.1990395
-1.9843801
2.6263945
-2.028743
0.93503726
2.1005023
-1.8767283
-2.0141847
4.301981
-1.2229224
0.38036945
-1.0064515
-1.4168713
-2.0938988
-0.46831566
-4.3452277
-2.5400836
-0.50974923
1.0077627
0.46442255
-1.4437443
-0.77494574
3.0299177
-1.3627826
1.5607903
0.9884634
-1.4665682
-1.4151505
2.2591484
-2.56462
-1.1177227
-1.0187213
0.58871573
1.404192
-0.053730693
-1.7689219
-4.4381804
3.7406483
1.3561463
1.2847108
-0.75157386
-1.7464788
-0.2596683
-0.79934996
0.35318634
-2.7180448
-1.0318862
-0.19458309
0.9774378
0.78255457
5.868828
-3.142475
1.3661357
0.7993514
0.5443811
-2.2329085
0.23170608
2.8023124
-1.7139254
4.580067
-0.9046534
-2.3793132
0.4902845
-0.4849413
0.089596644
3.6429636
-2.5989816
-2.6884475
-3.6509302
0.94129467
-2.9568129
-1.7876251
1.5121969
6.163141
-0.65720886
-2.4936044
1.2963992
-0.5785463
-4.122199
-0.04701922
-2.8352306
-3.1454337
0.5465488
-1.3062539
2.2247398
2.5410206
2.5161955
1.000228
-2.9130542
-3.5016208
0.04055384
-1.7076637
-2.9606838
-2.9345078
-1.6637304
-1.7720273
-2.3102694
0.17275976
-1.8753701
-3.3708432
-2.0107927
1.1420105
-2.2645955
-4.7360587
-0.25411007
0.8115203
0.9579484
0.4219689
0.5637852
-0.630384
-1.8592279
-1.6701776
-2.3128982
-0.9781673
-4.929533
-0.13570443
2.6917708
-0.9442008
1.6146116
-1.5512774
-1.6251304
0.78548664
2.2490556
0.35206857
0.96123606
-1.9793826
-0.45687023
-0.91549057
-1.097568
1.5828668
-1.7574342
2.65349
-3.5668814
-2.8247519
0.8275079
0.78722394
-3.19965
-5.525744
-0.8865505
4.2283826
-1.9564493
-2.2147746
0.13121422
-2.9536111
1.1329771
3.4729273
-3.1897054
0.43825173
-3.5166898
0.39579454
-2.0487945
2.3088892
3.8956578
-1.823945
-2.7312753
-2.1102293
-0.26693547
-1.1693639
-3.0687766
0.94419175
-1.5777533
1.2625172
3.3904052
3.2625072
-0.6408506
-0.92962503
-3.792679
3.0103197
2.3653135
-0.95900565
-1.7165166
1.1305526
-0.00817422
-0.89394593
-1.4571956
3.8960342
0.4328847
-0.8156595
1.6870649
0.03223636
1.3866365
-0.61341846
-1.7500433
-1.0339718
-0.80517775
1.744911
0.1954755
0.80579895
0.2629196
0.58481836
-1.7927005
-3.8102124
-1.1117477
0.7805993
1.1768764
-1.0185117
-0.09552369
-2.1956038
0.44830433
0.019642513
-1.7186843
-0.41036347
1.0985966
0.25477475
-0.18587708
-0.8521169
-2.2591672
-0.632631
0.48982832
-2.432034
-1.3977008
-3.6819232
0.25834966
0.45026714
0.688308
0.9266429
-3.5493896
0.03573908
-1.6797376
-0.7101125
-0.32622766
-0.22876246
-2.1464887
1.5416437
1.124844
0.93148696
-0.7988818
-1.5280622
-0.36447468
-0.6422064
-0.9529104
-0.02719387
-1.3101004
-0.8425283
0.9036001
-4.190776
-1.0286207
2.3927953
-1.5956448
1.8839089
0.4150522
2.0506556
1.198618
-2.9679215
-2.8525214
-4.1592937
-0.5737999
2.6699722
-3.0534983
1.6976041
1.9110206
-1.4360167
-0.06577912
-0.23637076
-0.8872663
-0.18075676
0.45120564
-0.7881936
1.7935154
0.123700455
-2.7045746
-0.68379515
-0.43982422
-0.6976796
-0.37747517
-1.5947027
0.15000017
0.46634692
2.5906084
-0.32508296
-2.5993745
-1.3619264
-1.023993
2.1538036
-0.36122116
-2.0249052
-1.8633698
0.7160483
1.415538
-1.469624
0.4657776
-1.6319991
0.4035765
-3.2880394
0.039616324
-0.656082
0.70801526
-0.12356308
-0.30995837
-2.5276437
0.4195852
-0.69070095
-1.1367717
0.04157751
0.13842617
0.58032656
1.8703713
-0.38741815
-0.97357196
-1.1450434
1.2134928
1.5590134
0.248676
0.5898697
1.5706116
1.9944593
-0.17723988
-0.6309292
-0.09344635
-0.18308386
-1.8331455
0.0453971
1.4384475
0.4722241
-4.3970885
-2.1377628
3.3524847
1.4985245
-0.36465052
-1.8172733
3.3970652
-0.10706302
-0.88779646
0.7465878
-1.6241903
-1.2376442
-0.9420936
-1.5325065
1.6739657
-3.7438107
-2.75301
-1.9360265
0.7936462
-1.3576199
-0.25733775
0.6038132
0.20360321
-0.7345843
-0.79526305
1.5814846
-1.2398534
-0.33031636
-1.9830098
-2.0553765
1.8417007
0.2160251
1.8752176
-1.9285939
3.6539347
-0.16944496
2.41325
-1.670155
0.8867221
-1.3907526
3.1056821
0.6571429
-1.7372167
0.21336596
-1.3169577
-0.9020992
-0.49808085
-1.4688101
1.7124194
0.013836543
-1.6860375
4.9966483
0.44933498
-0.3676844
1.5359784
-0.8793247
3.0424502
-4.137478
-0.07760411
1.7667152
-4.2964563
3.006571
-1.4152998
0.8444952
1.3946285
-1.0151577
0.3164002
0.11891737
-0.026637176
0.8073895
-0.32057264
0.7795939
-1.2101535
-1.297742
-0.4922429
-1.6672343
2.1997821
2.540961
-0.6222581
-0.9581074
2.8781793
-2.5433223
0.26003808
-1.5579199
0.5599541
-0.48588708
2.1290991
0.33000395
0.003197385
4.2788844
-3.0590372
1.7629584
1.3180065
1.914782
0.5912269
-1.7403646
1.6493121
-2.270074
3.4459512
2.8006933
-0.8568703
0.11860945
-2.1789906
1.4726609
-0.6774424
-2.5375907
0.9731086
-1.8287109
-2.5442307
-2.873441
-2.2181056
1.066855
-1.9016476
0.10615399
-3.493806
-3.6985161
-2.6810808
2.0660398
-3.5566123
0.8747288
-3.3036206
-1.297056
1.6397401
-3.2981393
-0.7258002
-0.6996499
-0.5882675
-0.44019526
0.16632254
-0.54287106
0.68524927
0.5398211
1.3569291
0.7833501
-0.80432844
0.07276526
-4.735433
-4.039829
-3.0200138
5.122772
-3.2303584
-2.8207765
2.0649893
-2.3207445
3.109768
1.606583
-4.8674827
2.300399
-4.918095
0.03897678
-3.7042668
1.8682721
-1.6881864
-0.37494048
2.2021172
-1.3196126
1.722804
0.87198853
-1.7558453
-0.3654566
-0.44482952
-2.1823573
-2.1229432
-1.6045201
-0.3610139
1.7538431
-2.6898882
-0.7193836
3.5200095
0.28848708
0.9762813
1.719769
-2.162956
-0.1848641
-2.616291
-1.6580931
-0.4297076
0.14558929
-1.3290278
4.977622
0.16500637
-1.6440201
-0.43595824
0.88041925
-2.9197733
0.026104534
0.3329847
-2.5199773
-0.0969819
-2.9237914
1.3525492
0.22389184
-0.9169101
2.615828
-0.053255785
2.9902196
-0.9705484
-0.93270314
-1.7093228
-0.53895754
-2.0297341
-2.642897
-2.0379837
1.1352054
-0.1967252
-1.5753688
-0.88198555
-1.3792288
1.3564343
1.6111884
-0.71746707
0.02120637
-1.5525869
3.0480244
-3.4447813
2.096468
-0.8725904
-2.0739262
-0.55510104
0.10680389
0.19067542
-3.0411081
-0.46846086
5.095587
-2.9028337
1.0996219
-0.021905243
5.8197536
-3.1143386
-1.9920334
-3.2694638
-0.31253797
0.7728594
0.15869857
-1.5563542
-3.216568
-1.0015485
0.9377685
-1.9323915
6.890907
1.4763793
-3.425679
3.9656518
0.4344705
-0.01609163
-3.0725963
1.4531206
2.4614317
2.2267513
1.5736408
0.3330853
0.37546852
-0.21673506
0.35443392
-0.6361498
-1.9951177
-0.8727771
1.8723302
-3.1519678
1.047993
1.0352119
-0.08310016
0.021548308
2.031387
-3.5364268
-0.5614763
1.4477708
1.0068804
-0.51412743
2.3505113
4.283203
0.9313774
-0.50280064
0.20523621
-0.8603523
0.09113877
-3.8580582
0.4178032
-3.3874824
1.0117912
3.1394122
2.657917
0.18053077
-1.7836252
-2.0088742
-4.5757375
5.8173723
-0.20958672
-3.3598905
-2.144225
0.50366837
-1.8477955
-0.35775912
3.1251063
1.4688525
-0.5352051
4.528214
-0.5016985
-1.610512
0.7484885
0.49240583
2.6694446
0.21607146
-0.39919427
1.640558
0.16472282
-0.5281862
-1.1322793
-0.66489047
3.2577314
-2.8150246
-1.8491735
2.0391266
1.5373955
-1.0881072
-0.64193934
-0.50378853
0.3138671
-3.234631
0.29477632
-0.37704912
-3.1968358
4.330254
-1.6226305
-5.190086
-2.6176672
4.8725386
1.2583055
-3.4860568
2.5858078
-0.28524962
-1.7844232
-0.78350025
0.4578365
-2.7058828
-2.6916845
0.6756184
-1.6029063
1.9608501
-1.6168747
0.20231222
3.575333
4.8045797
-3.2967613
-0.95955485
-1.357272
2.0329266
-3.2087364
-3.8036668
3.6279676
0.42945614
0.598651
-2.4384627
0.24925588
-1.6463816
0.43656522
-3.4139843
-0.5222893
0.47385827
3.1344125
-0.62665015
1.5701802
-5.1096725
2.4773974
-2.0895298
-3.035213
-0.18130036
-1.7742981
-1.6667476
-0.7621709
-1.2811636
-2.760266
0.7185065
-1.3816937
0.43168792
1.9790183
0.16095777
-0.5399182
-3.4925807
-1.9716086
-0.53644556
2.0204415
-1.4218277
-2.8129277
3.299603
-0.10028544
-0.28086874
0.43178523
-0.6778732
0.03177339
-1.9269497
0.61195976
0.31386575
0.18155953
-1.7455547
3.5596828
0.9942641
0.08632377
-1.0062644
-0.83245146
-0.1713373
-0.7631096
-0.42934608
1.1987022
-2.2216818
0.7870717
-0.54644394
-2.392835
-1.2181592
0.6192128
-1.3287988
-0.11369865
-0.019406931
2.0872076
1.5299712
-0.8918177
-1.4817762
-2.5626214
-0.52485013
-0.96275085
-1.692419
-0.39919043
1.6901376
-1.1088089
-0.5424067
-0.51698
-1.4762458
-1.880804
-0.6125765
1.5239942
-7.748339
0.4876614
-1.2994868
-0.8665005
-4.6252966
-3.2687922
-0.8910686
0.5796115
-1.3348961
2.5753958
-4.2608232
0.9201946
3.512656
-0.15154676
-4.205837
-4.274731
-4.814829
0.80604064
-3.963156
-2.5690236
-1.8157828
-0.24604799
0.077953614
4.9488606
-0.7307249
0.71748376
3.3983994
-3.5465193
2.6462088
0.72402537
-2.1362672
-2.3152804
-1.199423
6.208675
2.7814999
2.258383
-2.703583
-3.9422903
-6.0362415
-0.714942
-1.817168
1.6133755
-0.6447946
3.153321
2.4055176
-0.42796355
4.058285
1.366311
3.1840234
2.7152278
0.35862407
1.85335
2.0687397
4.2899175
1.4374007
-0.8049055
-2.2835348
-2.6399596
0.6893887
-1.5557092
-0.873699
3.1666763
1.3669637
-2.6891644
-2.3329086
-0.19726521
-3.4798532
0.83364666
1.9006933
-0.8007436
2.9331865
-1.4089826
1.1814837
3.2149427
0.7308781
-1.8743762
0.2516069
-0.06321749
1.0852445
0.37468958
-2.5183432
1.9935168
1.0545437
-1.4106463
-1.82247
-2.766591
-1.3923433
1.6890882
-5.0855627
-2.7600849
1.6905077
0.712193
3.1190405
1.4406247
-3.1751668
3.1968672
0.15352564
-0.35784173
-0.4575438
-1.058615
-1.0315998
-3.699504
1.5870651
-1.4529713
1.414841
-3.944774
-0.08817937
1.5502392
-0.16638495
-2.0446432
6.659816
0.5775873
-0.022280563
-1.7856128
2.373259
2.1146786
-6.28945
-0.42713195
-2.5871453
0.43706664
1.0108709
-3.742252
0.39664453
-0.13545732
1.173397
-1.6270281
2.5996232
0.41678995
-0.8301915
1.7494248
0.93050694
-0.6420363
1.2943089
-3.7447295
0.5695651
2.0252006
2.0737524
-0.28316772
-1.790898
-1.9803532
1.4817567
0.62604463
0.26997203
2.0665367
-0.35740054
-2.0648422
-4.0494924
0.6433758
-4.7655277
2.6325495
-1.6958468
-0.74124223
1.9240772
-2.1985877
1.5147094
2.4217207
1.6332752
-1.9240907
-3.6973093
-0.30951947
-0.780382
-1.0097879
-0.40007582
-0.9522549
-2.517303
-1.0025202
0.52244145
-2.168059
-0.6980804
0.15225047
-3.01959
-1.5442798
-0.9745374
-0.38545412
0.35118333
-0.40722474
2.4959867
0.72935
5.344661
-1.3838261
-4.121219
2.722678
-1.9295483
4.7852874
-0.8329349
1.7776244
-0.71719724
1.258376
-0.85946435
-2.025875
-1.4523696
0.34983116
-0.12515226
-5.415848
-0.05996736
0.8342591
-3.7154071
3.3092737
4.734772
1.6972642
1.4262617
0.8981357
-0.22566596
1.9518957
2.560117
0.22348446
1.880624
1.058987
5.27502
2.5875556
3.3786285
-2.686365
2.732235
-0.03173646
7.2041564
-1.2619346
1.7002203
1.3132544
1.2844535
-0.2301522
-0.48850757
2.2777684
-4.738407
-4.0734076
-0.14205673
-0.21612537
-1.6677073
0.47469822
-5.196372
-0.97501934
0.3719376
3.0935757
-2.141586
6.249224
0.8700296
2.7224162
-1.3614013
-0.6768374
6.622389E-4
1.1717072
2.8715174
-1.8288455
1.1581956
2.2440605
0.22988218
1.1642947
1.2149302
0.60242224
2.6198769
-4.9776406
-3.934591
-1.237927
-5.880882
2.2223556
1.1385789
-1.285806
-1.8675007
-2.1393397
0.68643886
7.2609353
-4.5988994
-1.7741982
0.07967099
1.6396114
3.7010458
-2.1680813
1.3276039
-5.00763
-1.2094817
3.4499717
1.24787
-0.047255114
5.506149
1.9268808
-1.6148919
-2.1807516
0.9644785
0.13539463
-0.60711676
-0.19618337
-2.258655
0.44878647
2.1517315
2.6251125
0.17747691
0.2689526
-3.2272444
2.263242
3.6504283
0.37399453
0.7273227
0.90878993
-1.2091957
-0.76828206
-1.7251914
3.8478153
-0.2747177
1.6683221
2.314739
1.3987689
-0.14692737
0.87909424
0.100881755
-1.2062653
2.120325
0.8590245
0.4405364
1.3090245
0.8934252
-1.433793
-3.7046876
2.6390586
1.259682
-2.035365
2.188131
-0.12888356
-0.8507784
-3.148351
-1.103363
1.2569141
-2.7584534
2.4754348
3.1491163
-0.9654384
-0.5472251
-1.1211023
-2.6624417
-1.3294767
-1.3269033
2.1094024
-1.614379
-1.3636323
1.3927939
1.5237445
2.6988995
0.047376204
0.101198494
-0.79038286
-1.3396229
-0.59974974
1.2911943
-0.5491429
-2.143525
0.97650415
3.1264608
-2.8353105
-0.6930484
-0.94996655
-0.6113027
0.40971974
-0.9817304
-0.086464494
-1.4744565
-0.9686347
-1.0141338
0.7802474
-0.55068696
0.81831557
2.2842076
1.063067
2.5756533
-0.6641431
1.5155708
-3.066925
-2.0089564
-3.1345494
-0.30503199
0.37807676
0.056804445
2.0934155
-0.20808315
-1.219971
-0.64566296
1.3179238
0.27107915
-0.1478147
-0.4007365
0.8098132
2.588758
0.39062917
4.5456123
1.5207492
2.0347903
-1.556542
0.12116929
-0.97423494
-2.7557294
1.4562106
-2.3888586
0.6654855
-0.56684166
-0.95772326
1.5161873
-2.5690024
2.0557697
-1.9449979
-3.4238362
-0.6091283
-2.5435114
-0.3832641
-0.5037602
-2.0421264
0.8095021
-0.9863507
0.6077331
-1.300785
-2.5146203
-1.0331645
-4.004312
-1.9775097
-2.1884143
-0.32671288
-0.8557424
2.2419105
2.7115097
-3.2412639
3.6260908
-2.0388458
1.9612563
-3.3805757
-0.31086043
0.978604
-2.7316084
0.8227656
-1.6334734
-1.2537944
-2.9477522
-0.23092532
3.4612615
3.4131114
2.3118167
-1.3505212
0.56060153
0.986409
-4.138613
-1.9572791
-3.4411187
-1.015455
-0.42734995
-3.351839
-0.38401067
-0.86603606
6.060651
0.2321979
1.4165217
-0.84433925
-1.3685752
-0.8389602
0.32753173
0.22709942
-2.869679
0.1423191
1.9075847
1.0025775
1.7470369
-2.057565
-2.4803684
-0.21649288
0.04514629
-1.1598939
-2.9129014
-1.4362426
-0.39311528
-0.5091934
-1.6860785
1.8545941
-3.310642
0.7491734
4.2429957
1.6444033
3.5427344
-0.20108058
1.5618852
-1.864252
-3.037736
-0.49346453
-0.38809007
1.3993915
1.0751233
1.1364968
-0.13676886
0.7783941
-2.5814452
1.6204014
-2.090742
-0.9615883
-1.7266083
-1.4266808
2.2606087
-0.46255243
0.2830149
-1.7637808
-1.5049584
-1.0699438
-0.6409528
2.7709072
-1.2132331
0.84085435
3.6739953
0.7559986
-0.997037
-2.9175727
3.5655773
-2.429505
-0.96863127
4.857194
-3.98392
-1.3639275
-1.8620046
-1.9980204
-2.379825
2.5697377
-3.5429537
-1.3306011
3.6630309
-3.4845984
1.2063196
-1.458274
-0.40340835
1.4916843
-0.08773438
1.742144
-2.641406
-2.6184182
-1.6463352
-0.26992965
0.8642815
0.09753801
-3.4733696
-2.2752576
5.6521783
2.58611
0.31452748
-0.6555032
-0.07330968
2.5018723
2.5230052
2.1723747
1.7115691
-1.1516125
3.0301588
5.9269104
2.174521
-0.2163247
-3.6743674
3.350827
-2.4311898
-0.7624684
-2.0463123
0.16225827
-2.1167762
1.199816
-0.94828945
1.7608179
-0.9894874
-0.19231294
-2.9343836
1.9152602
3.5242581
0.83758885
-0.97414935
-0.3404725
-0.02841766
-3.5631454
0.84396577
3.1081035
4.274777
1.5752892
1.1125464
2.8760614
-0.66373074
1.9013969
1.0268624
-3.4576902
-1.7775389
0.1919633
2.2811573
-2.1747193
4.9089894
0.7608751
-5.414479
0.033066373
4.023605
-0.7747162
-9.802414
-4.001002
-2.8954
1.1178509
-0.40103617
0.028896445
1.3744941
1.5934047
-0.311084
1.9998518
-1.530703
0.41593498
-2.1443534
-0.36707538
5.2216763
2.362919
0.5578316
-1.0926855
4.573261
2.0903165
-0.5242684
-0.08733071
-0.06710898
-1.8438208
-1.8657322
1.5644826
1.4592228
-0.681501
-1.3955195
-1.4557781
1.3717108
-0.22060117
-0.42675304
-0.033098634
-1.2394133
-1.5806028
-0.824963
1.6934892
1.83978
-0.3705693
1.1926366
0.71179223
6.805821
0.59101534
4.562623
2.9968636
-0.64474565
-2.6767502
-4.135956
0.42159793
-0.8742504
1.5755038
-0.24673878
3.8167818
4.0306554
1.4809502
0.064662404
-2.531449
0.17767443
-1.0136518
-2.941978
-3.4869673
-1.2578429
2.6659296
1.033518
-1.8004656
1.5439303
2.586033
1.931382
-0.40462843
-1.4965456
-0.43910587
1.8881065
-4.5775867
-2.362507
-0.3298307
-1.1777363
-0.08591631
-0.38607898
2.7623327
0.66400087
-1.23114
-3.7953215
2.6409197
-1.5097857
-0.51823026
-2.1349065
-0.19480269
-2.875596
-1.7688365
-1.9106075
2.4395177
-8.025128
-3.602506
1.3604863
2.2474306
-3.1115217
1.5365881
-0.70686555
-3.5440378
1.3352334
-2.1941693
-1.1295027
2.8522267
-2.1349156
-2.0502346
-3.8276358
1.8955529
1.3044487
1.2056644
-0.59693855
-4.4983773
1.3062991
-5.6442795
2.3971453
-1.4950045
-3.2110758
1.7873143
1.6216501
-2.112134
-3.4006503
-0.41940954
4.009471
-1.8954729
2.2897522
-0.15202558
4.391202
0.25324348
-1.1871636
0.29208156
-1.7376604
-1.332358
1.6455845
0.45862135
2.7492397
-3.636146
-4.127914
-0.825241
-2.364745
-3.1258042
-1.2174015
0.25030008
-1.6673248
-4.1426063
-2.180758
3.0151381
-2.0319412
-2.5979521
0.5672064
-2.3606231
2.0068038
-0.37825343
2.9476435
1.1260386
2.8183215
-3.174269
4.1812496
-0.30323583
0.080786884
-0.12390355
-0.5591534
2.1045194
0.059825707
2.2454176
-4.605464
-1.8327672
-2.5734544
-1.3151048
1.1179032
1.2452953
-1.877715
-0.8812149
-0.7280228
0.35518512
4.2609396
-1.839098
-3.425752
-3.4314811
-1.025095
1.5180632
-3.3939617
4.6641726
-3.8751998
-0.39524123
4.983726
-2.1553924
-1.1505045
-1.6511828
-5.620656
-0.41642302
0.2497409
0.3694955
0.20323877
0.114979446
2.4272957
0.8607269
-0.09036213
-1.4179721
5.2218795
-7.5170426
6.306655
-0.73174024
-0.80425465
-1.1949432
-2.4119418
4.184556
4.035809
2.2786517
2.4997277
0.1601993
-4.978592
-2.3864992
-2.245561
0.29974678
1.3964211
-0.61262006
-2.3087795
-4.719479
4.9900646
4.262233
3.257832
5.797721
-4.3932076
1.6296121
2.7896254
4.0693603
-0.5341043
0.468189
3.795232
0.6033887
2.386871
-2.1921518
-2.7609308
1.7117691
-4.6790533
-1.6952183
-0.5863079
0.8211696
-1.6282884
0.73008347
2.1397712
0.91281474
-0.20766445
-3.3054326
-1.6942011
3.4627392
-1.9361489
1.0818372
-0.5007825
-0.42706975
2.3983557
-1.0831714
-0.40599248
2.5968757
3.2808945
-0.61331785
-1.6961001
0.4679341
1.2680799
1.9030998
-0.57501984
2.911238
1.8252631
1.0414537
2.6922076
1.5743986
-0.9890498
4.898749
1.9125051
-2.2938406
0.29743654
-2.0829954
0.66138375
0.59353656
-0.39717954
-3.0458224
-2.7109559
-0.092036635
-0.89662075
-1.598909
-1.9468795
-1.9927511
-7.1442933
-2.9926734
0.28793573
0.7359326
-0.6158198
2.9465954
5.851589
-4.766875
0.6266446
0.851126
-2.1756532
-2.0937648
0.5036437
-1.0098791
2.9659805
-3.293232
-3.1481671
-2.6172996
1.0726041
0.09250849
0.05212934
3.2666886
-0.64464474
-2.1629205
-2.8394444
-0.7177196
-1.3747035
-1.4168223
-1.4059535
-0.22601604
1.2286575
5.0020514
-1.421213
-0.8656221
-4.178607
0.26468742
-0.7918607
-1.2696282
-0.8490023
3.8510368
3.332511
-0.499896
2.9096677
3.2753308
-1.8551414
-0.69193155
1.7267174
-0.07142728
1.1858095
-2.1765676
0.38577598
4.0066733
0.36480397
3.3827493
4.2734265
2.8376088
-0.35986003
0.6974922
-0.87701184
0.3835611
-0.95807654
2.213834
-1.1904426
-0.39249986
2.3690865
0.7426024
0.8748581
-1.8930541
-3.1034229
-3.2763886
3.3921092
-3.7447884
-2.3929992
-2.1948729
0.008784751
-1.317702
-1.1044823
0.10955937
1.1232903
1.091832
4.844874
0.48189393
-1.1442515
0.97457147
0.3112671
-1.227604
1.5713584
-0.7662611
1.4354701
0.25123692
-1.6541678
-1.0309088
2.1389694
1.6466794
-1.1434904
0.81389844
0.38119543
1.6368105
0.3638345
0.24032523
-0.95115316
-0.052200887
-2.3679
-0.84802693
-1.5174303
-1.1991602
0.87598777
-0.35468093
-2.3811305
1.719567
2.4578924
0.8507673
-3.273148
-2.7800858
2.1793418
-0.7174666
-2.0638833
1.2699461
-2.1382635
-3.5615258
1.2344441
-0.917909
1.4499708
-2.2099464
1.17357
-2.7917674
-1.364248
-3.2515726
0.3580651
-1.082066
-0.52547896
-2.5104973
0.09030754
1.0276546
3.1885917
-1.5390437
-1.2757592
2.3915994
0.98314947
1.488562
-1.1582468
-1.4028846
1.524827
-6.561901
0.5878888
-0.781308
-3.2336996
-1.4569962
-0.5929979
-0.17761645
5.64768
-0.4338298
-0.6236661
-2.9901114
1.6431681
-2.5307403
-2.9788642
-2.8234684
-0.5908036
2.6742349
0.07720794
-1.1138331
3.159151
-0.9134715
-1.9461867
-2.0186722
0.76548314
-1.1107335
-1.5825876
1.143291
-3.458164
1.8187968
-1.9672906
-0.75831825
-0.7877818
2.0457373
-0.07760295
0.74532205
0.4608874
2.5616434
-3.6470997
1.0627367
-0.65488803
0.42310822
-0.63944876
0.31867042
1.448185
-1.2871485
0.6349693
-0.99501646
1.4636245
0.12019735
-3.108829
1.0122586
-2.297863
1.8208181
-2.3372564
-1.9703937
-0.3653286
0.27109057
0.20631234
-0.77626777
-0.17088892
-0.028840384
0.87528855
0.42933616
1.7867842
-1.1538272
1.5823845
-1.7722206
1.1730952
1.5565895
0.5438401
-0.10595759
-0.5641565
0.9304841
-3.1561463
4.137313
-0.64992684
1.1417465
-2.4958274
-2.8064625
2.2970166
-0.37908468
-2.54257
-0.5140267
-0.16135696
-1.5115669
-0.38514635
-2.861648
1.9085588
-1.7317364
1.4098798
-1.3336705
-2.1669216
-2.9272177
-0.82861406
0.87129676
-0.81008655
-0.7708814
-2.0586686
1.0061361
4.4842496
-0.4714571
0.1420487
1.6849011
0.8601673
1.8780999
-0.9673402
-1.3880517
-1.1400408
-0.58753806
-3.4208593
-1.6504139
0.5424444
0.61180854
-1.5554439
-2.0383983
4.0961213
1.7452886
-0.25767982
-1.4653276
-1.7288266
0.20526005
-1.7432022
-2.7584937
1.1704189
1.7879951
-2.0509171
0.24730147
-2.1168938
-1.3402785
-0.54581314
-3.9954627
0.76898134
1.9037583
0.8549242
-0.5272938
-0.23525007
0.24782154
-0.4180519
0.95511895
1.0343516
-0.91274905
-5.1979084
0.15778741
-0.8192324
-1.3554213
-2.1961415
2.2554202
-0.24681768
0.31661883
-2.8314269
4.695443
2.027736
-2.1692853
1.0860689
-1.9937611
1.5410951
2.2152095
-1.9370188
1.2730651
5.0619154
1.9208629
-0.082005344
1.3260356
-3.3062196
0.8996484
5.469187
-0.9076245
-2.1225545
-1.5410019
3.7110336
-1.576002
-0.41962388
2.792473
-1.0645407
0.33769426
-1.5405209
3.0896492
1.752939
0.4522894
1.9213507
-1.0098177
-2.5861392
-1.5784256
1.4121677
-0.8736591
-3.540351
1.4971781
-1.6714935
0.29641992
-2.9515896
1.6921672
-1.0236917
1.0737641
-0.35492566
-3.311897
-0.27606797
-2.6370482
2.1305046
1.1806146
-3.5743222
-1.6140108
-1.3442878
-3.6535761
-0.06584733
0.46492958
1.9281342
2.0681527
2.6390297
-0.053915266
-0.5420665
-0.25324583
-0.43175584
2.895987
-2.6003423
-2.2435389
-1.0092453
1.0662459
1.5928612
-0.6903508
-3.8961928
2.5967019
-0.7553969
-1.8891994
-1.4453264
-2.6295564
-1.6720046
0.13247678
0.5834042
1.37054
0.60355437
-1.6116822
-0.22036988
3.292101
4.0191817
-1.7984706
1.3894321
1.9601221
-2.9092395
-0.5640128
2.7907677
-0.4469012
-2.2719705
-4.79352
0.19129671
1.7380819
-2.8793728
-5.5277257
0.958593
2.2437344
3.1581185
1.8227415
2.2621713
0.5857501
2.0777283
-0.7867584
-0.44991183
-0.023428274
0.01987331
-7.3030863
-0.008678104
0.0837803
-4.954357
1.5478303
-3.403886
3.1265383
-1.1382661
-3.2745888
-3.181516
-3.964632
0.6507506
-3.922849
2.1163266
-2.8832448
-0.61357117
-2.4248135
0.45096532
-0.4566619
-1.8252941
1.4981132
-1.1280619
0.8949374
-1.7556415
-6.765276
-1.9368349
2.2531588
0.016419202
-3.9632952
2.6690178
-0.65535796
-2.9197938
-1.5489361
-2.3381987
1.0420158
-2.1989639
1.1201212
-1.7579113
1.4247549
-1.8470031
0.4594844
-2.671575
-1.0546948
-0.9597948
-0.3645207
2.3953514
-3.0724738
-0.74949473
1.0812949
-0.3812065
-1.5373238
0.2825775
-1.787858
-0.42720327
-1.2910575
-2.176817
1.1269115
-0.7101761
0.38225666
-2.2020864
-0.750508
-0.75329655
-0.046033222
-2.1025121
-0.61325127
-0.27950737
3.0655735
4.575708
-1.26544
-2.7546275
-2.0237281
-2.7311761
-1.6175357
-2.288144
-0.19062549
-3.7179909
0.1734307
-0.81767654
-2.9268816
2.7523806
0.0966706
-0.88384366
2.1646824
0.35126892
-1.6578674
-2.2695575
-2.1047502
1.6398127
2.958759
-1.3486861
-2.9212759
1.5282744
0.82203954
0.012494359
0.3335125
-2.6397247
1.159712
-6.967261
-1.1326218
-0.360859
-2.5321815
-3.5075264
1.7877029
0.18107761
-2.3380892
-1.5237246
-0.49239126
-3.5199747
1.124151
0.9121789
0.10600187
0.01019295
-1.2869523
1.81667
-1.3320187
-0.97943413
1.6312014
-1.5059612
0.93299764
-0.08036994
-1.0049039
-0.20455919
-0.3234719
-2.6697092
-3.776208
0.9569214
3.1580687
-1.1054513
0.8397871
1.2144215
-3.4017315
-0.16181202
0.61187094
0.98101515
1.019266
0.3025321
3.0814912
-4.8166285
-0.16869746
0.0991425
-0.7633829
-0.91426593
0.5396146
2.4096866
-3.0186226
2.9487972
-1.9226233
3.4151745
0.046396643
-1.5822796
-0.2424967
0.67569023
3.6055856
0.94620484
0.29298174
-2.0420828
1.0706888
0.3737952
-0.15122819
-0.4989943
1.3803416
-2.532298
-2.965342
1.5633476
0.68775463
-5.5048447
-1.3101126
0.70472634
0.06027222
-0.49325606
-2.581053
1.7153231
-4.170282
-2.0406232
-1.9415233
-0.33346686
-1.3109317
-0.40358242
-2.4168775
-1.6795082
4.687972
-0.3529171
4.481891
1.3647755
-3.317821
0.91646564
0.08948433
-0.25484064
-1.1441518
-2.5047536
1.9195836
-5.655916
0.9852108
1.9012573
-1.4641486
5.0187545
-2.4007215
3.0079765
-3.308816
2.3106878
3.8629692
-2.1885405
0.5043764
4.137736
-1.784853
0.49150482
1.848954
0.34882087
-0.7063166
-4.193266
-2.6717317
-6.1043015
-0.4456817
-0.5349867
1.657846
0.83685213
-2.0490658
0.44469088
-1.0593324
-0.8943022
-0.9388031
0.27218834
-1.5310007
3.3332896
-4.3933535
3.7966847
5.144417
1.3157295
-0.19369575
-6.416826
1.243308
0.7146927
-4.6370497
0.0677734
2.300965
1.07147
0.15805733
7.7354426
6.857973
0.3766102
1.9621443
-2.6712985
-1.8008196
0.19526099
-1.6421561
0.44018236
1.1805898
2.1288726
-2.0387838
-0.12814415
-1.2891784
-0.5209256
-1.0068706
-0.71603006
-3.0317564
-2.8526657
0.9488665
-0.83534306
-1.9341214
0.22800843
0.78195876
2.39398
-0.6989038
0.486565
3.0827103
-4.950348
-0.8010665
-1.6013381
-0.5121846
-0.9490495
-2.682585
0.5713534
-0.43427902
-0.8921656
-3.2740872
1.3441101
0.9023549
-1.0675558
-0.07233412
-0.81124103
-0.1486326
-1.8751224
-4.382034
-0.76083946
2.2859178
-4.506819
1.6494458
-3.4491923
0.9045901
4.2220755
1.066405
1.7797216
-1.5655649
1.8764329
-1.9018273
-2.9996
-1.1729019
-1.797479
-1.5245726
-2.0122359
2.7627504
0.040320322
-2.2256823
-0.7024217
3.150358
-1.9824586
-2.2414527
-0.76074386
4.627982
-3.694436
-0.46301642
1.7304652
3.6582022
-2.9456646
0.19583188
-4.6188526
-2.6096036
1.0402838
0.21826099
-1.459008
0.14540291
0.32760057
-0.2854479
-1.5417261
4.0174527
-0.17156316
-2.2068892
4.0603323
-0.67283964
0.8901811
-2.7644122
2.1586297
3.0805895
2.7083902
3.2168372
1.7905283
2.5103095
-2.8265831
0.5537595
-2.5877712
0.40740067
-0.43053332
3.618406
-1.2232351
-2.1261914
0.099200465
-1.5770856
2.1324685
4.314447
-2.8227978
-1.4222604
0.0025303124
3.2380536
-2.7822137
-0.5382534
1.5504285
-1.1697254
0.61708385
0.68051386
-2.9762242
-0.92199236
-0.31160444
3.226268
-2.415916
0.3644049
-0.56126755
2.3943903
-6.486417
0.54569954
-2.362489
0.664855
-1.1271579
1.3127644
0.6123112
0.6757225
1.4309275
-0.1662475
-2.7401981
4.188662
2.0838242
2.4520264
3.67264
1.7249442
1.2797543
-2.1545188
0.7561195
0.8347605
0.7901756
2.052885
2.205327
1.338394
-1.763281
-4.308711
-4.3997903
-2.8392413
-2.470305
3.1066833
-5.078181
-4.364405
-2.6631358
-4.196997
-0.26725364
2.735519
-3.0324938
0.95021987
-1.9225641
5.399133
3.176081
-3.4796853
-4.0836487
-3.291103
-2.7595844
1.6331059
-2.6687145
-4.310622
2.8690948
1.8387682
2.1579757
-0.0765255
4.4498644
-2.899257
-3.1904447
-3.034685
0.47904193
-2.0043218
-4.5601945
-0.75280774
3.6351466
-1.0497288
-1.7064924
-1.5068681
-3.0244646
0.53944606
-0.50576985
-0.90561265
-0.75108606
0.4353227
1.6592646
-2.5355198
-2.565582
2.0869842
-2.95731
0.062274173
4.231993
5.105127
-0.9294868
-1.8367614
-1.4240786
-7.0981503
0.041820087
-2.5329742
-1.6156586
-0.19470432
-0.029574594
-3.393367
-3.859104
5.278279
0.4438067
2.1830642
0.6910322
0.26305133
-1.1192935
0.32618117
-1.7774974
-2.2433655
-0.6471526
1.9122336
1.7602006
-4.5244894
-1.138922
3.546193
4.850232
0.6729583
4.8849497
-1.728877
1.7549293
-2.429996
1.5655128
0.66846925
-4.69818
1.5953922
4.21505
-2.0493622
-0.696373
-1.5526361
-2.5007203
3.2027218
-1.9997357
-2.7369905
-2.6855717
-0.61920905
0.8278918
-3.396222
-1.9119432
0.027769377
0.3946171
0.63882655
1.3146662
3.5752184
-2.7693229
0.027476553
4.4295225
-3.2422538
-1.8750542
-1.9836223
-1.993403
2.8738275
-0.7865923
-2.542366
-2.107921
4.719864
1.141317
1.9731328
-1.1187047
-0.10184053
0.86241275
-0.5818414
-2.3921115
-2.1343832
-0.6156779
2.3014956
0.6947478
-2.5774415
1.3709596
-0.24428873
1.7816348
0.07331941
-1.0356417
-0.4117125
-2.8153546
-1.5861543
0.61330837
-1.2703053
-1.142615
-1.1020787
0.55663323
-1.292064
-0.7141837
-1.069351
-0.26874408
-2.0386195
-0.9783725
2.4127522
-2.0277069
-0.7464815
-1.2877754
-1.7881328
0.292907
-0.2729452
0.7983366
-0.097892426
0.5799427
0.63027877
0.95804316
-3.05331
-1.0237608
-2.1883316
3.410963
0.83647215
-2.1158001
1.052522
-2.2442849
0.114532754
2.3986576
-3.2582898
4.230266
0.19391769
-0.58045065
2.5915236
1.0757033
-5.9618616
2.6988785
0.24894196
-2.4825933
-0.034885444
-1.9857103
-2.989029
-1.2042185
-0.9917972
0.71902704
0.12643774
-0.0061105043
-3.6399534
-2.1278229
-1.009738
2.4495273
0.8198514
2.872769
2.7450635
-0.44487593
-0.17653228
-2.7799177
-0.5984487
-2.1742046
-1.9471195
-2.5780954
1.9811399
0.88613755
-1.5149583
0.032580487
1.4970946
-0.8065258
3.479802
-3.953692
-0.53615624
1.197042
2.0798368
0.3036641
-2.7881455
-1.6966617
-1.8766811
-0.867645
-3.3395743
-1.5904591
1.1707953
-3.0593157
-4.0685782
-5.3174715
1.3342223
-2.8406281
5.099998
1.3281739
-4.0039024
-3.6427188
-0.95566475
8.474197
0.6934018
-3.4052541
-4.683852
7.055307
3.301789
1.0317378
-1.3069934
-1.1440799
0.36090773
3.1700308
-1.0273772
0.15909176
-1.6630299
-1.5863198
2.071239
2.2472908
-5.334445
-2.1383693
4.762457
-0.5946962
3.2255769
-2.1567762
-0.77610195
3.7949495
-3.846742
-3.9258733
-0.6372236
-1.1671007
1.9133859
-0.50769955
2.7800746
2.5335505
-1.6808695
1.7926183
-1.9779565
-1.5181377
-0.54753554
0.17514443
-0.8155222
-4.199256
-2.7052352
0.3902385
3.5778058
0.7991456
3.8952887
6.5512333
-2.0219407
0.5211836
1.863157
1.4149412
-4.9533405
2.16119
-0.8670648
4.9483647
4.223652
4.6680436
-1.7912887
1.2705227
-2.0627525
0.23670383
0.5059383
-2.4786155
1.0434188
-2.4116864
-0.6505726
0.6614301
0.24952362
2.0231862
0.49448973
-0.573716
-3.1265192
-3.6497982
0.9581055
-1.5525583
-1.2618043
-0.79436743
-2.0643
-0.46497956
2.8784673
-1.5811296
-1.8891704
-1.2815052
-0.06773954
-0.19630581
-2.7576985
1.9166768
1.5591167
1.0115397
0.4843283
-3.984554
-0.93135273
0.5070523
-0.13564576
-1.9556799
-1.6835806
0.41040146
-0.09791874
-0.28240743
-0.36052978
-2.530803
-4.5714116
0.098075844
0.2037735
0.28913006
0.42064205
-0.06882038
1.3372604
-2.896002
-1.6334219
-1.3656278
-0.3439262
0.50262463
2.0530972
0.7631287
-2.9571118
7.9397187
0.79717803
1.8275248
-0.51423496
-0.6305544
1.9155481
1.1864185
-3.5653756
-2.1608784
0.83015984
4.2860074
4.5362415
-0.22907463
-1.865537
-2.1490345
4.22406
-0.08007097
-4.557923
-7.0849285
-0.9906276
-1.3604485
0.41845745
-4.390137
3.7412572
2.0119765
-1.4952214
6.8608704
-4.0956154
3.2734752
2.1575532
2.6299841
1.5518156
-4.395622
0.37020978
-1.0880506
3.1689808
1.702545
1.5304719
2.857379
-1.673564
-4.959674
5.160559
-3.4527433
-1.2217878
-2.2730052
1.8332219
-5.2142653
-0.59538686
1.180288
1.9381452
-1.1741121
1.3675607
3.644173
-3.8833084
1.0390193
-1.00749
-3.414366
-0.5361863
1.0563313
-0.5681587
-3.9216309
0.054482676
-0.97520494
-6.3353066
-0.15976901
0.1397822
-2.19262
2.2754104
-0.14014234
-3.047739
0.2546196
1.1090066
-0.30161157
3.552524
-2.4240062
6.5160513
2.2845793
-0.22915336
3.9950666
-3.1596649
0.92856795
0.51157707
-0.22321562
-1.2306386
2.5131
0.7959493
1.8542554
-2.1856325
0.9186939
-1.3524296
-3.5520904
0.23427622
0.7532443
-5.286431
0.36652637
-1.5681531
1.4988852
2.1157384
2.7394257
0.016222661
-3.9060125
-3.6951084
-0.44323352
2.733013
-3.3908577
0.9437449
0.702109
0.45729002
-0.7810219
-0.2424189
-0.7014838
0.38640052
-1.3730855
-2.2392955
3.1771479
-0.034881257
-0.75431067
1.1012245
0.7369512
-3.4951754
-0.026069505
-1.5204227
-1.1363887
-2.7768185
-3.4748373
3.6299624
0.15912916
0.8132371
-0.69695175
-1.1958997
-3.059965
0.7970001
-2.0849624
0.028794242
0.011691798
1.0941664
1.7247107
0.058956295
-5.8259883
-1.1828231
0.89701736
-0.48217508
0.9666663
-1.5755318
-1.6725132
-3.171702
-2.072833
-1.6359833
-2.0782647
-3.1568282
-1.1892843
1.2602139
0.50602216
-0.7961324
-2.4495106
-1.1304023
-1.6737006
0.60398746
-2.9136333
-0.25279158
1.2836318
3.7144077
2.12629
-0.90891296
0.38017562
-2.3278408
-1.0621275
-0.83873117
1.2980924
-1.7452272
-2.1589134
0.5836278
0.22262867
-2.2817974
0.23291028
-2.0107782
-0.030154245
-1.9336904
0.27617034
-0.21017836
0.42061642
-0.016338136
0.7456383
-1.9086833
-2.286773
1.5613081
0.29945615
0.47670043
1.4564441
2.6476278
1.1270626
-1.3022597
-1.2035594
-2.7930384
-2.2289762
-0.1420757
-1.7650877
-1.7537043
-1.6531321
-0.6246312
-2.6300678
1.7234162
2.1641042
-0.2933857
-0.87319165
2.0132208
1.1328863
0.35754225
-2.6813793
0.7423824
-0.8502632
0.8224905
-1.641967
-1.2267929
-0.97289973
-2.1228182
1.8571095
0.52507687
-2.1081972
0.05824624
-0.2659564
1.066905
0.48543733
-1.3888959
-3.7448182
-1.4989269
-1.1952274
2.792421
1.8911062
0.983995
0.54264027
0.38333312
-0.5908573
-1.994454
0.6995862
-0.51368386
1.3109863
-1.1760248
1.1317304
-1.4464569
-0.24286518
-1.3185213
-3.214769
-1.4931082
2.296332
3.4874907
-2.4925463
2.0416465
-0.53921795
-1.7766156
0.27635774
1.0239683
0.6908332
-0.48443055
-1.6127899
-1.41206
0.28680634
0.14778537
-1.5072119
-1.6613982
-2.0013647
-0.7077028
-2.1565807
-1.8572339
-2.7589586
1.1811979
-1.5543625
1.5311323
2.4756138
-1.0310647
0.47215346
-1.445458
2.0683525
-0.97519505
-1.8000623
-0.17412376
-0.3439055
0.48132646
-0.13285503
-0.17650357
2.5122352
-1.0641323
-2.6028535
-1.3845807
-0.12641703
-0.56224006
1.4219795
-1.892984
0.063803926
-0.47354108
-2.119055
1.9506589
-0.115288615
-1.5497545
-2.0068734
-0.20012505
0.86081254
-1.5149437
-1.2352288
-2.868216
-1.3510903
-0.9062319
0.09893994
1.2891906
1.9838929
-3.2397332
-0.38831407
-1.3873112
-1.5447227
-2.0322363
-0.6577369
-1.5727416
-2.4183328
-0.4213676
-2.3158019
0.013713791
-1.410917
-0.32025972
1.4624918
-1.3128825
-1.5005556
0.07997689
1.4131067
-2.5770254
0.037621614
-1.1491443
-2.5490797
1.5695256
-1.2692919
1.7851455
-1.1213307
-0.7104106
-2.3947675
0.83577394
-1.7138214
0.21393688
-1.5724392
-0.021144664
-0.6666001
0.4752245
2.0893335
-1.1923815
-1.5609032
1.7445564
-0.9413741
-0.9371306
1.7164639
-0.8873097
0.07446726
-1.8266343
0.109826125
-0.084640846
-0.35502556
0.82457834
-0.8714392
-0.75689083
-2.7842562
1.6214707
-0.9075944
-2.3391666
-0.51130956
0.40710953
-1.9355794
-1.6734811
2.4846299
-0.6425994
0.5654075
1.1703721
-2.6556878
-0.31693494
-0.710869
1.7249876
-1.2486087
1.354783
1.7498498
-1.9712855
-1.6370994
1.553212
-1.6265565
0.47381318
-1.0861679
-1.1198714
-0.044095624
-1.0381793
-0.4014926
-2.8628922
2.077177
-0.2039558
-2.332974
-1.794099
-2.3027537
-1.6446368
-0.7409859
-1.0104291
-0.35139868
-0.09945659
-0.31008133
0.13038157
-2.7815042
-1.0147849
0.35617417
1.3961512
1.155665
-1.5999538
1.1133137
0.7278529
-1.135311
-1.057863
-0.051327605
-0.80171806
-0.31757036
-1.0134363
0.14765425
-1.0788448
1.5974201
1.6686014
-1.4448097
-1.5975971
-0.2491204
-0.9100537
0.60208744
-0.11129129
-1.6554232
1.9025902
-0.6082882
0.25161636
-0.0404457
1.1353009
-2.1281362
-0.6493847
-0.3538676
-3.0487127
-1.3795059
-1.4107963
-1.4507113
2.8694003
-1.9502698
2.4393764
-0.09025249
0.11169826
-1.7042727
-0.2636629
-0.73549014
-1.7780776
1.7138585
-0.531962
1.8613307
-0.6652682
-0.7184338
-0.15197484
-0.4266916
0.046624113
0.480852
-1.6566101
0.6649672
-0.79088724
-2.8542325
-1.0204463
-1.259129
1.1145256
0.30223948
0.71447647
0.88857186
-2.318492
-0.12696567
-1.6801146
-1.1954265
0.56195533
1.6039542
-2.6210086
-1.9402002
-1.1185979
-2.0911639
0.5524101
-1.7126485
-1.6356591
-2.453215
-0.57892287
-1.8544371
-0.08386145
2.6594746
1.0729902
0.1564897
1.368463
-0.2051673
-1.5041058
-0.11357227
0.40489957
1.4206755
-1.96281
1.1766407
0.0015879951
-2.2142653
-0.09326463
-2.1241636
1.4161695
1.9522265
-2.8584008
-2.1397762
0.6316101
-1.3347973
-1.8840148
1.8302317
1.0875934
-2.1286125
-0.0010003401
1.1543537
-0.1288737
-3.1941087
0.053779583
0.07192375
-2.1974297
-1.8619313
-1.6856133
1.118209
-0.34813264
-0.15583594
-0.11045731
0.86794716
-1.9584059
2.0186045
-0.15137377
-2.0572062
1.2720844
-0.40790468
2.2308552
0.7457998
-2.6573873
0.48025343
0.05391422
2.6351254
-1.6610812
-3.2396367
-0.6378177
-0.83513105
-0.99979764
-0.03316151
-1.9168102
-1.1925528
2.0656877
0.45885584
-1.4400536
-1.5267171
1.2306192
-0.07772631
-2.1910129
-1.4892893
-1.2320725
0.91282517
-0.6096037
-1.7422719
-0.8929026
-1.9870957
-0.4503502
1.4866592
-0.04302705
-0.18606643
-1.9359179
-0.16867036
0.12076271
1.1347963
-1.0030175
-0.5266761
2.069148
2.8282177
-1.6006894
-3.0267313
1.2434516
-0.97016793
-1.6160141
-0.8055203
0.11815614
-1.2209957
-0.76837546
2.4653926
-2.48768
1.8524712
1.0753996
1.9489417
-1.3714794
-2.2278988
0.025824621
0.5093835
0.33642516
1.5350558
2.7640238
-0.74122983
-2.3650146
-1.3653634
-0.16827084
-1.0540606
-0.80381185
-0.67754716
0.025326269
-2.0645669
1.6312964
-3.0094402
-0.23925787
2.575313
-0.32587034
-0.45366442
-1.9756688
-1.464339
-1.6841803
1.1935827
1.7262542
-0.6822001
-2.0161192
-1.6559861
1.0781006
1.0476788
0.6428502
-1.24212
0.18721893
-1.2658238
-1.6635736
-1.5854166
-0.66946065
0.9680731
1.1958338
-1.8341675
0.5856783
0.29468867
-0.74442595
0.94262123
-0.6550426
-0.8559749
1.6517584
-2.3850791
-2.2439513
1.0403551
-2.6145751
-1.0416965
0.97689223
0.23290592
0.16294935
1.5656401
1.25852
-1.061484
0.6277072
0.5277541
-1.3283451
-0.98954463
-1.4952703
2.1100857
1.8501692
-1.3797135
-0.24045347
-1.4371936
-1.114438
-1.5613457
2.3435907
-2.119853
-2.122104
-1.0420737
-0.18552054
3.7360907
-0.24213798
-1.763618
-1.8559213
0.29074168
-1.0543289
-2.4866173
-1.8217242
-0.46002048
0.31174845
-1.1573097
-2.2154293
-0.25399467
0.8697325
-0.047524057
0.2583901
-0.32445747
1.5450944
0.43345773
2.629595
-1.0241426
-0.5167284
-0.8927007
-2.2773194
-1.5056765
1.835112
-2.137978
0.74242765
0.9779272
1.5785855
-1.6334542
0.1827324
-1.4731005
1.5417758
-3.1007228
-1.5761344
