0.0
0.0
18
2
72
54
9
-36.2104
12.769654
-65.10042
-8.344349
87.118774
-23.492836
-49.888027
13.749078
-11.687592
33.564304
-55.336563
-42.45941
98.46332
-4.3224893
-58.8723
-26.227673
-14.503901
59.318645
-22.28837
-58.750862
-34.278866
47.516285
55.357113
-7.8003254
43.43666
18.848864
-16.778208
105.85459
-9.990451
-65.32245
-4.3606653
-56.523296
-1.3112053
-41.512016
-11.553693
2.9741929
-38.422985
-21.273304
13.237888
-9.307821
-22.617052
11.002083
18.06133
-29.569962
22.103792
-46.640305
-70.86364
-13.051241
-3.487527
-21.265617
-69.1942
55.92909
-26.516882
-67.86825
-22.239609
60.461903
0.49742776
-9.825854
-53.33251
29.009829
-48.976364
3.519135
-44.69689
-23.967552
-54.470352
-4.5793514
-16.511957
-57.348293
-29.997093
-10.075899
-23.758371
-1.3502034
-1.3375254
1.46515
-7.1324477
-17.985283
24.399246
-9.683395
-1.5395534
-13.396636
1.336652
27.415472
-8.544701
9.634148
1.4714613
-10.4625025
-15.746188
-4.6921115
3.2075882
0.9737518
3.1629004
1.1666697
-8.7337055
1.0896721
-27.016771
0.4372049
11.092036
4.560902
8.309444
11.807522
-3.7734585
-3.1701136
0.40869138
2.0644045
-10.914687
-1.9567088
-1.6720902
9.855765
0.57587254
-4.8439846
-3.2471857
-7.970296
-0.58376735
14.024092
-1.1509864
-1.0266161
-0.5718422
1.591545
-6.7291274
3.5222142
-0.54253495
1.3384733
-30.862015
-4.109751
-1.3351277
-0.5155318
-37.126312
-1.1225616
-0.54693645
-0.94941443
3.1653543
6.64997
21.722464
0.48818102
3.5465183
-2.2798033
-11.737756
-1.3976352
-1.2442323
-2.3242042
-1.693368
4.999039
0.29449272
-1.3997768
-14.62948
-36.348522
-23.739183
-10.178333
-29.50657
13.735394
-6.8997927
40.139477
-53.355404
78.059845
18.1791
3.4626782
3.3434157
70.5613
-39.13026
58.477905
5.45103
-45.144787
48.118195
0.5286376
-19.957338
10.074849
6.060916
-10.669534
-18.391138
9.341771
30.161905
1.6931487
5.8099427
-35.56729
-23.33509
-4.854193
21.35979
-21.387075
-17.727829
48.792175
44.96055
100.15329
44.374546
-15.415944
-6.883366
-87.512726
-113.41522
32.494717
24.609297
31.97472
106.389946
3.7991233
15.765002
-13.959804
-18.107594
-41.075718
-33.576023
-39.097557
-35.587418
39.128197
23.32281
-9.537186
-14.59241
0.022676997
5.949163
-5.341004
-2.9592724
17.593616
37.809933
4.479853
-6.364392
-1.6809067
-14.304702
-48.340576
-9.746319
-5.62493
-5.8541017
-0.3916233
82.70488
-25.552704
27.056513
20.867317
-54.491714
-49.642303
5.248917
-46.726738
-32.342453
-3.8270526
13.470583
6.153508
-10.42121
73.33296
-32.711033
4.5843205
-27.878086
35.00277
-39.50159
-57.349995
6.308335
-5.902655
-14.022296
-18.688795
29.029757
37.552216
-35.715805
35.67133
-5.2003865
-10.619208
74.56764
-3.612237
85.29888
-30.38174
2.277859
-68.09345
-17.229574
68.61341
15.36938
-44.550167
21.33037
-10.170816
-25.29783
-49.10414
-54.35653
32.769638
-50.68032
28.708515
-31.335629
-46.17102
25.998875
36.748997
24.194277
-31.152466
-52.06208
-54.901234
-30.71853
-99.80632
7.3071566
0.25611815
-0.11725471
-2.998524
-47.908943
50.19755
-12.007362
8.931939
-5.507907
-36.83333
41.768562
-0.7069382
19.464834
37.91607
56.438026
-48.96547
-41.751953
1.6709995
27.776924
18.536306
62.592785
92.02106
-16.551409
8.974965
15.050868
51.215717
4.7169013
-0.28591847
31.142075
13.866887
-3.2914605
-67.02278
-24.40758
-33.413593
-2.426284
-1.2127203
23.389904
-66.0261
-52.334274
-46.343636
11.604962
3.8044198
-43.486507
-34.94819
-17.168428
12.727889
22.863468
7.351122
-45.626446
-38.18885
82.05643
-2.8538997
18.927225
-78.347984
59.692635
11.042978
-86.973595
46.628727
-40.352028
40.875576
36.198418
10.670834
-33.94333
10.427178
-15.269482
-82.02447
4.7726526
-0.22454983
72.0808
2.4709177
14.705942
-83.3433
62.111366
-27.479374
64.40732
-10.786031
30.691475
-9.685377
-8.408297
-25.876461
-31.833181
-34.19244
-63.655594
10.714916
-8.009262
30.702995
-9.215317
-57.90245
-66.10208
-61.82561
-38.658264
-74.91848
-25.513329
11.940502
-72.81436
-88.888725
-14.955356
-21.02011
18.589735
-38.061134
53.701786
0.5671528
-85.51815
-35.125526
-44.730293
12.8261595
-8.442187
-16.550951
-37.72554
-1.487572
-1.0489864
34.46406
-6.51413
-58.44727
-24.613188
22.937899
-36.545033
-29.852755
-28.070215
-6.407657
-63.631664
-46.738895
22.304678
25.739244
-40.957546
45.723396
-112.539085
-2.3603332
23.180548
-108.801025
-31.50632
11.420645
-39.35423
-39.989166
5.7441797
41.391808
-55.780315
26.312948
-93.79905
56.84702
-9.249172
-78.61474
0.108393595
54.019005
-22.563728
-33.996685
13.175589
35.65298
-46.734535
-15.048043
-66.21294
-3.0928006
-59.034866
-49.913795
64.928764
-40.75776
14.165692
34.504147
6.8057327
5.7059374
-18.703842
14.914684
31.991394
7.352933
-42.757248
-39.21749
9.539133
-60.792976
-48.154114
-9.107096
29.49845
33.0669
-61.33503
-5.227607
-12.985969
-14.907529
-5.406982
-36.22749
-15.934814
-8.953194
-68.960915
13.3113985
-3.0191877
-33.498764
6.299618
58.123726
-38.920776
21.546816
-67.56868
35.317966
19.171661
57.490322
41.89268
-24.45202
18.172398
9.540243
-45.31157
-2.1512916
51.783417
54.354004
-4.635599
-47.02163
-12.242719
2.7146707
-23.767345
6.784043
60.588745
-39.42002
21.632298
17.332115
67.59436
-18.814642
-52.83722
8.298653
-28.031752
-16.290354
-14.540161
-24.521927
65.99105
18.253815
0.64168686
-8.517703
-59.178947
-20.788229
-56.54788
29.317825
-19.997108
-8.931496
11.7263565
-24.62839
20.686779
22.446032
-8.280072
28.608557
4.3924904
-25.86746
47.46732
-17.392065
-25.759445
11.311216
6.2216563
0.5777504
14.167614
24.613455
-13.132444
-7.5566087
-1.2685869
38.646088
-5.8043265
-2.9496238
-46.085293
6.0469275
-0.16129792
-28.775059
5.6511173
0.3955438
-8.653794
26.941586
20.142155
27.763037
-5.0098352
-15.070506
3.6218016
-6.3605723
-20.222042
-11.269149
-37.459743
19.357975
-9.5612335
-22.59992
20.379768
-8.756687
-22.496632
10.068335
30.992702
2.4063756
-7.449004
22.53717
-0.5177496
-27.206276
0.18966
-20.888803
-0.26037586
59.80569
19.548103
-5.032469
-15.402048
-4.354665
-12.910216
33.924522
2.4562442
8.751337
-18.307545
15.101416
10.795037
-0.65292317
0.70023656
-7.2993436
24.826626
-9.3461895
-55.10449
1.806597
-13.662172
-33.120544
-7.8256397
-19.243357
3.0277607
50.21193
-80.13789
-59.643345
-48.321285
-24.978865
-67.31901
-18.773642
-59.12246
23.865074
-9.5165615
-63.606785
-1.1729887
-0.5001662
-35.674522
-62.57164
80.41109
-11.959429
12.160882
-84.84269
15.04707
30.674446
2.1908236
29.498705
-38.958843
-50.95418
124.85998
-88.28963
-35.32906
40.69184
-62.576424
5.473521
79.74776
-66.84194
56.217545
64.98651
-73.77984
29.970896
-84.039185
32.597527
67.62101
22.758717
-26.389174
-75.42205
-33.707478
-38.708466
3.4395225
24.176634
-13.5958185
58.207546
12.648647
-2.6179976
1.6359884
9.745481
4.3493266
-23.629925
-44.090046
0.33806938
-30.02825
-1.7132955
-45.2021
-20.933167
99.98754
-7.581277
-2.9851844
2.6087935
14.003992
42.752594
11.871768
-63.298267
-46.87132
-59.25564
97.67065
81.13369
16.153933
104.229904
31.328588
21.535585
38.758644
35.60966
13.32245
-26.998693
-137.34125
-8.387021
35.305393
60.47657
48.719013
0.22052884
-4.6237803
-24.850447
1.6317904
-26.34287
18.765223
-66.68799
46.47524
-102.91199
45.639423
48.297493
43.078186
33.744392
-23.473597
-27.73
53.13158
18.892347
76.81208
-21.953838
0.8745199
6.368723
-10.591988
21.076084
-14.535241
65.80897
95.08401
23.68163
6.625201
-30.828451
-7.237916
-17.118185
-54.58641
-31.784472
-77.411064
2.0247009
-48.249
28.55375
3.778846
-76.00541
-18.785685
29.982635
7.476208
5.163321
-24.63426
44.478584
32.559063
55.428215
-3.8229344
93.875656
-13.608163
-11.261376
6.0862923
40.366947
-5.499754
-43.49215
102.35618
12.620919
22.531544
-12.185106
-8.0271015
-20.565155
-20.131098
-66.59568
-27.715378
1.1879287
11.107413
42.230335
-59.395813
75.85925
-22.680725
-15.142123
-27.54143
2.2698739
-38.257034
-5.2460837
7.5620136
30.718979
62.684856
30.667599
8.859001
-63.329475
-9.561167
14.468333
15.505694
2.134736
-19.774885
-149.43715
42.768818
-27.92905
13.833421
-27.559582
-17.61858
3.9830818
-14.235753
-0.4238486
47.916237
-4.817071
18.02934
20.421999
-21.954393
43.114933
-5.1170855
3.3330188
3.2300143
34.20998
-6.0145984
43.218987
-30.335327
7.4744883
21.595848
-70.323845
-46.52759
-12.071208
-13.386312
27.579008
-36.894707
22.756811
6.6704073
24.726444
35.123135
23.058252
-8.261835
7.9633083
-43.63054
29.875967
-53.623093
22.072592
84.17478
13.831804
-6.988769
54.69505
7.0404587
-28.780685
-62.898087
-6.692764
-0.42256728
-0.35413495
-30.718344
44.69502
45.15762
-7.467886
5.8403993
30.940737
-39.352295
34.99756
77.020966
-37.474518
-15.878297
3.2704837
-16.14738
-59.55945
-10.983464
1.1227047
-43.93029
-94.24614
-2.1109805
-54.11702
-3.0860546
-11.922469
-4.8734083
34.990067
-17.43471
-1.2502345
31.903292
-3.9470677
15.032846
-4.0198016
-51.059757
24.077099
24.128754
-12.695984
-27.840954
-59.36701
-53.07724
19.365376
-59.434826
-19.782246
27.421816
44.18363
6.5922756
61.84135
-96.09682
-6.1572714
-68.00924
-23.532719
2.9722574
-24.756145
-28.941599
-53.03711
-72.775955
-73.465996
14.652499
4.0966997
-0.20070922
-5.6761403
11.255379
-2.2059472
56.989216
-17.939314
47.27633
-44.89144
-26.090765
-33.78492
-3.632486
-30.713213
-18.697697
59.915634
50.603493
-6.6955338
3.9462082
0.6364561
-14.416332
-45.857655
-24.220732
123.262955
-16.025003
-19.016771
10.218283
-21.1521
33.76401
-89.69085
54.61289
32.075565
-6.50649
67.10464
-32.949047
12.79428
-60.732845
-2.800945
-28.684889
-15.017568
36.57258
48.704655
-16.569977
-53.889576
21.666649
80.47083
6.6279006
-37.292664
-84.11447
-25.111109
-32.593544
17.246527
-26.439308
-36.699448
62.033363
31.716864
-36.665375
60.49446
9.630427
-78.93876
-66.50973
-27.814156
80.39331
-8.41714
-57.970284
-12.543654
-2.9270558
13.439342
5.729845
39.587593
-38.46467
-0.13481233
-89.21327
-13.666826
-6.959065
-34.39795
-35.440247
-120.52747
95.23307
-27.48653
15.363251
-16.100735
-40.08826
-36.246258
-36.951157
23.685223
-72.97315
-2.4188833
-10.786594
17.81078
25.94624
1.8515668
3.7004504
9.871158
-14.481532
-69.91068
-32.522022
-27.670996
3.7746105
-10.091633
-39.606144
6.334591
-45.474625
39.227367
-2.886087
-65.196686
-7.831555
-60.21318
65.90773
-25.531792
34.145706
-0.8739866
-25.177685
17.456354
-4.367598
52.020164
-18.47663
-58.690155
-72.2006
55.26547
39.478874
-25.801117
23.059782
23.562126
6.8833623
20.919641
-39.376514
-45.65434
-44.270187
-32.920452
-76.67211
80.47403
-0.7821295
25.426228
-68.81428
54.96861
9.816804
-27.228603
12.132672
-43.216442
-32.21265
1.4885235
34.035328
-27.67026
10.276405
-57.450367
-33.65387
5.0153418
28.009022
-19.475147
-26.212091
-11.281789
49.305733
-8.049093
-5.91328
-56.51648
-3.664027
-7.553381
-18.557045
-8.19239
96.28336
-35.416985
-1.799707
28.018188
-12.699281
-74.3507
-21.43584
38.937828
3.8005915
20.47879
-15.871872
-8.300791
-78.978355
13.783014
-41.44736
-26.068811
-1.1855731
-22.388012
2.2636032
27.806917
11.03201
-21.537268
26.393154
-79.89465
6.059836
-47.05818
-34.97172
5.954259
30.846832
17.44687
-119.87772
42.849354
21.251797
3.2572582
2.875505
-5.9424934
-20.014454
-44.307095
-16.681007
-3.887671
2.3620698
30.178698
-12.102145
48.124905
46.962204
5.561342
-55.55345
-20.569347
14.600993
-17.092802
55.69117
-27.432426
-26.70722
29.27404
-10.64677
1.1499276
47.62676
-39.796005
4.0117264
9.140931
-27.557318
38.677265
-112.6659
-20.867977
-35.94843
-23.182495
-36.716827
7.072376
-58.434383
19.807035
-5.0081043
-25.999243
0.025395285
-93.58945
-73.0754
103.81318
2.2814622
1.3614389
5.026201
-5.816972
-30.406504
-65.14281
-2.372312
-8.015545
18.99453
5.668009
29.307089
3.5064871
-3.432371
21.745428
-52.20681
-7.843895
-0.13367616
-80.69581
-12.361556
1.7975702
-41.23837
-5.64853
60.59231
-72.30657
7.492031
-52.9283
28.17281
63.467667
-17.921293
-5.7590714
72.935715
26.16876
-12.335809
28.674982
-21.157036
22.486769
16.190748
-10.419214
44.48125
4.6502934
-5.1372685
11.121546
-21.954842
-26.230288
-6.1027617
-55.173
51.120697
35.76325
42.816254
-4.593354
-5.0079446
-39.92942
-43.749084
-8.25498
-68.69031
-64.97267
-38.310574
-47.969696
10.695064
-15.654083
-43.370728
-47.16044
-25.680243
-38.853905
1.8831905
-61.66808
-47.120007
47.202255
24.306892
-2.9975414
59.082066
50.28601
29.519327
21.385536
-27.590843
36.144062
-21.564995
-12.567185
-19.380255
1.8905051
34.00555
19.34922
-70.86636
77.976204
-19.702509
18.878624
-14.648584
-15.896821
32.236034
-43.892094
25.415253
-80.57195
-60.852497
-30.994951
-76.46841
91.35665
-54.518864
-74.22676
-12.967433
4.1481805
50.71936
-14.885764
57.69605
27.717844
-34.30963
46.82937
-81.16125
-38.58148
4.199594
-11.017593
-36.768627
78.44524
10.559678
-45.497036
-7.367391
-75.994026
-30.9512
1.6176722
-32.526447
9.149482
-45.464664
-25.167944
-0.9455463
27.550491
56.80154
29.30803
-0.26920992
-38.468613
44.074284
-54.359222
1.7217422
45.178577
12.368752
66.10955
-28.928947
10.689421
-44.14518
50.162796
18.448168
-28.355885
1.3250643
11.288627
-6.7166543
3.0269701
-105.48876
15.989627
-21.846169
-46.280598
43.18236
7.4366136
-22.628742
-17.426447
34.794514
-22.749601
-34.661606
-23.306921
21.446337
-69.00764
-89.55268
5.3537126
-51.085484
60.56956
-2.6056488
28.097527
-30.645313
-9.3252945
-15.652704
39.12953
-23.583113
-9.135482
-7.510776
33.297073
-4.7881784
-5.3926673
-58.12603
7.221911
-7.839273
-41.6516
32.463028
-89.33525
19.9649
-17.061611
43.206406
61.20633
-58.73749
-8.372825
27.421686
4.8570094
-38.645737
-53.35274
15.475826
-14.143832
7.399789
45.324337
-73.14009
-42.56794
-11.296323
120.387794
-69.436905
22.360495
0.03564544
-0.04648304
1.0020498
0.21386752
0.21237797
2.2823052
-1.2436193
-0.352143
-0.7333622
-3.825176
-4.998021
-1.3749586
2.7999668
-0.2724839
3.1655881
-1.3108778
-0.603125
1.9605567
1.5532883
-0.9988218
0.1962602
-1.6659604
1.737295
-0.71792805
-3.3204458
0.34039968
-2.3313408
0.6445274
0.43380988
-2.2904274
0.3845438
-0.60172534
-0.1339969
-0.72821987
4.0609927
1.8984464
-0.8100378
2.180878
6.7910852
2.1755543
2.4396749
3.0871713
3.9420815
2.030587
-0.16697192
-0.583191
0.09159031
1.7361037
1.5967935
-0.7689956
-2.7073674
-3.3793058
-0.20651661
-1.0601037
-4.91569
1.8804013
-2.7009115
0.2459695
2.0370839
3.0129614
-5.5852385
2.3748717
-7.0556617
-4.2015862
-1.6723231
3.169597
-1.9775406
-1.551644
2.0858743
0.93319905
-4.2650256
-0.67669773
-1.6508006
-3.5748432
0.22939152
-4.865765
0.8492747
-1.139864
2.0183146
2.9802425
-2.780698
3.4907777
3.5350099
-2.1758473
0.63719594
2.5496163
0.3623564
-4.296094
-1.8733962
-2.7068765
-3.6775577
0.015380041
5.367839
-1.647575
3.2882996
-3.5731637
1.390683
2.4755037
-0.5138129
2.5442028
0.17088094
-0.3004126
3.062493
-3.3166673
4.1594377
-6.6690545
0.054319635
-2.012187
0.5199678
-2.4431689
2.478417
3.1825974
-5.384788
-0.50688225
-2.597108
1.5609126
-2.0543287
0.6279637
-3.6365585
1.474194
1.0823171
-1.4727354
6.5952845
-5.0261154
-1.6638601
-0.23217265
1.5719376
-5.079107
-1.990471
-2.6803014
-6.0995946
2.3280213
-5.674209
0.84439224
-4.5287495
-2.8281093
0.90414846
-3.6451542
-2.08193
-5.066368
0.710953
-0.30614612
2.3638852
0.7931749
-1.8497738
-3.0316088
4.618069
-0.6826528
2.374426
6.0880737
-1.9520856
-0.5816571
-2.850287
-0.030254733
-0.6606336
-1.0283952
-2.57673
-7.302913
-2.6549494
-4.142532
-2.3088176
-2.2027416
4.170375
-0.5822419
-0.09733057
0.1653914
-2.5962389
-3.7907875
3.8421721
-0.8649956
-0.74284023
-0.3436932
-1.4145355
-1.5840349
-4.208529
-0.313969
-2.1439342
2.016214
4.0172153
2.208382
-2.6649232
-1.6740955
0.14850806
3.017176
2.6460657
2.3498318
0.13745987
1.8381053
4.216128
-3.5716763
-2.6907544
-2.0592191
3.6559608
-1.6051269
1.4554282
0.714434
-3.7719064
1.3148142
-1.0265306
-2.0925171
-8.867059
2.6376867
2.3852909
0.15200168
-3.3374758
-2.8933115
2.837215
0.85690886
2.9203122
1.7133
0.7282875
0.114304826
-0.97646666
2.142248
-0.17687784
-0.27272272
1.7182133
5.8108163
0.057508122
-2.3782117
7.1067343
2.9964404
3.837062
2.576651
-7.362389
-1.6935767
-1.2857872
5.808493
-1.8228658
0.19931515
3.2299564
2.1059287
-1.3689538
1.1790208
-3.6338706
0.410056
-0.3182297
1.9126313
-0.42098564
2.2374804
-1.4614377
-4.6733994
1.9016978
-9.493956
1.6405234
3.613257
2.5756972
-0.5311423
-0.6572755
0.11948002
4.165699
0.27960625
-1.0561223
-0.7514953
-2.7761846
1.9230409
8.428431
0.12533659
3.7442162
0.775833
-3.5551348
-0.20349954
-1.4958237
0.06474934
0.081580594
-0.7640179
2.1619291
-1.8934392
-1.1882505
-1.0167854
2.9471812
-1.6800193
-3.4277449
1.895898
0.03291253
-4.5794015
1.0805033
0.6765284
-1.5466486
-5.184405
-3.922642
0.36913112
1.4468825
0.43777552
-1.4175452
4.6512036
1.7277317
4.765495
-1.1606085
-0.32622033
-0.8257182
-0.045048274
-1.9997795
0.7221132
4.5676436
-1.8828462
-1.5169625
1.1676219
-3.405876
-3.7711017
1.73034
-2.1303651
0.23067781
0.085656375
-0.22678429
2.5608451
-0.999272
0.9626857
-0.772313
-1.3546722
2.038456
2.4786334
-1.8252338
0.14148311
0.34856695
0.5950648
-0.65120304
-0.28171337
-5.8204956
1.3535563
-7.6816926
2.3900976
0.57838404
0.17409284
-2.9387994
-2.8538759
1.0390644
2.1416297
-3.0908337
1.1900184
-3.4337497
0.81117165
-1.1137387
-3.4610937
4.0399833
-1.1915876
2.1602442
1.5962837
-0.23349154
3.2313051
-2.0220706
-1.6574383
2.1967247
0.46182826
2.672723
-6.4701357
0.6670987
5.9288096
2.394714
2.0399878
-4.1486354
6.406794
-0.6935516
-7.0346923
-4.546902
-2.34206
0.1981323
1.5701448
-3.1779
-1.4828819
-1.2846828
1.3470069
0.39408025
-4.455074
-3.4500675
-3.5956671
-3.0960307
-0.73632556
2.8528054
-3.9971426
-1.695253
0.42383465
0.18182565
1.748719
0.5132886
-2.5070364
1.5688787
-0.9878821
0.4542759
-0.53004944
-0.06796435
4.4350853
-3.0074246
-0.12356144
-1.4048338
0.45997584
-2.9818847
2.5508945
-0.2550267
-1.2804456
1.8998231
-2.7778914
2.5841575
-2.1387856
0.51002216
-1.6287193
0.81481606
-1.8001554
-1.6051925
0.43371215
-3.3021302
-2.232844
0.21126166
-1.7712185
2.365177
1.7617263
0.8803629
-2.0989635
-1.998279
2.0079875
1.5610197
-0.39112127
-3.2216463
-1.577637
-2.8942666
-0.5317564
3.2933311
-4.8485913
4.8367877
-2.3410037
0.4221491
-1.3727216
-1.321888
0.034693997
2.7335067
5.049961
-3.2811468
3.3714828
-1.7116627
-2.5421946
-2.4291253
-1.7560576
3.2137303
0.97658986
-1.1214845
2.2508032
0.23585948
5.4086027
0.8131385
0.5171105
5.801299
2.2520468
-0.93513376
-0.34527925
-2.6024673
0.91032887
-2.0585063
1.1518048
-1.197552
-3.3987522
-1.6033304
-0.9602424
4.4634748
1.1386217
6.1801944
-1.7935447
-4.0386305
0.27011174
-0.97198176
-3.7936594
-0.3023606
0.79852414
5.133475
1.2998363
0.47261107
-0.8756112
-2.9716203
1.5086979
0.91714954
3.1418593
-5.454719
7.659849
-2.1085331
-4.8983493
1.400337
2.2509959
-1.0151906
1.2858613
-0.9884462
-3.6611524
5.9187374
0.24913044
3.7271223
2.5004702
-0.7132422
3.9780076
0.17373501
0.71493065
-2.6167643
0.9100552
3.1706083
1.1397787
-2.4818323
0.98369956
5.0403247
2.9758418
0.15789054
3.1233952
-3.3586955
1.7685457
-1.7321138
0.7092887
-0.9176956
-5.68602
-4.346826
-0.4757158
-0.8064436
2.1620612
0.3294964
-8.169561
-0.99360347
-3.6576815
-2.0094948
-3.2795923
-2.7253206
5.28204
-0.24414682
0.28247863
0.5530929
0.6591145
-2.408628
-1.0939744
-1.7025452
1.2405701
-6.797051
0.93064785
-0.13350236
-2.6647184
3.8987403
2.9977388
1.2382196
-6.0916843
1.8462231
-0.1567592
0.6141656
1.0272207
2.2109406
-1.0749605
-0.5746278
-0.8700938
-2.1084414
-3.3236215
-1.8050385
1.8905425
-0.8351224
-1.8396654
-4.6913567
0.41012222
2.9344037
-2.7709434
0.236638
-0.80246705
1.9140661
-1.6939093
-0.24578004
1.6320695
-1.7625784
1.1416181
3.8010275
-1.1577796
-4.1906257
-2.6989548
2.572945
2.352678
-0.015131461
1.7421385
-0.974934
1.6216733
-1.1764071
-3.4813051
1.783761
-2.2477021
1.3822784
-0.45463768
2.6798575
0.6382686
-0.6864071
2.7448559
1.4970255
-0.35965395
0.6282626
2.8811722
-3.8731456
0.11373049
-0.32854548
0.3265286
-1.0330961
0.59645516
-1.605112
0.9736761
-5.5706573
-0.47633556
0.58094114
-3.1770308
0.25319886
-1.8134532
2.7106836
-2.481508
-4.0154853
2.6987007
4.4432063
0.7042757
-2.1518934
0.70759237
5.0593867
-1.3967081
-2.167807
-1.2461843
1.732453
-4.312301
-1.6046543
-3.6672792
-1.2678457
-3.9266772
0.6939093
1.2759126
1.8424307
-0.22110099
-3.5558543
-3.0787835
1.7011013
1.2885842
-1.9051766
-3.0768018
-0.42996505
-2.6228719
2.0793762
-3.7901256
1.9633496
2.3980308
-0.16284147
-2.363596
0.27162156
0.26961526
-5.276146
2.0920734
-2.772211
0.018888144
-2.5578225
-1.705509
-3.266425
-4.130838
0.61627775
-2.922269
2.3971672
-5.3964853
-1.4650489
-0.96986276
1.2344956
5.816842
0.78891456
3.639816
-5.5277843
1.1365886
-1.4533197
1.3510933
-3.214268
-0.09546547
2.6873367
3.3244834
0.9031455
-0.5853246
4.5522094
1.8527746
0.44135717
-3.4426444
-3.8270257
-1.5403181
3.0986338
-1.23647
8.035514
2.534191
-5.8228364
-1.9085076
2.6449447
-5.0916038
-1.7018472
-0.82960844
0.4251599
-4.58894
0.059775133
-2.9217885
6.1216874
1.5000143
0.9745355
-2.9806933
1.1420846
-0.7029067
-1.7065108
3.2642138
-2.028159
3.4509451
-2.8959675
-2.641006
-6.077167
-3.9792323
5.355048
-2.6885753
3.0827541
-0.6415629
-0.98981273
1.1108742
4.6936445
-0.2946947
5.9852633
5.2737794
-2.0534923
-7.632654
-2.563455
0.741188
-1.3264456
4.721065
-1.6552007
1.5554963
2.4909115
-1.7288377
4.6066213
-1.1372731
0.5397877
-4.149709
-3.737584
-0.06464015
-3.0415413
0.3976242
1.0002232
3.1177793
-6.715145
-1.8016481
6.398308
-0.41404733
-4.005855
-1.843307
6.669127
-5.0746303
-0.7523885
4.574753
-6.428431
-0.022732034
-3.7855184
-2.0210743
-0.70421344
4.399331
8.157007
5.710178
-4.0581384
-3.7289302
4.9976516
-2.083851
1.3685994
2.2051044
3.6917627
-6.744819
-2.5145257
-0.17314345
-0.064744055
2.2468305
0.14236373
-1.6462651
2.7201614
2.289357
-1.6437793
-2.5431838
-1.5729716
0.07073846
3.9960647
2.3006678
-0.05738712
-1.4226267
-0.8623873
-5.092309
-3.1152742
-1.6895096
-4.5686417
1.8092568
4.5591373
-0.30096522
-0.81469834
-2.2849302
0.07314808
3.4156253
-6.085528
3.747584
-0.7812763
-2.6400597
-2.0711007
-4.302876
-0.6069446
-0.057200495
0.14438258
2.3680193
-0.55816805
-0.61738974
-1.3911701
1.5482965
4.2805686
-2.987863
-2.355629
0.80631524
-4.4437213
-5.4911838
0.4683991
-3.6999872
-3.462203
-3.7318232
0.53389186
-0.472401
-1.2681625
1.5779488
-0.95989263
2.1259599
0.9134861
-2.0339582
2.1797602
0.0126357265
-2.491253
-1.5275259
-2.335406
0.38569686
-2.4461226
-0.73460096
-3.4163969
0.92602
-4.0156765
-4.1567507
-1.3509418
0.20616715
-4.8182015
2.3460073
1.2505121
-1.0285575
-2.104494
-2.439399
0.8858048
5.0778813
-0.22520436
2.6074765
-3.4713707
2.7521367
-0.77140266
-7.8728256
0.30495414
-4.8107405
1.3499637
-0.47262415
1.808009
0.57921445
-1.1154978
-7.0781093
4.132688
1.6322229
0.33117196
3.909682
-2.860314
-3.0718536
0.09235451
6.3108406
-0.28521994
-0.08526396
-2.1597543
-0.6342464
-0.9525236
-1.2275592
-1.036604
-1.9920509
0.9789026
-1.8867652
0.6011799
4.3131332
-1.4210808
2.0234349
-3.1485782
0.5462331
0.48091042
-2.5927277
-7.329337
1.59085
0.26704162
-3.5433764
3.3533196
3.0840878
-4.3333097
0.42097956
4.387363
-0.4278924
-2.9610643
-2.5704358
2.9623978
4.021519
-5.111529
-0.47228143
-2.7556536
7.57928
1.4997021
-7.074992
3.728668
2.638449
0.013252127
2.1746964
1.2819961
-1.1212945
0.060375586
-1.3659819
3.446302
4.0560975
2.0071187
-0.18124594
1.1387535
-3.5985825
-1.3190712
9.452674
1.6623391
-3.6934729
-4.1317267
-4.2105775
-3.583366
-0.83567363
0.6910437
-2.8662295
3.3566196
7.2312756
2.4636374
-1.7603726
3.6529946
5.6419296
0.87716454
1.9957861
0.23239733
2.7706957
-2.3529775
2.8310373
-2.5371957
0.6680439
-0.273024
3.6084902
0.8340185
-1.2684894
-0.73773116
1.9636574
-2.9718833
-0.043653276
7.287086
-0.5497717
-7.5415926
-1.4171278
-2.685631
-5.8996916
-0.8497935
-0.56586206
4.346931
-2.2593713
-0.15590815
0.81608367
0.21531051
-0.17976043
-2.0419636
-1.9434036
-6.703995
5.6210303
4.1530714
-3.3903074
2.5444946
1.1834096
0.5451299
2.3537567
2.2401702
1.2398247
-2.6233408
-1.6021807
2.9788516
0.1461826
0.27819097
1.8398625
-0.0036107036
-2.9282758
3.161033
1.6244298
-0.65233415
-3.3974893
1.9504048
1.7990435
-2.321577
-1.8640289
3.2943892
-2.1882806
2.1748888
-3.9152584
3.9443142
0.013139634
-0.73521906
0.4670471
3.0214877
-2.0334647
-3.4093978
-1.8199234
-0.63154554
3.0198991
-3.3115866
-2.12436
1.0586588
-1.2196287
-0.5287176
-3.3198302
0.066412985
-2.263489
1.8232217
3.8182015
6.1572866
-0.01841024
-1.1345261
-2.7140524
-0.37231112
-4.7370896
2.6584246
4.0925336
-2.598941
2.066398
-4.3076086
0.4538995
-0.7663462
-1.8000529
0.9404562
-1.4098551
-0.44721785
0.11746315
-1.6082846
-3.3435347
-2.8338811
-1.8768034
1.7600409
-1.1227778
-4.0949283
-4.193227
2.0682478
2.13448
-2.5777104
-0.7680147
-0.72814065
0.4115448
-1.6403186
2.1011007
0.3568319
-1.9600569
-2.2077901
0.2632611
0.68940705
-5.738931
-0.9808405
-1.4850752
-0.600736
5.01403
-2.3984268
-1.1331646
-1.0818385
1.3071648
-2.8478243
-0.9470243
-3.3726554
-3.412995
0.21742192
-3.2333522
3.872762
-1.2366033
0.1459079
0.6701451
6.012661
-5.755283
-1.0045176
4.339403
-0.9284726
-0.723974
-3.4672692
0.9791374
-4.321948
-0.4141147
-0.8456935
-1.5988705
-0.5267526
-2.6538768
-2.273869
-2.4754074
-3.2601864
-1.7605727
-1.2245233
-0.25323552
-1.9646041
-3.7540748
-3.658293
0.7881966
0.3888922
-3.5641525
-1.4307879
-0.11085384
6.177956
-1.3351445
0.4371168
-0.21213816
-1.2671024
2.3387477
3.7645166
-2.4514017
-2.9248514
-2.327705
-0.010826589
0.52254236
-2.854593
1.118421
-3.0432808
0.08791413
-2.1340044
-3.1822293
-2.5021355
-2.535808
0.5604024
-2.5110202
2.360591
1.3440828
-0.21761167
2.112731
5.1738987
0.35310242
0.94538397
4.637938
0.70767486
-1.8043845
-0.9283797
-2.1676264
-2.359838
-1.4703845
-3.7462766
-0.21161383
-2.734082
-2.896095
-0.92807287
0.021811562
4.838367
3.2011333
-0.6562283
0.32206944
-2.6913772
0.69552433
0.74399865
-0.53887767
-1.8001629
2.9699974
-1.6609101
3.2906008
0.40023622
-2.2774851
-2.149262
2.092772
-0.6943917
0.71541905
-1.5123465
-0.5803536
1.4121708
2.6692572
2.591974
-3.3976433
-4.2824407
-3.766155
0.12084839
-6.4349227
-0.767871
3.8172915
4.85216
1.2969668
-0.77115387
6.0858235
2.813396
0.17210518
-2.320382
-0.9430897
0.07961347
5.9387074
3.7022932
-0.51190776
4.3228245
-2.9724379
-1.9038215
-0.4030605
-2.0459523
-3.1261804
9.910475
-3.9645736
4.534634
0.6307457
1.4256463
0.00298016
-1.0140041
1.4992312
2.1954165
-3.5956771
-3.7886546
-6.058271
0.34096992
0.61326
-5.215213
6.989987
0.16113041
1.123383
-4.4479985
-2.6104856
6.9838257
-0.87022203
-1.7121483
-1.1755749
-2.0870361
-3.972908
-5.5164685
0.4530385
-0.64435714
2.968899
-1.4015236
-1.268336
1.6400783
-3.2046747
-0.50498503
1.0772104
-5.2434244
-0.7527227
1.1421003
-5.58831
1.9534328
-3.3102598
1.1698798
-6.2996206
0.14342786
-2.8905969
1.8747607
5.325266
0.13161898
1.5489717
-3.2234638
1.9837748
-2.143117
-4.9496913
-2.020847
-2.011906
1.7997446
-0.9295598
0.5613915
-3.869532
-2.4909577
-1.8290626
-0.18798447
-0.9164043
-1.7503586
0.06008311
-0.41326794
0.123332545
4.5094943
3.7180185
-1.862379
-0.6328025
-1.1691303
-1.4965272
-4.6531215
0.8397793
-0.55718577
-2.6572742
4.9736857
0.38753608
1.528834
-0.423702
-1.9588128
-3.5486643
-1.1585594
-4.210949
0.71199524
-3.5876737
-0.6208413
-2.2322304
-1.7121981
0.069915414
-0.74235326
1.3217726
-0.15318578
-0.12886317
0.032594804
-1.3396037
-2.8743136
0.77381986
-3.9611206
1.0697619
0.3152002
0.228627
-1.2705356
-5.4992776
-0.78768814
-1.8102413
-1.1070596
1.938823
0.8403629
4.5625753
-0.23191456
0.61568874
0.94762903
-1.7291393
1.6847411
-2.844497
-5.3766365
-7.1533217
1.1374018
-0.1411253
3.1572192
6.7554965
2.940185
0.86430144
-0.46699226
-0.8406491
3.2372406
-3.8812344
2.6782506
0.23690613
-5.702029
-2.2658234
-3.0583544
-0.46982524
3.3583555
-2.1240547
-0.10396672
-0.9448014
4.0807467
-0.16579643
-3.442787
-1.891917
-1.1217251
-1.7771294
0.55326474
0.40425676
-2.5079215
3.0047288
-1.2175168
1.00656
-10.676627
-5.34055
-0.85567224
3.0515208
-9.049247
8.074889
-0.06571637
-5.5775747
-1.0097475
-0.261076
-7.330184
0.98479414
0.283959
-0.8391125
-1.2602981
0.7160192
2.443807
-1.8306956
-3.826686
-3.0144107
0.20467266
-1.3885843
3.2114356
1.2444906
4.688843
-4.1975946
6.1010795
1.5773102
-4.019652
-2.248806
-7.2540994
8.817732
-1.743947
0.686521
1.1723014
4.7566676
-4.46262
3.4512217
4.4803586
1.4243848
1.4491886
1.7585635
0.041962016
1.2953304
-2.3574877
-3.6965983
6.9613996
0.83352053
-1.1845126
8.16022
2.7376857
-0.48357147
-1.1320828
-0.19263123
-5.46866
10.162671
-0.54228425
-0.74436367
0.3693036
-4.4738617
2.4398077
1.105733
0.09718995
-1.2480388
-0.6014397
3.5865018
-1.1511725
2.5906267
3.9975207
-0.5044028
-0.07213837
-0.9826652
1.9959087
-2.7356195
4.2335854
-0.21510881
1.4883641
0.41436797
-3.7312937
-0.4028636
-2.5441809
0.12992333
-5.6685433
-4.139386
2.1552138
-7.5878124
-3.5093086
0.7172916
1.8247039
-4.182303
0.4376262
-1.6517727
-3.9625697
-0.4287862
-4.626922
0.71534675
2.1460078
-6.6430182
4.4429593
4.275431
-0.25038657
2.4796014
1.757801
-0.58460176
-1.8543731
-0.89990896
-3.9921246
-1.2281468
0.01180033
-2.0675712
1.8533765
1.1375405
5.6882253
-2.332548
-1.9351248
-1.47912
2.0661187
0.23435943
1.4542317
-2.1695194
1.4761623
-4.112966
-1.5087688
-4.3230634
1.0299478
7.764272
-3.1501288
-1.1038322
4.7522745
-0.17058173
-2.9569433
0.11257584
1.7352756
1.6773388
-4.12913
5.572804
-4.776043
0.8889481
4.245229
-4.050484
1.3688117
-4.2531414
-7.364804
-1.4059203
-2.766973
0.79203427
1.5383073
-9.839759
-1.7457367
0.15266299
-1.7518717
-2.6815162
-2.2865753
9.826379
2.7486217
-3.5601897
0.9799174
1.6368084
-0.63085926
-2.1684968
1.2886741
-1.4805014
-4.4320707
5.127469
2.385324
-0.42278334
-2.582736
4.9565372
-4.2382956
2.8111959
1.2567545
-1.3361738
-2.9282417
-3.8363445
-0.97941995
-1.6888062
0.20165694
0.7704023
-2.5121946
-0.4375959
1.4818772
-0.89791274
1.1534812
-0.28689462
1.8535149
-1.8836555
1.2421046
1.0185153
-0.05081242
-0.14316548
2.5830112
1.3160534
-0.79547393
1.128566
-0.7856116
0.2686492
1.830465
-0.42114955
1.2253488
-0.45759824
0.025037684
2.95929
-2.512502
-1.3512486
-0.1031738
1.3659557
-0.9947121
0.689478
-2.1374137
0.64893126
0.5332744
2.1056561
2.1630173
-0.16258915
0.04092804
0.20413366
-0.750595
-1.8397107
-1.2956879
0.9371912
-0.2778064
1.0810661
-0.7014589
-1.1907605
-1.064985
-0.6787969
0.23067375
0.18763094
-1.9664032
-0.18568076
-0.6210231
-0.043335073
-1.4887515
-3.5247667
-2.3530643
-0.32288355
-5.514814
-0.5148884
-0.22289784
-0.8788296
2.298746
-1.849323
-5.4906116
0.29638943
-5.8925586
-4.863462
-1.3873577
0.053773023
-3.0856888
2.1107728
3.357758
-3.716112
-0.42260242
-3.29569
-1.273886
4.4714184
-0.6046129
3.6370602
-0.6001184
1.181834
-0.8851468
-6.6319556
3.6490917
-3.000442
0.87122864
2.8438873
0.9567685
1.3682791
0.4094075
-3.8141084
6.1579204
-0.120896004
-2.0943465
1.9186246
-1.1677254
-3.0345738
-2.6797452
7.3750634
-1.087652
-4.7922883
-1.8103714
-1.8858384
-6.834788
0.63752836
-1.6305902
-2.051728
-0.8648124
2.5708213
-1.6357762
-2.9308972
-3.3497005
-2.755152
1.9832863
-0.042571366
-1.4525307
0.7121544
9.312371
-1.8007262
-5.521811
1.0404255
-1.9417422
2.3071175
-0.9322475
-2.8754802
-1.7357149
0.64042777
0.6171653
-0.05134921
0.008977517
2.0554059
-0.060647096
1.0974059
5.4952006
-5.056233
0.4278682
-0.26467708
-3.3392718
-2.6972077
1.4954226
5.196684
-2.5585508
-0.48835552
-0.32512513
-2.4712684
-5.370673
-3.557613
-2.3039699
-1.8720738
2.6139867
0.3737776
-3.9097822
-4.6417317
-3.8209343
0.36757407
1.1872333
2.4515903
4.812284
2.3551168
1.6183423
-0.15918314
-0.71217024
-2.5988123
1.44097
0.7989503
-0.45853704
-0.67156065
-5.6152277
-0.4635637
-2.2736595
-0.5932008
0.91228676
-2.84004
1.6606797
0.18117839
-2.019534
4.7058954
-1.6916116
-1.7883569
-2.9623065
-1.6584271
0.6227952
-1.9719614
-2.5296829
0.0664008
-1.357787
3.080429
0.5430299
1.3758035
-2.9853933
-2.453245
-1.56331
-0.25116643
1.0176368
0.8274104
-1.5144649
-1.0938411
-0.30733365
3.713026
-1.7334391
1.2592906
0.20312917
0.2238038
-0.783878
-4.0991364
-0.853278
0.6119626
-3.016129
-2.4874473
-2.8273878
1.174653
-0.83770126
-1.4792678
-1.2030687
0.21132652
-4.022166
-1.2105391
2.9822264
-1.4219307
-3.3231537
-1.1572769
-0.01485699
-0.8194962
-2.175085
1.574161
-0.90780175
1.5114046
0.13241641
-1.5350808
-1.1507074
-3.0563774
-1.8012091
-0.5305236
1.4709587
-5.576335
-0.32797292
-1.356792
-2.6168964
-4.619773
1.9274246
-3.7375333
2.6395178
-5.540908
-3.1020029
-0.28869846
-5.461596
-2.1588168
0.27042457
-1.9382834
-4.5477753
-0.9574898
3.2346792
-4.6448684
-1.9579972
-7.5140014
-4.1839356
0.9842805
1.5171994
0.65900075
-1.3452541
-2.372647
0.7128358
1.2388477
0.15785217
-0.9286273
-0.5595402
-2.5641387
-0.7847562
-2.6911547
-1.4818494
-1.947479
-2.038571
3.298511
1.0407611
-3.5195916
-6.2345705
-0.60774004
1.3251163
-0.48589304
-4.3237624
-0.10240006
3.1801317
-3.4025989
2.2671366
-3.1741579
0.40993422
-1.1303716
3.9528873
-0.84987545
-5.4002576
-3.4952307
-1.9845605
-1.3772203
-2.8230722
2.982494
-0.61340994
-0.38051867
0.8580344
-1.0966092
2.255336
-2.3980582
0.62578994
-1.0485251
4.137174
-1.3053546
-0.37406585
4.152779
6.37243
-0.40757596
2.7524426
5.5981584
-2.3767447
-3.295954
3.3601694
-3.0282183
0.99080753
1.9978156
-4.900653
-1.5341758
-4.212471
0.034804754
0.83953375
0.070711076
1.7085669
-2.4216425
-2.147191
1.8661773
-1.6794146
-0.7755983
3.48306
1.4082148
3.5469716
0.98511565
1.1182002
3.4712694
-2.1194
-6.0143366
-3.6318836
3.5152612
-3.8790126
0.54885375
2.2113132
3.0225108
0.2585345
-1.7075024
4.058741
0.77673894
-0.48607934
0.15104224
-9.003157E-4
-4.9177175
-1.2139146
-3.5249274
4.7411766
-5.174017
0.4137441
4.7786007
-0.38687548
-0.6909206
-0.1255856
-4.57058
-4.195888
3.3164928
0.7397655
4.929847
1.1231791
-6.1885076
0.6154491
0.6782802
-0.86662257
-0.29828542
2.214417
0.41341078
-2.4009285
2.2400632
0.5625263
-2.8752463
-1.5063481
-3.0512342
-2.2848651
-0.538933
-6.2053585
0.36194333
-3.4664872
-0.6767415
6.4043975
1.3257074
-2.6871397
-2.7941954
-4.6565948
-1.7787828
-6.8403153
-4.7525125
2.6717267
-1.9699392
6.843716
-1.0195861
-1.5094076
5.2406154
-5.625711
-3.4715915
-3.1321635
2.948401
0.32875633
-1.4117349
0.45999643
-2.573099
-3.8092465
5.592891
1.8318206
-1.7200363
-10.375523
-1.6739581
1.4205995
0.6547086
5.3317447
-3.8529096
-6.310545
-1.2961684
2.1093516
-12.336397
1.5781528
2.3363328
8.012927
0.8929207
-4.004268
0.23678926
0.64500284
0.1691218
-0.6205399
-1.1036403
2.2471995
-3.3527815
0.8662661
6.800014
-0.1157451
-0.50857407
4.4627476
-1.2580057
-2.6274788
-6.9843597
0.73284596
0.67911494
0.41400343
-4.749765
-0.13179354
-3.8374617
-2.5408478
3.6979904
5.8803844
1.2394747
-0.8046971
1.9616498
-1.7405114
5.0061355
-2.386445
-1.7835928
-2.4398582
-2.3777857
1.2029325
-5.809061
0.9061334
-3.934986
0.5846159
4.856096
6.221431
-3.0569503
-2.1908205
-0.18347903
2.2642884
0.11401636
7.2220116
4.5500975
3.6482208
-4.753519
-0.027375465
-4.3876805
3.185166
2.882845
2.6199162
-3.8271732
-5.399434
-0.21856219
-1.0444779
-5.1230164
0.8817823
-2.336364
0.069404066
3.1392553
-1.9925945
3.2150352
2.875946
-1.0872377
-4.145522
-3.176857
-0.1336388
-0.7975402
2.8809345
1.0820993
3.2804377
-0.4460383
2.675004
1.6024392
-1.0349834
-1.9377537
-6.1112294
1.605315
-1.1974609
6.595255
-4.8231397
-2.7904458
2.128328
2.0206974
0.05556302
-5.0539975
-0.66011333
1.1600406
0.33899954
3.4994872
-0.6176294
-0.83161414
-1.282367
0.4188843
0.78811187
-3.0723438
5.276428
6.582507
-2.3406286
-2.669339
0.37902606
-1.1334956
0.3570818
-0.5525063
0.8305098
1.1592134
0.37622982
1.9779155
-2.6892192
-2.7246177
-2.973815
-0.14474575
0.52355987
-0.6136905
1.5359524
-1.6512944
-6.6000648
0.17303483
-0.8083724
2.5679758
0.98281145
0.88570917
1.2872707
-0.8025274
5.2224455
-1.881501
-1.494065
-4.688423
0.7709011
0.29618675
-2.9235945
-4.2233834
-3.0077388
-1.8265746
1.326734
0.67327946
0.7820159
2.185396
-0.22874565
0.053917293
-6.0571218
-2.2683318
0.3025323
-4.075327
-1.668341
-3.7966073
-2.7054496
-0.7919695
-1.5798419
-1.7468421
5.5645943
-0.278681
-2.327905
0.7782384
0.62477213
0.15348966
3.3528104
3.762073
-2.7253678
-2.005077
2.9204924
-7.217425
-1.3794717
-1.957952
2.684555
-0.4950693
-0.65949994
3.4359846
-5.5893645
-4.223502
-1.125412
0.39525217
1.6594467
1.5943521
-1.1653582
1.7102165
0.5293681
-2.5162368
-0.9675311
4.8391023
-1.9842322
0.14493047
-1.162957
2.5247993
2.2210326
-0.86337095
1.3542523
2.127708
-1.758589
3.8632677
-1.8420488
-2.5629194
-3.0072885
-4.1980543
3.642565
-6.015299
0.21234156
2.3152483
-3.6493351
2.5132432
1.4770439
2.397307
-0.30935085
3.1608453
-0.6144182
0.9632276
-5.1803627
-8.735995
3.1067944
0.49383602
-1.6979479
-0.3481275
-2.8053782
1.1791304
-3.8676288
0.9858255
1.3681768
-0.407586
-1.0989553
1.8420657
1.6889625
-3.101854
1.5180598
5.2839756
0.69440144
-0.60690403
-2.2588942
-4.0813193
-1.3019837
-1.2099038
-3.6203933
2.1484628
-0.3385056
-4.1238513
-0.49213287
0.09290444
-0.42252177
-1.571423
1.6713743
0.6425694
0.9647196
-1.6877772
-1.3932604
-1.3181983
-0.18353721
-0.18455043
0.69349295
-4.1011095
-3.5265949
5.897511
1.5517819
-0.03644642
0.79597354
2.3822968
-3.9919183
0.43206728
1.1860515
-4.665943
-0.9823434
-3.1888824
3.7993329
-0.55713
-1.1247112
-0.22812274
0.63578504
-3.8191662
4.7924657
1.1931795
4.9961276
-3.0157468
-1.8678898
-2.082917
-4.0281467
-2.3108754
-1.3353343
-2.7434306
-1.6774293
0.2890498
-0.9343111
3.0498972
0.6963488
-1.5108972
0.6960242
0.51680285
1.5546695
3.9936163
0.027928839
-4.5880947
-0.86960363
-0.35468295
1.7366335
-4.5741715
1.1294533
3.2480707
-4.280153
3.127347
-4.682587
0.9208334
-1.3383555
-1.1122029
-1.1875778
2.5617867
-5.114528
0.98984206
1.1848855
-4.703624
0.86092216
-1.7766527
-0.52519166
2.2210293
1.5208333
-5.8264046
-7.025505
0.19261765
1.5146694
0.0023208573
-3.5686524
-4.687733
-4.938278
-4.0051556
1.2455597
-3.620014
1.8039206
-5.0874863
-2.8599973
0.817958
0.4922864
-0.14806941
-1.9285078
6.0459485
-5.048091
8.552072
-5.166871
-0.5859108
4.9381394
-1.7269868
-1.8188139
-0.25827128
-5.5384865
5.2193155
-5.1782966
-0.38094866
4.5716257
-3.8077781
-3.6914923
-1.4243755
-1.4545182
-2.6218398
7.9620147
-1.991884
1.8661486
1.9167899
-3.8282962
0.5411794
-0.77728283
-9.225398
8.79428
-1.2508957
1.1711956
2.8109715
-12.480702
4.125713
-0.056992617
6.7809744
-4.6943364
8.738708
-3.0627823
-10.836237
-0.75775135
-1.3459072
4.7069387
3.085828
3.4479725
4.9042344
-0.26929513
-1.4498079
1.9810567
1.5076807
-0.88336855
5.1190844
-2.7268217
-2.0913727
-4.179157
-0.8098492
0.041715372
0.47918174
-2.3664484
-0.74767536
3.4355013
1.4914352
3.7441065
-1.8404328
-0.7780659
-0.8176862
0.112827756
0.9621461
0.26987138
-1.7030615
1.3916345
2.6184962
-4.433572
1.2528412
-5.244912
-0.2755787
0.60812765
-2.5007348
-1.9178799
2.5405023
-2.896772
0.586785
-0.0032712242
-0.6345059
0.68817693
-2.2994347
2.5485759
-4.3689156
-0.48375538
2.4164653
5.048098
-4.172576
3.3734038
-0.22417699
-1.7416393
1.2150687
-0.8326369
-1.8859524
-0.32561386
0.88387805
-6.7940006
2.100806
-2.1737592
-2.761861
-1.0024804
-0.56308377
1.7286714
1.1029363
-2.4250286
-1.7779756
5.291328
-3.4857373
0.9329289
-2.229826
-0.0021784527
-3.9446473
3.3033662
5.0606885
-3.231111
-0.77801114
-4.265145
8.795519
0.35135928
1.2256435
2.7668877
5.2260785
-3.7360976
-1.4415389
-0.3672576
7.800791
0.55613226
0.40601748
-1.7453982
-0.29896355
-4.842347
2.760848
8.984155
-4.073663
-0.74666286
7.629013
5.1096
-1.0483634
-1.1344677
3.6023822
-7.832263
7.48522
2.916932
-2.0369382
-0.3609575
0.017590143
3.9078367
3.7055147
-1.3628995
0.44062728
-0.37715682
1.8047655
-5.2440257
3.5448153
2.4090354
-1.2028135
0.13991034
-4.2577314
2.7484455
-1.6665746
-5.0422525
-3.788608
-0.26036137
1.7124059
-3.3534558
-2.5719106
1.7910336
0.33141074
4.317648
-2.428722
-0.97300905
1.6335976
-4.6531606
2.3661668
4.2549005
0.28659946
2.3607676
-5.3501406
-0.23592621
5.3769765
-0.4209532
-1.4896997
-3.3087428
3.9016125
0.056426316
-4.779157
-2.1177177
-4.6061244
0.59523714
-2.1266518
4.7925577
-1.4848342
-0.9120113
-0.15842955
2.2763233
-5.109426
1.5519542
-1.2476058
-2.4517522
0.4082262
-3.0639107
-0.26059672
-7.0422897
1.4511938
2.5352058
-4.95702E-4
3.1044729
-0.3857076
-0.9200059
-3.478016
-1.962836
-1.3815348
3.684859
-5.370811
-0.017601077
-0.54694337
0.10955322
-0.71975744
-8.003406
-2.2355032
1.1484199
-0.1070081
4.5122423
0.7356937
1.0988234
-1.4909151
-3.238276
-2.4244742
4.231084
-1.3713088
1.3955177
-1.8548414
-0.17853776
0.26305687
0.11834198
-3.6586833
3.205883
2.0678453
-2.3279498
-3.1910572
-5.341524
-4.147379
0.2589755
-5.1033316
2.512114
-2.528045
1.3944136
-2.8246868
0.51549953
-7.481372
0.8465484
-1.3421665
1.9978604
3.574896
-1.717414
3.4709089
-3.3282828
-0.35224742
-1.8794602
-1.1342481
0.95976174
-5.232326
-0.17759448
-3.3203022
-1.4721307
0.4353816
1.8508987
1.6659896
-0.93361694
0.9156857
-4.0794644
-0.073230766
-0.9663362
1.042552
-3.1357477
1.5110073
-1.47711
0.506306
0.56025946
-2.824064
-4.8310466
1.7494125
-0.62032336
-3.8962045
2.1851654
-3.1662939
0.42582256
2.7818565
-6.084604
2.4101489
-2.9672596
-0.19728701
-3.2012103
-2.042611
0.81548774
-6.4764113
0.6213937
-1.8983799
2.9286182
-0.585715
1.039247
4.648075
-0.17302774
1.0330471
1.2894367
-1.2076939
-3.0623736
0.87837744
-4.230961
-0.08238709
-1.2018982
-1.922953
-5.3030386
-1.2623507
-3.7969933
-3.6733024
-1.7880702
1.15783
-0.0755703
-1.2537732
2.065906
1.7385793
-2.0213618
1.1128241
-5.1602254
0.45635074
-1.8042257
2.494825
-3.2392228
-2.591491
2.1817503
2.4815447
2.7671547
-3.2052736
-1.2377926
-0.64830744
2.2188394
0.21711911
0.8905465
-3.4853313
-0.4049945
-0.15114847
-1.7930139
-1.0660545
-1.0066406
3.6808693
2.562114
-1.9378814
0.56215966
-1.5158532
0.7404938
1.3627977
-4.171544
0.3809914
0.44556567
-0.7424156
1.5732123
-2.3985193
0.816513
-0.5908829
0.4829899
-1.3502308
1.42749
-0.037551943
-0.29552025
2.9438865
-2.1578538
-1.0302507
-0.90670806
-2.6461298
0.53747797
-1.517579
-3.1955705
-0.20958124
2.2752771
1.0618057
-4.7411194
3.537962
2.9385664
-0.6823547
2.8971312
1.1081655
-0.8932435
0.28322333
-4.9411488
-1.7286057
-6.6149487
1.2216406
-0.52040195
-1.4774548
2.4303603
-2.0069983
0.050173018
-3.0431185
-1.0884765
-0.37814274
-3.6701229
3.385075
2.887404
-4.628609
0.32374826
-10.634717
0.95546126
-2.2676535
1.8375275
5.040279
-6.337361
0.5289675
0.42126197
-1.9065218
-6.833369
4.1211915
-2.9429965
1.3470682
-0.8768233
-7.2285047
-0.14621636
3.2795246
2.1167142
1.5293274
-4.4012914
-1.3852824
-1.6781971
2.9945316
-0.32884508
1.2287041
-1.6617832
-3.440546
-1.8840885
2.63439
-4.307211
-0.5667213
-3.1327147
0.52093863
1.9513229
0.82238626
-1.7838645
-1.058473
-1.233944
-1.5677872
-1.4235761
-1.0763634
-1.4691415
1.4429075
7.062583
-2.5046637
-1.5370735
-1.9803258
-2.8150673
-3.305239
-0.7986112
0.79773676
-0.78091913
-1.827029
-2.41002
0.95701236
0.92193604
0.16283275
1.5873951
-0.9844078
4.5199723
-1.375865
-0.8639387
2.3307295
4.5978475
-1.1689497
-1.9160728
3.4377916
-3.5352798
-1.7774495
-2.4345243
-1.183748
-3.535848
-1.8765413
-1.9073591
-1.4282458
-2.4400074
1.4046355
0.55117184
-2.3876483
1.2477323
1.7912973
-2.7618484
-2.83421
-1.925104
2.9126124
-3.2879047
-0.65474474
-4.328993
-0.35533538
0.9123373
1.9054128
-3.78943
-1.1735468
5.831756
-0.11231852
-2.7974868
-4.251903
-3.5883288
-2.7264643
5.2414503
-4.3985796
4.069111
2.9746797
-0.84900147
0.84665686
2.0824907
2.2457938
0.46333632
-2.2127821
-0.33434907
1.0058177
-0.25226375
-0.31565523
-0.8875263
1.0991278
-1.9683217
-3.3486295
-2.6368139
3.425814
3.510529
-4.6911273
5.1992674
1.3692892
-2.4143434
6.2231503
-1.3773628
-0.0057555344
6.1584682
-1.385208
6.3913407
-5.026214
-1.1296148
-0.9830055
1.8154119
0.79596204
-5.8715563
-1.8908641
2.6427422
-4.7888947
-3.4795058
0.5495192
3.0333364
-3.434392
1.4973649
0.044098265
-0.15706745
-4.147096
-5.494377
5.2239294
-0.99782187
3.6532686
1.1109196
-0.029080706
-1.6894017
-4.446991
0.98511165
0.3123344
6.31531
-2.6333144
-0.16396831
2.5068028
-1.2717797
-2.4966495
1.2644758
-1.7335879
-0.0033923606
3.6933916
-0.39379415
3.387779
-2.631238
-0.17548591
-4.6997046
4.113464
-0.2953594
-0.80475867
-2.8344486
-2.1693468
-1.0133656
-2.7460825
-5.311595
-3.390422
-1.7405858
3.1996505
-3.457418
6.583806
-0.3113913
-2.522467
-0.8147875
-3.4785445
1.1858946
-1.6839855
0.9838401
-0.28289995
2.3784933
0.099418014
-1.1845814
-2.8395183
1.6337788
-2.3494327
0.54242563
2.5630882
-0.6516081
-2.355198
-0.61758614
0.8508769
2.848955
-5.442155
1.9067718
0.06126018
-2.9046822
3.4950943
-5.1582813
5.05056
-0.82821196
0.091003574
-0.40176722
-2.1602774
-1.2917025
1.7222954
-1.2943636
-1.5189204
2.023785
1.2761992
0.41278678
1.7820729
4.2124557
-0.55251014
-4.59258
-3.230287
2.2722313
-5.18804
-2.443875
4.095463
-4.8517256
-4.0022836
-0.4122433
-3.2622764
-1.4072249
-1.444863
-2.3782146
-0.28588554
4.7402716
-0.73393446
-5.79666
-2.0255072
-6.0022297
-2.795658
9.0697975
0.5609448
-1.2686989
-7.081795
-3.444769
0.015324891
-6.0333676
-0.8617395
-9.279486
6.4801636
2.4226131
6.2049193
-1.9732375
-3.085865
-0.7055984
4.5639725
4.763318
5.690444
0.8297374
-1.4583199
3.8843946
2.325626
-3.3012438
-8.80373
4.0636044
-5.857495
0.22801934
1.8899866
2.1490202
4.9803815
-0.6568692
-1.8048067
-5.6538405
10.223028
0.53877443
1.8184817
-3.7958634
-2.9155207
-2.000225
1.8686063
-6.3731356
-2.4808075
-4.0206037
-2.3551896
-8.355752
5.843735
-1.5321714
-0.65850234
-1.938573
-0.5963522
-3.623483
-1.0768363
1.51903
-1.196235
-1.2415638
2.4726782
2.7432735
1.604085
0.33157852
2.5460844
-3.7650938
0.5210375
-2.2546701
0.4186312
0.4161253
-2.6669278
-1.2943261
0.6814916
-1.8466021
0.85100555
-4.5675244
-5.367907
7.622763
-1.9802678
1.7615725
1.2000445
-0.5983366
5.9604473
-4.3634443
5.6345897
0.8361028
-0.200443
-3.1065774
-0.97728866
1.1975002
-0.9246513
-6.1348934
-3.9285977
-0.7300056
-2.4979587
0.58483064
-1.6179187
-2.3501647
-4.006151
0.8848342
4.506416
-4.0625634
2.9099524
-1.346334
-0.025098301
0.04401734
-1.8769305
0.82387984
-1.7064451
-0.699034
2.7983646
-3.9789062
1.4680034
-4.054101
2.670765
1.9052392
-4.011466
0.1851265
0.62481374
2.383938
1.8275592
2.8455899
3.989448
-6.096089
0.12748031
1.0871205
0.96293443
0.1308704
-4.3141975
2.7910779
5.3593154
-1.2175723
-1.1941824
-8.39994
6.4374332
-2.9698217
-0.7090618
2.9506264
-0.84132797
0.25706047
-1.5170542
4.8511267
-1.8476181
-1.7921857
5.3902864
1.6627433
3.6598964
-1.3158028
-2.7197866
-1.8642977
4.8001366
-3.912765
4.935208
-6.479566
-3.0643804
2.755937
-2.0354993
0.8703646
-0.54582244
-0.18897042
-0.26009655
-0.80812466
-1.5094066
3.444847
-0.44690788
0.062945135
3.3888154
3.7781103
-0.8834871
-7.655202
-9.05765
1.1732806
-1.2271825
1.203025
5.2291427
4.27576
-1.4687988
3.8368497
4.7923975
-5.5151978
-2.1261706
0.25728884
6.5556965
-3.5559244
3.560985
-1.9058604
-1.7099367
1.2527982
3.0991826
0.8889695
0.82276744
-3.0519338
0.09022148
1.3749168
0.17886734
4.27486
-1.4465094
-0.7720898
-2.6130455
-0.5151401
-5.198723
1.7715797
0.4157314
4.85381
0.5778319
-0.24939327
-1.9052789
2.8577201
2.520682
-1.3556045
0.42801508
-0.113308236
-4.185608
-1.7851446
-3.6438868
0.2038306
-0.77779895
1.3982524
0.69300854
2.055101
-4.9910765
-2.595046
0.5570155
-3.4187407
3.3779545
-2.2035027
1.2288535
1.047771
-4.4948173
3.3138068
-1.2144635
-4.560586
3.38051
-1.1438165
-1.1711236
0.28166476
-5.6283646
-1.7151731
0.8444185
-1.2617577
2.2070398
-0.92342776
4.008516
0.0427616
-2.7343454
-2.9369314
-3.457004
0.5327095
-1.3452166
4.4987764
-0.17712739
-1.4566743
-1.4587023
-1.2529682
-0.19549324
4.3309827
4.80045
-5.833382
3.5675426
-1.7412848
-2.3487682
-0.61408895
1.1030544
-4.6266713
2.3387017
-5.336514
-2.3070688
-1.0018066
0.024753433
3.3851886
0.8742324
-1.8853176
4.079703
1.971659
4.429492
1.170029
-0.19933023
6.3471704
-0.09113609
-3.829993
0.92345744
-5.9004536
1.8010653
-1.8532633
2.0224078
0.25494066
-1.3648553
-0.5615961
4.516278
-3.213644
7.103585
-0.98577005
-3.5053468
-1.448936
-3.3967342
-0.06498965
-1.4161699
-0.5726904
3.0885215
2.673873
6.3428383
-0.15543503
2.6981792
-2.41146
-1.2176362
3.3258572
1.9665151
0.6602681
2.7599738
-8.850643
-2.4500582
0.3190719
-4.27495
-0.9962341
2.1961603
1.41769
-2.643547
-7.4810674E-4
-1.7965657
1.0212709
6.0827317
-0.5272047
0.57575274
-2.0455444
-2.3132727
-0.59306484
2.482511
2.3276284
1.1967411
-4.881007
-0.18528096
4.981222
2.400782
-5.397594
-2.010974
3.462485
-2.6379004
2.2386773
-2.5468283
-3.871093
-1.8476634
1.930227
-0.5722549
0.17093435
-8.3241005
0.13665152
-4.829881
0.10894138
-1.1340858
-4.2134566
1.9404451
-0.58381116
-1.0026503
-0.49569187
-3.923963
-0.61176306
-5.3205695
-1.1239945
-0.9542889
-1.2518332
-0.73636913
-0.1454842
0.075750336
1.930134
-0.31751195
0.3832778
6.3309975
-0.090935916
-2.463838
0.6783877
2.0756736
-2.930836
-1.6434398
-0.409363
-4.8665776
0.29348814
-1.9679985
-1.6138403
1.1998365
-0.08539052
-1.5653992
-1.4375466
-1.2016128
1.5293078
-0.43178135
0.36277002
4.6999335
6.2587757
0.8174518
-3.3861792
-1.6302009
-3.2297142
1.7435158
-0.6096279
-0.43833113
-1.9017857
-1.4766649
3.2200274
1.3164114
1.9388381
-3.3505032
1.593651
0.26164293
4.2541094
-3.9503984
0.65072405
0.9999817
-3.295938
1.7709311
1.2006302
2.887102
-1.7220881
-0.784505
1.6113472
-4.3467765
-1.7023674
-2.6443408
-1.1462948
2.7187774
4.230828
-0.1378634
-2.610998
-2.895833
-0.86652577
-0.9163769
4.7102637
2.267333
4.5411406
1.524131
-0.41721526
-2.165803
-4.27581
-1.2589201
-1.1153147
2.9320292
2.8879905
6.418603
-1.4625605
2.8060482
1.4464707
-8.290685
-6.0856314
3.442073
0.5829938
4.324214
-1.0354061
-1.5490091
-2.9314628
-2.2521908
3.1573822
0.979981
-0.647976
3.0163035
-2.8186264
-3.2922676
-0.0843862
-2.8474627
-9.8552885
-0.6858578
-1.8274906
1.3770454
-0.6881417
3.8702762
0.43090522
-5.6227016
1.9247559
-2.1476083
-2.7551687
4.21822
4.157709
-1.7680537
-5.466833
-7.3117733
2.5373569
1.3074914
-1.5138575
-1.8931437
-0.9197648
-3.0752742
3.2856102
-0.5256592
1.7690353
-0.246656
-1.2994736
0.06053832
-0.42653143
-1.4785314
-3.8777366
1.2284521
-2.6368327
-0.15671766
-0.39568174
-0.17563915
-0.58934224
-0.6146213
-1.8545825
1.9160345
-1.4717182
-3.2121642
0.86869776
1.2439864
-0.54746515
1.1294849
0.9135107
2.2843316
-0.38541865
-5.9876823
2.2083247
0.60179085
-0.91887885
-0.17633066
1.0892515
1.2603356
-1.357804
-1.4968733
0.68716437
0.77989626
1.076092
1.5224103
2.2073727
-0.11362558
-0.6195276
0.040106397
1.1620255
3.2328172
-0.8750185
1.1807013
-1.3296419
1.4915448
-1.3130299
3.9096987
-3.2142975
-0.9801593
-6.0680914
0.9077451
-4.959177
1.1251019
-0.8574639
-0.7099464
-0.6405866
-3.0164015
-2.3447726
3.8335752
-1.211369
-1.8532535
-1.70106
-0.9994313
4.464764
-1.5419455
-4.103215
-1.767868
2.5348532
-4.196156
-4.270166
0.5616174
-1.3349508
1.6240573
5.446723
-0.17564936
-1.1814218
-3.807061
-0.38793895
0.9125251
0.7135239
-0.8430846
-3.3026462
4.7645864
-2.7875485
-3.4118347
-0.3197827
1.5921396
0.2813526
-0.1928386
-0.08342516
2.8555343
-0.3702573
2.9754276
0.5699736
-0.47539404
-1.6540337
2.7831085
-4.350851
0.4914508
-0.7240359
-0.7922211
-3.1012137
-0.9682924
-4.772677
-0.04234797
-6.6745167
0.871836
-1.0601833
-2.0628235
-1.4289318
-5.4040422
-0.35124552
-2.7881737
1.8186517
-2.999092
4.4289746
0.32620114
1.0040883
2.825044
1.6249355
1.4203445
0.19876236
-1.210708
-2.712277
-3.0078678
-3.6086328
-0.32652208
1.5751735
-0.029978478
-0.57487994
-0.09453555
-2.5103705
-3.8348455
-4.0129957
-2.7044284
-2.7993276
-4.076275
-2.379512
8.4992
-1.9649379
-5.657694
1.3485165
-3.1158235
3.791953
-2.4991598
-0.8832774
2.9943867
-2.8422914
-4.951847
0.014250677
2.9317796
-1.2999678
1.7024179
-1.5565746
-6.6466656
-1.2980827
-1.0096833
-0.47189936
1.8203596
-1.549995
-3.7526314
-0.73618543
-3.279352
-4.13288
-1.4964045
2.9372232
-6.2638135
-7.0159683
3.7684088
4.4225144
1.2173423
5.6101494
1.0237536
3.9536636
-0.8788027
-3.1322556
0.13551785
-6.952874
-2.033945
-0.01856748
0.78499466
11.013181
-1.3600823
2.6015792
-0.8484674
-2.539593
-5.9557195
-2.7031505
-6.210105
1.2421302
-6.040854
1.1174093
-2.3399892
-9.481093
-0.7924716
0.8649094
4.8404484
3.153941
-1.6697018
0.9495245
-5.6032724
0.047857597
-6.7209306
-9.478665
1.7010226
6.3794823
-4.181585
-3.3062875
-9.267604
0.20509373
3.8892984
-0.31324938
0.22082858
1.8280158
5.6754365
-1.2659173
-2.066223
0.18712898
-1.6913798
2.674308
1.696625
-4.2694225
2.1425316
-0.6420939
0.5463532
-0.55247915
-3.306885
2.8182282
-2.5900805
3.4617522
-1.3217187
-3.684803
1.2493924
-2.6057682
-2.929719
0.856298
-0.059748642
10.382244
-3.0810595
-3.0719817
0.84866446
-0.21068037
1.0939779
0.522272
0.6529952
-0.6155407
-7.7721243
-5.054671
-0.7166311
1.2748011
2.0324328
-5.0952086
-1.3547084
0.4613557
-4.2779036
0.9969389
-3.7614806
-2.74336
-2.7154253
3.6957042
-2.7455194
-0.36830124
-3.4090483
-1.4047302
5.194368
6.5816903
0.59587985
6.6336
-0.073994905
1.3991951
-1.3150045
-2.5058148
-0.31588256
1.1579227
-5.7254314
0.051408842
-5.6551375
1.1158959
1.282014
-6.4632344
-1.8639741
3.2185419
-1.2109361
-0.61216235
1.2964561
2.324715
1.5002233
-0.30300134
1.5762795
0.7882023
-5.628872
-2.105208
2.3676364
-2.3184793
3.012088
2.8105776
-2.8084717
-1.2158203
0.9639308
-2.9292667
-1.628122
-5.6881056
-2.4641912
1.2641845
-4.8082066
7.2237396
0.76214176
4.181186
-1.314639
-1.1202564
-5.6638684
0.35500658
-1.1833123
-0.9232739
3.5536513
-3.5927446
-0.6213186
-3.1521106
-4.4382105
3.437556
-0.021071209
-0.9152897
-1.6472418
-2.667272
-2.320055
-3.067261
2.0076852
1.5212377
-5.2617087
0.90479463
-6.023856
-0.6720376
0.58291197
-0.17945367
3.9346876
0.118431754
1.5094438
-0.5599065
1.6113279
-2.7534606
0.70437294
3.0633776
-1.8465441
-5.410618
0.30634677
-0.58314997
2.672278
0.16255262
0.9005797
0.8625171
4.230831
5.8392105
-4.3028054
-6.1170535
1.3408058
-3.1047692
-3.2726238
1.3231164
-3.5533893
-3.037509
-0.008924002
-2.3896446
4.9192166
-7.7921157
-5.3272243
-3.0885756
-1.66994
-7.812537
2.709665
-1.7990052
-12.035264
-1.1003233
3.1205475
-5.942932
3.08771
2.3358786
-0.16868912
-2.158242
0.6864382
0.40222356
-2.2288988
0.3140372
5.208998
-0.06267134
4.2871857
-2.467606
-1.0334291
-5.2956796
-3.578494
-3.9000885
-2.1043158
-2.2943287
-1.4281032
2.9561472
-0.41189778
-1.4007691
0.3827595
0.93691134
-2.3219001
3.2656698
0.23009534
-5.7982116
5.5252247
0.67577827
6.6422796
-2.3346493
7.0782804
2.55264
-5.1077375
-2.6304517
2.9103887
2.0358834
0.8476018
-6.02479
-2.8703604
-1.2223527
-3.495715
5.7995124
-4.6618752
2.6767328
-1.2664647
1.4588717
-8.403941
-0.5735278
5.261462
-0.88589483
-0.9294241
9.675909
-0.4322839
2.216512
-5.4469137
-0.78739446
-1.3850538
1.3868455
4.2027965
4.708545
6.534631
2.6620688
-2.4088414
-3.1538854
-1.0212529
-1.7916025
-0.84842104
-0.15185943
1.5855665
2.8418484
2.982653
3.8433626
-2.865089
-1.273739
-0.44173554
-6.7101336
-1.6793368
-2.0773127
-0.41253248
-2.921808
-0.64978206
-6.2424498
-2.754077
0.07203505
-2.0331993
-0.9693733
1.2656633
2.3096359
-2.578238
1.1191356
1.5960653
-0.7802246
-0.36914033
-1.3867481
1.0372629
-1.0062466
-1.0053184
1.2099518
-0.19435416
-0.591276
-1.2871114
2.2970688
-1.399766
2.6205425
0.41953656
-0.85860765
-4.4957414
-2.2787967
-0.5000457
-0.76670885
0.8923026
-1.3778108
-1.1416076
-1.9739531
-0.40226743
3.4088702
-2.129539
-1.2117862
-0.12216008
0.11963331
-2.4654288
-0.3713026
-0.47107655
1.7361231
0.2503375
-0.6065683
-0.68777716
-0.3048397
0.16201454
0.535876
1.5543921
-0.4077954
0.9416373
-0.9313242
-1.776309
-3.2247798
1.6455513
-0.550451
1.6022831
-1.0254276
-1.0701395
-2.0884354
0.51411396
1.3531704
-1.0707723
1.48566
0.2928726
-2.0840886
-0.3313987
-2.416279
3.5497534
1.5607187
-1.4360932
0.41911948
-0.89090216
-0.25098017
-1.824947
2.0744183
-0.8439552
-2.4347382
0.570729
0.35333252
-1.2947711
-1.4648604
2.3073974
-2.413967
0.05784462
2.5532596
0.06134798
0.94739795
-0.49710065
-1.8304213
-0.73389125
0.34913576
-2.0055196
-0.79060465
-1.3862301
-2.4928544
-1.2910324
-0.23511642
-0.13110514
-3.1387577
-2.2214277
-2.248777
-1.321221
-0.4564418
-1.4483287
0.74604064
2.9618304
-1.3985226
-1.7140207
-0.8448643
-2.1199431
-2.4362671
-0.6686162
1.004033
-1.2314922
2.2145257
-2.1968918
1.9535979
-1.5701193
-1.43808
-0.6543304
2.5879345
1.3109748
-1.8633269
0.31166404
0.93598497
-0.27492607
-3.388022
-1.627972
-0.4848895
-0.7451329
-0.29309043
0.09401828
-1.073574
0.13838758
-1.374702
-0.7580961
3.9765043
-0.7282411
-1.9203045
-2.05911
0.06574988
-1.2737892
-1.3060626
-2.2230005
-1.1315434
-1.6246655
3.2376037
-1.6593536
-1.9877999
-0.56136024
-2.0901697
-0.08944313
-0.30243376
-1.0806671
1.4364799
0.4429484
-1.7201492
2.4986162
-0.8456736
-1.5959588
-2.3480718
1.4267002
-0.5176515
-1.7046067
-0.8590817
0.5040535
-1.412889
2.7628407
-1.3337636
2.077601
-2.3019335
-2.6069386
-2.0827491
2.1389973
0.9208501
-1.3094693
-1.8518642
-0.5458728
1.4487016
1.8131652
-1.2576315
0.79977816
-1.7880905
1.4353749
-1.5860071
-1.1207259
-3.2852874
-0.45971516
-1.5012069
-1.2425921
0.6174382
-1.119273
1.703994
-1.2638813
-2.2019448
1.0274556
-0.45829594
-1.5098372
0.6516752
-3.0567758
-1.2573966
-2.147076
-1.8901447
2.37519
-0.86324793
3.0105102
-2.2127995
-0.68127173
-3.1393456
-0.20838171
-1.216576
-2.457373
-1.2291734
2.397168
1.1679587
0.9698305
2.4344804
-2.2126963
2.2773497
1.1225041
-3.2300406
0.7886147
0.4639039
-2.1208544
1.4078975
-0.5897199
-2.0739493
0.4715932
-1.2068026
1.3990482
2.840148
0.99254775
-0.7949778
-1.9388139
-1.768816
2.363963
0.6096303
1.4075453
-2.4748945
0.0567571
-2.3792882
-0.1954092
0.44130006
-1.6511145
-0.8394599
-3.128001
-1.2051772
-0.26260957
-2.8132346
-0.4411383
2.6242383
-0.6890149
-0.3044747
1.7304106
1.4164951
-2.6344926
-1.9343432
-0.08831039
-0.9732939
-0.81425285
0.25574303
-1.5132226
-2.7528996
-2.2286546
2.101763
1.1970198
-1.1432847
-1.2608783
-0.33451188
1.6395887
-0.60971856
1.3004243
-0.5424641
-1.6095848
-1.7552757
-1.4704937
-1.8077544
0.9856871
-0.81907564
-0.6434876
0.26211217
-0.6976554
-1.2898382
0.69996685
-0.56450623
-0.49780422
-1.6294161
0.2094503
1.8957245
-4.2019987
-1.4210323
-2.047647
1.9583603
-0.23520336
2.2621777
-1.5622147
-1.2063679
-1.2793734
-0.78577626
-1.3364921
-2.7054434
-0.544698
2.2861564
-0.7836529
-1.1771114
0.8025665
-0.85270715
-3.9710078
0.6322577
0.13598055
-1.4871594
-0.9978741
1.0920259
-1.3295592
-0.38736662
3.2509363
-1.9337258
-1.2899879
-2.005064
-3.6392019
-4.8567123
-0.6166523
-0.8397685
-0.8350165
-1.5312792
-2.7837973
0.07009699
1.8456837
-3.1773562
1.2299335
-1.4460003
-1.1248552
1.6215312
-0.062100243
1.8505801
0.2714139
1.2937027
2.0730693
0.16629985
-0.51921815
-0.3485635
-3.6983824
-1.0504184
-1.4139066
-0.34201884
0.5304931
-0.84584624
2.8333168
-1.6730344
0.9485903
-0.9949894
-0.6643776
2.3754766
1.4264697
-0.8226721
-2.4967766
-0.44791642
0.55306226
0.24370882
-0.3502497
-0.21609107
0.9374515
2.2326908
-3.104739
-2.4593296
1.4912468
0.1778545
0.26223594
0.045901455
-1.5313355
2.4710956
-1.4775065
-1.7266456
-1.0729774
-2.2913055
0.698731
-1.7317159
-1.0674801
1.1672348
-2.678782
-1.7079203
-1.76486
-2.188285
2.584699
-1.7847476
-3.0229392
-1.1754595
-0.9729984
0.60221875
-1.93281
-1.5250369
1.7710059
1.2916032
-2.8378298
1.2101243
0.69301593
-0.2174068
0.8961077
-2.8639703
2.146604
0.7096761
-0.92442137
0.9328359
-1.4336336
-0.16794823
-0.7319862
-2.3189814
-0.46340948
-0.05560102
0.29387763
0.04201607
-2.1230242
0.21510963
-1.2412764
3.214333
-0.54836494
1.3455164
-2.5507998
1.7529651
-1.1821635
-0.93364894
0.5350169
-2.4828393
-0.94184923
-1.0227706
-0.31649697
-2.3652713
-2.011392
0.25197175
-1.5379612
0.29429394
3.3706806
-1.0285037
2.5212464
-2.635381
-3.3489268
-1.1957645
2.677523
-3.0811687
-1.687916
-1.0445105
0.488548
-1.2895347
-0.71351326
-2.1093364
-2.292521
-1.5518991
-0.6475295
-0.71583354
3.1846623
2.149738
-0.53192836
-2.1583486
0.031729396
-1.4640318
-2.271164
-1.2883978
1.2096844
1.5813562
2.5638328
-4.397224
-2.8602827
-1.0410069
1.9775981
1.4998046
-0.12725866
3.1627553
0.83844703
3.889611
-2.4821181
-0.8417021
-0.1785884
-1.219588
-1.9448951
0.17057274
3.1394792
-1.0923791
-0.9287912
-2.273627
1.0518897
-2.9471602
0.682386
-1.0374951
0.48990428
0.015549275
1.5985097
1.4323823
-1.4506524
-0.8759636
0.71133447
-1.7553674
1.1596043
0.32364643
-0.053603824
-1.3057914
-1.3473219
-1.5779378
0.75210565
-0.3320785
-1.1008098
1.4804685
-0.7228374
2.6205919
-0.7527155
0.3807769
-0.8132475
1.2129977
-0.67179805
-0.8983448
0.84981453
0.574032
-0.9586678
0.35381025
-0.8639255
