0.0
0.0
54
2
54
27
12
-0.9681825
0.47374615
-0.44937727
-0.050892174
0.10414129
-1.0938226
0.19818899
-0.9825804
0.15899393
-0.6304091
-0.1066993
-1.2014302
-1.0709387
1.3984863
0.6066655
-0.66973466
-0.64007676
0.44485846
0.40333053
0.8336767
-0.57286125
1.0212566
-0.29926673
0.28508985
-0.39010528
-0.6649066
-0.7042005
-0.027440129
0.7061839
-0.17876478
0.8989615
-0.18927976
-0.5951992
-0.9352323
-0.02584811
-0.34279093
0.625347
-0.8534487
-0.190561
-0.79913485
-1.044393
0.3355656
0.7558532
-0.31919622
0.13712643
-0.40832722
-0.28219745
0.5365108
0.19639242
0.5741141
-0.024747029
-0.69422793
0.56019264
-6.1798096E-4
0.5968829
23.85604
-0.33371243
-0.29025763
-0.18076375
0.7944256
0.50544196
0.04338983
-0.44660184
0.37261584
0.0984399
-0.14328074
-0.39652622
0.60449195
-2.694096
0.5065879
-0.4148898
-0.6788531
0.6091515
-0.22079544
-4.699553
1.2262864
12.271663
-0.08663584
0.9910034
0.39531222
0.3450051
-0.26853994
0.17593114
1.589337
0.21512423
0.85078233
-0.10217788
0.5519783
-1.0797914
1.5287185
0.040662736
-1.0244733
-2.3311713
1.6798569
-0.85482836
0.9193119
-0.6564394
-3.3505898
1.2097498
-2.6633046
1.0151067
11.927056
10.180045
-1.0086427
-0.38103402
0.5220175
0.78898305
1.7473851
0.031112503
0.8563239
-0.5879279
-1.1206212
-1.049494
0.2814454
0.7464624
0.34932578
-0.42024437
-0.3891441
-1.1569085
-0.15575075
0.6681001
-0.17836532
0.589605
-1.005255
-0.5926814
-0.5953136
-0.64670026
-0.023056032
0.9590269
-0.4150329
-0.3922954
1.0074095
-0.31057474
0.4671121
0.34925845
-0.25949207
-0.46460384
0.13790181
0.51859
-0.9726659
-0.80538595
0.3997561
-0.023660261
0.38932002
0.6217953
-0.77470475
-1.3131857
-0.26448867
0.44737926
0.7014542
0.17412555
-0.8325385
-0.5348956
0.56572986
0.4940864
-0.21014154
-0.051339697
0.060207393
-0.6387567
-0.13790329
-0.20067964
0.064950734
0.21760908
1.3401128
0.6729802
-1.550926
0.38225198
0.4827659
0.12524931
-0.94619995
0.07539361
0.18725142
-1.0863305
-0.76897764
-0.5548786
0.87503874
1.1446326
0.05717619
-0.8073913
1.2165726
0.37259743
-0.3224597
-0.6021448
0.7330083
0.38508055
-0.032124374
-0.6364347
-1.3692281
0.39627483
0.73460716
0.26080346
0.21413273
0.851632
0.5686463
-1.0715955
-1.102279
-1.2260466
-0.5145494
0.1048388
0.07948882
0.1393445
-0.67320937
-0.42423436
-0.6791327
0.12408289
-0.54150677
0.45591056
0.019357502
-0.7664434
1.026678
-0.42254993
-0.057136916
0.16565862
-0.16528374
0.27383307
1.570587
0.07381153
0.07577723
-0.45350894
-0.46070427
0.06787709
0.36250916
-1.230068
-0.61409545
0.064604916
0.6625511
-0.825429
0.23351014
0.35671726
-0.45424685
-0.2475281
-0.17508024
-0.0013915955
0.7771931
0.7519522
0.21701562
1.1827679
0.5984115
-0.6884977
-0.65656173
-1.1326259
0.2664155
-0.3051357
-0.5961061
0.6195767
0.009150693
0.7198238
-0.74407816
-0.35272062
-0.74260235
0.3123955
1.0067904
0.8247678
0.33805746
-1.1863121
0.5164547
0.48034874
0.3441231
0.50085413
-0.7724885
0.8173688
0.6181679
-0.06852539
-0.40113366
0.24470639
-1.0673902
-0.15425377
-0.13664146
-0.8887957
-0.073482394
-0.27968878
4.926257
0.16206713
-0.18528575
0.3743222
-0.021532046
-1.0332717
-1.1261005
0.78549343
-0.678416
0.041731264
-1.0677098
0.34819072
0.5774435
-1.7677878
-0.2814646
0.14942771
0.31298825
-0.65371156
0.702039
-1.1087584
0.9197868
10.873308
0.4863611
0.23373632
-0.6156041
1.4264945
-0.46021715
0.06589779
0.6589641
-0.23760279
0.26093704
-0.33149022
0.16748278
-0.95840174
0.7103302
0.057795852
0.7729856
-0.22269353
0.9659689
-0.9721504
0.24918501
1.1170866
-2.2319279
1.1425593
-0.3026666
0.74593544
12.2809925
7.0017867
-0.9086647
0.5847691
-0.29537913
-0.1782545
3.9446187
0.90606123
-0.154315
-0.61664253
-0.37824327
-0.08206024
0.72718257
-0.74875206
-0.9083953
-0.40718558
-1.0797641
-0.28754377
-0.5370935
-0.19743259
0.33754867
0.2928418
-0.8154941
-1.026781
-0.49087885
-1.0571343
0.85781586
-0.09671943
0.051455125
1.0302495
1.157768
-0.66981053
-0.7266693
1.1860247
-1.028844
0.7257935
1.2282923
-0.24754347
0.43075266
-1.0406797
-0.37444577
-0.42445886
0.9721192
-0.07860306
0.6352391
-0.7302642
-1.0272716
-0.7825672
-0.11273853
0.33256245
-1.0145873
0.10176694
0.04764977
1.003101
-0.12728447
0.060768597
0.4644047
0.9209617
1.0390371
-0.15549271
1.6139104
-0.065232225
0.6711321
-0.0060320785
0.12393886
0.17880854
-0.48129112
0.44381782
0.25824344
0.038703103
0.10952063
-1.238013
-1.0650728
-0.56746596
-0.22737429
-0.20698342
0.6377421
-1.0455371
-0.27976367
-1.0611743
0.40168667
-0.2773098
0.16313955
0.38879237
0.4835506
0.70455194
-0.50984347
0.9421719
0.556842
0.39687717
-0.1110438
-0.062722474
-0.6174305
-1.0439978
0.6387236
-0.30359146
0.4946253
1.1659079
-0.59984016
-0.6556541
-1.0570412
-0.13948412
-0.3938173
0.2634256
-0.107272
-0.49085945
-0.34204125
-0.4693761
1.2172883
1.1261929
0.13512056
0.2583356
0.6303399
-0.1838553
0.42426607
0.53564435
0.4064354
1.2537373
-1.6994684
-0.90850276
-1.0446247
-0.6773661
-1.0807531
0.66334134
-0.82841355
0.3684452
-0.742849
-0.6366594
0.57097316
0.848098
-0.24393302
-1.0739254
0.518048
2.8121937E-4
0.9643583
0.9698011
-0.34538427
0.53607076
-0.3189309
-0.21223512
-0.725426
-0.16418344
-1.0519153
0.21525888
-0.068640284
0.798412
0.14478736
0.5639529
0.7644617
0.30517668
0.7078445
-0.5242126
-0.8520674
0.38570532
-0.4774163
-0.42853838
-0.43347856
0.30348325
-1.3086164
0.38897038
-0.21256584
1.0322493
0.34430414
-0.06156994
-1.1640933
0.5702031
1.0156255
-0.81968385
1.6004621
-0.5612541
1.2779862
1.044677
-0.08321816
0.112893306
-0.6839006
-0.43008593
-0.4023984
-0.04372293
-0.90154296
-0.6199334
-1.4419361
0.3979306
0.35228226
0.5838735
0.41408098
0.13410257
-0.58977324
-0.8998805
1.0961391
-0.51843435
0.106591895
0.6981405
-0.72806346
-0.034754448
0.33285692
-0.017843915
0.30530486
-0.31441796
-0.18466122
0.053856593
-1.1602571
-1.0654765
0.42756906
-0.75249577
0.42955694
-0.1682606
0.578115
-0.014033775
-0.30701622
0.8505872
0.42360732
-0.27219197
-0.28494632
-0.14032441
0.5075349
0.5596643
1.414892
1.5000224
-0.9328438
-0.09595328
0.011845422
0.21390124
-0.23064035
-0.9692292
1.2381707
0.92257226
-0.5383316
-0.17857067
-0.07847314
-0.3633262
-1.1032541
1.0497186
-0.14555894
-1.1739855
-0.09747136
-1.0953556
0.5712177
0.8285465
0.1515643
0.8293363
0.29466742
-0.16595545
-0.28526264
1.0838425
-0.72543883
0.963086
-0.5707851
-1.0927824
-0.7659356
0.7318243
0.34299663
1.1066067
0.18061402
0.82263654
0.676807
-0.5220835
-1.064714
-1.0028701
1.0091861
0.7898209
1.1474463
0.39220926
0.8411649
0.60810816
0.6723583
1.1183037
-0.5974048
1.4196782
1.427782
0.77134115
0.4275727
0.47936174
-0.46357659
-0.665902
-0.30514005
-0.67607826
1.1514263
0.55738777
1.5139027
-0.4438543
-0.61490947
-0.28995216
-0.94324225
-0.02858765
0.094184965
0.6718977
0.25101018
0.642008
-0.1559161
-0.647858
-0.032506347
-0.4284853
-1.0572275
-0.48656043
0.090316206
-1.0214132
0.23284057
1.3240694
1.0171666
-0.5485009
-0.57405424
-0.38657975
-0.5641445
-0.19734669
0.16184753
0.40947592
-0.68820107
-0.037535485
-0.9793731
0.5043011
-0.42470232
0.61802316
-0.0820912
1.0090511
1.0503414
-0.99471605
0.4828404
-0.2417856
0.06775267
-0.45507523
0.24847722
-0.40971094
0.9544102
-0.26767346
0.37915933
-0.040061485
0.18675737
0.49948207
0.5349166
-0.386425
-0.13798177
-0.457929
6.607091
1.183967
-0.8106577
-0.5720124
0.28757694
0.661501
0.39041817
-0.6164943
-0.6283821
0.3132173
0.3366928
-0.71914256
1.0808564
-1.7939805
0.6907052
-0.14942785
0.69427675
-0.9955402
0.7035829
-1.3885707
-0.25254604
-14.856133
-0.10356486
-0.6245568
1.1587714
-0.66497314
-0.06938019
-0.54266775
0.8718547
-0.40644875
-0.5211164
-0.5867915
-0.7235493
-0.12065712
0.6634362
0.29890344
-6.0139904
-1.0184577
0.014572678
-1.1542348
-0.44405833
0.42054498
11.619228
-4.985206
1.6286881
-0.15349321
-0.4443226
-6.311709
-1.3650393
1.0904968
-0.3523833
0.8731081
0.3401862
-0.6273058
0.7566777
-0.34012887
0.111251295
0.6320804
0.726752
-0.06826442
-0.86455214
0.5355441
0.5051725
-0.82094973
-0.53680325
0.26048854
1.3167734
0.87181777
0.27358878
-0.8923656
0.9311568
-0.6852728
0.66803706
0.42951968
-0.120773375
0.98433053
-0.06493166
-0.46939766
-0.51005924
0.09040903
0.045999315
-0.29936278
0.2736874
-0.04354508
-0.35276413
0.31980035
0.7731162
-1.3528905
-0.30453184
0.8816899
0.39878884
0.4369354
0.5210614
0.15852277
-0.34276032
0.933725
-1.3204958
0.39908385
0.40788227
-0.25540826
0.6722096
1.1065428
-0.30443192
0.66748375
0.8820014
-0.59907794
1.5629762
-0.16965823
1.9712145
1.1057183
-0.6929274
-1.2416143
-0.5371948
0.2345156
-1.132753
-0.9316345
-0.2128923
-0.83474064
-1.183755
-0.7016504
1.4532771
-5.8159003
-0.6571774
-0.7941924
0.08720985
-0.7744988
-0.120939106
1.0054309
0.49616545
-1.360898
0.61554366
-1.6960974
0.097266525
0.7255191
0.063090354
0.5338626
0.8287154
-0.608737
0.5925689
0.17148697
-1.0945438
0.795637
0.39586225
-0.29368034
-0.6317181
-1.3885412
-0.33070183
-0.22740331
-1.4438381
0.2412467
0.50460255
0.6366221
1.0607307
0.42057082
1.3752594
1.0350535
-0.3017242
1.27039
0.07462138
-0.08459271
1.641342
-0.40409407
1.230198
0.3443689
-0.44964832
0.091258205
-0.0767563
0.53548783
-0.2783505
0.92003053
-0.14883105
0.42667952
-1.0120769
-0.9811833
-0.2257447
0.9215383
0.04008746
0.063109055
0.96943337
0.0891574
0.16739964
0.47113302
0.6670036
-0.50638425
-0.5240357
0.10533659
-0.6781995
0.81751776
0.14993936
0.024103299
0.65637594
-0.3500871
-0.0862598
-0.13548721
0.37879553
-0.42842042
0.07238676
0.7736591
0.32845837
0.44387028
0.30278394
-0.17741731
0.07590044
-0.26241586
0.5119537
0.052765816
-0.11460155
0.1490854
0.874476
0.65607274
0.6277195
0.69334143
0.5989238
0.7955843
0.3159536
-0.13537067
-13.909788
1.2007067
-1.4704978
0.6084941
0.7581958
0.73007196
-1.2393036
0.89186174
-1.1728249
0.17547405
0.19362116
0.049422156
0.0918535
-0.9634037
1.8936902
0.8947399
-0.10348191
-0.96723807
0.93248934
1.381179
0.07403645
0.40017632
0.7684623
0.4532918
-0.9355645
-0.9191854
-0.4302668
0.66242903
1.773697
-0.29802424
0.32032272
0.024998765
1.0033803
0.0064980267
-1.1850274
0.34799835
6.3261027
-1.1964203
0.81431735
2.3657713
1.5813384
1.1998991
0.7234781
2.6245768
-1.1025145
1.0963806
1.2100989
-6.8288693
0.17403904
0.26750934
1.3813822
-0.14627257
0.098903656
-0.32811174
1.3288205
0.5968552
-0.51879674
0.09287969
-0.46578407
-0.13103127
-0.94729483
-0.29137567
-0.12435863
0.68452
-0.0065835714
-0.0036986663
-0.30672666
-0.07342821
0.49994242
0.5238342
1.0305429
-0.5340734
1.0880127
0.3632723
-0.4614736
0.5327911
1.0318207
-0.2901937
-0.1619178
-0.25965437
0.4998944
0.07595211
1.1398158
0.6549172
-0.465738
-1.0857892
0.17644727
0.22856033
0.5786344
0.5068954
0.026754301
0.13074993
0.7468809
-0.2732149
0.024131374
0.17976332
-0.70047385
0.5706004
-0.21948814
0.966137
0.76207274
0.8404951
-0.17416282
-0.10318833
-0.14108421
-0.25668776
0.020496607
-0.8443585
0.5926063
0.21692386
0.1277309
-0.5464254
-1.1275107
-0.90620905
-0.99711955
1.0443885
-1.02054
-1.1453118
-0.6615617
-0.86657524
-0.07558116
0.045484297
-0.8558286
-0.27367792
0.38453284
-0.19865991
1.1366285
-0.010292303
0.31008443
-0.00928351
0.47223744
-0.18731919
0.28635743
-0.4971573
0.49018145
-0.71737885
-8.459784E-5
0.98578733
-1.0637407
-0.15122272
-0.798931
-1.0725455
-0.32446906
1.3781894
1.0448654
-0.44489968
-0.72923464
0.7066483
-1.1338633
0.9185307
-1.3997371
-0.5719858
0.44344336
0.88307625
1.3042552
0.007581365
0.022485087
-0.13469021
0.59093875
-0.8692674
-0.13773108
0.199018
2.123856
-0.49870032
-0.3572293
0.2273566
0.8185848
0.08729241
-0.19715917
-0.2395227
-0.3176207
-0.76612526
0.0031850338
0.41643247
-0.63582516
0.14830896
-0.9096611
-0.9944074
0.66819817
-0.19716382
0.013076856
-0.9042685
0.6552885
5.856698
0.025759941
1.5690162
-1.4469678
0.1265918
-0.46377388
0.88858765
0.10855115
0.75282717
0.590041
0.32872567
0.5074304
0.06466278
0.17250806
1.2109718
1.8814918
-0.17872262
-0.07063787
0.06196615
0.9948594
0.6029111
0.2693658
2.0219715
-0.079948574
0.1104732
-0.6771388
1.4301765
0.23928599
0.7382155
1.0822172
0.23977348
0.5605438
0.5918147
0.58923554
0.50494784
-1.67521
0.35775882
0.55193955
0.5289752
-0.6861191
-0.50491375
0.43934277
-1.1595969
-0.28116095
0.47478393
-0.17416248
0.92729264
-0.30737698
-0.1349944
-0.1680738
0.7885864
-0.10183052
-0.50657815
0.403033
-0.651077
0.93954253
-0.013816814
-1.1486799
-0.22241831
0.04553243
0.6084424
0.5517278
1.1470487
-0.7275115
-0.42106867
0.17592221
0.018122118
1.1742508
0.21499798
0.8873273
-0.4497716
-0.14360401
-0.56139076
-0.16403472
1.1150101
0.0398162
1.094032
-0.17807204
1.0687493
-0.08054292
0.11317793
-0.37942636
0.7302148
-0.60611916
0.06986054
-0.15736634
-0.28054532
2.122055
-0.39628315
-0.7713292
-0.9337178
-0.9778575
-1.0263441
-0.1167268
-0.50641763
-0.5976126
-0.9681876
-0.103223205
0.10447611
0.011167586
-1.3493158
0.56611204
0.037460767
0.3784655
-0.38633645
-0.6425609
-0.118293084
0.4844508
0.6808699
-0.161876
0.023142466
-0.74595
-0.04302293
-0.6287297
0.3004763
0.8735574
-0.4113071
-1.0782387
-0.72358876
-0.5089041
-0.3988932
0.14422718
0.002678603
-0.38185233
-0.30848026
-0.65502596
-0.60538346
-0.6037121
0.3089286
0.41995972
0.8625085
0.16227996
0.17183433
0.25935847
0.83156204
-1.0247022
0.30388683
0.9088324
0.33245304
-0.14875734
-0.73694533
-0.21731251
1.257965
-1.4961712
-0.6261129
0.3392525
-0.6194523
0.6497539
-0.49051875
0.4244813
0.30009165
-0.44246233
-0.13945334
0.28592253
0.27603033
-1.1890804
-0.23723139
0.3451455
0.3222321
-0.74839497
0.024898572
-0.23305736
0.07702836
-0.03587672
-0.8782252
-1.0887109
-0.07335474
-0.9075417
-0.65408325
0.4218669
0.06070376
0.50858307
-0.38671553
0.7425948
0.288935
0.22733645
0.8775252
0.56947064
-1.2780579
-0.63594264
-0.96517414
0.061198026
1.0432645
-0.8434761
1.0372189
1.3810616
0.22471184
-0.32228744
0.5505731
-0.6012603
0.29240063
0.8727664
-0.3737061
0.8966
-0.61060494
-1.8084164
-0.065776035
-0.10961777
-1.1871238
0.30810094
-0.49380112
-0.21456891
-0.22527798
0.81577104
-0.33049336
-0.37970424
-0.60244775
0.7487751
9.684488
0.38331473
0.6811015
-0.47419026
0.17044286
-0.81125903
0.32252732
-0.1298967
-2.5370955
0.301624
-0.3445006
-0.22704579
-0.52519894
0.66552544
-0.012368657
1.1125727
0.9776187
-0.8180034
-0.8616082
-1.0752672
-1.5262668
-0.39374954
1.0457606
-1.0530525
0.24527474
-1.0457662
0.74872375
-0.49850324
1.1098812
-1.9734417
1.0971944
-0.06974697
-0.63531166
1.3916836
8.590053
-0.14908285
1.2205683
1.2042638
-1.5461425
-0.22018784
-0.16301776
1.3316479
-0.17317176
-0.74727017
-0.3657953
-0.11663874
-0.09565986
0.64796567
0.15816155
-0.89488965
-0.4272796
-1.1440434
0.2613528
-0.24377951
-0.26718703
-1.1491638
-0.034179613
0.80752903
0.10632208
0.5069162
0.67162424
0.78355163
0.19873682
1.138556
0.19009046
0.36900434
-0.6574817
0.4517384
0.6473937
0.26881814
-0.3945132
-0.82352614
-0.85177624
0.3340272
-0.6016638
0.8584417
0.9564339
0.32803208
-0.04199314
0.047513686
0.33868197
-0.5735938
0.96883583
-0.9323865
-0.6870094
0.04572162
-0.7324783
-0.41144645
0.7099558
0.047550347
1.2306143
-0.28896025
-0.12037141
1.1132517
-1.0635918
13.621387
1.1657639
-0.28591543
0.44879657
1.1180567
-1.0010244
-0.9724896
0.5988452
-0.16827089
-0.7617465
-0.23079336
-0.35526484
0.9800718
-19.411146
-0.41728222
0.32925704
0.667085
-1.1634623
0.5119022
2.1846743
0.8941718
-6.0569506
1.0874795
-0.7488448
-0.7870815
1.539101
-1.0489937
1.1651804
-1.9530132
0.5186785
0.76105773
-0.1266015
0.6065174
-0.47426054
1.226842
0.797387
-0.30638346
-2.1250427
1.1513348
0.1855172
-1.5783356
0.017144233
5.48497
0.17729457
-0.9981767
0.65881926
-3.7161608
-3.112266
-1.2275476
0.34266883
0.04686247
0.90992093
1.5296421
0.08427891
0.23838931
0.79226726
-1.0194926
-0.697301
-0.15235098
0.15280145
-1.1630282
0.996347
-0.11864655
0.18680902
-1.1699175
-0.4743894
0.41326925
0.57847893
-1.2070173
0.5590384
0.30472067
-0.042974517
-0.55705905
-0.1478043
0.18912484
-0.3070151
0.3065605
-0.47050604
0.093762964
1.1968143
0.21012388
-0.61656857
0.13124159
0.37689334
-0.08335255
-1.1079811
-1.0166112
-1.2667984
0.77183104
0.39893982
0.22461593
-0.7526157
-1.1437352
-0.34408686
0.49797747
-0.03744027
0.105617344
-0.6352702
0.6899829
-0.032246068
0.9121518
-0.20655748
0.3032124
-0.43868062
0.55282587
0.14456819
-0.35078257
0.73792285
0.40385762
0.017899083
-0.55517215
-1.0488926
-1.0896136
0.57658416
0.63317525
-0.80429167
-0.5700142
-0.35743368
-0.4335562
-0.76989865
1.0551969
0.6758871
-0.57768005
0.726264
-0.33815596
-1.0246484
0.60171044
1.1797533
0.76988596
1.0463963
0.871263
-0.18254913
-1.0028508
-0.17176414
-0.88947505
-0.13204761
1.2364159
-0.3851635
0.2852545
-0.6618638
-0.94941485
-0.763044
-0.41021052
0.24235818
0.96035606
0.52146745
0.16471958
-0.5373963
-0.6679054
1.175638
-0.76317847
-0.6082744
0.31145188
-0.32599267
1.3124675
0.98828614
-0.67865217
0.85270053
0.23686445
-0.8221075
0.3216524
-0.079865806
2.420859
-0.48876128
-1.0809062
0.40139055
-0.17027123
0.7009725
0.86132115
0.85927176
0.34964496
-0.2588761
-1.3366303
-0.84219515
-0.05357158
1.3776857
-0.6966061
-0.9667965
0.38689208
-0.12136523
0.99602264
-0.3369883
-0.37853414
4.6957626
-0.09834629
0.17121236
-0.1875234
0.64849985
-0.5913907
0.23853217
-0.5843388
-0.52851665
-1.05534
0.44569027
0.1638453
-0.91200876
0.4304583
0.64809597
-0.40712819
0.39080366
0.32105517
-1.3276596
-0.111711256
-0.90123016
-1.3882225
0.3171726
-0.07624784
-0.54010785
3.601173
1.653751
-0.6208173
0.6961957
-0.48537174
0.18595885
0.8262483
-0.69079906
0.2558189
-0.3488433
-0.4630211
-1.0828774
-0.83256847
-1.1991973
-0.8602122
0.41862592
-0.59042233
-0.131095
0.0018281937
-0.2067004
0.9256382
1.1459968
0.53250605
-0.2501095
-0.042124506
-0.99797964
0.6462163
0.05785832
1.2484188
0.18052512
0.8679881
-0.26000786
-0.29545206
-0.76438487
-0.43680277
-0.23314108
1.2196172
0.40262097
0.27126262
0.10786126
-0.987494
0.34448236
1.0151323
-0.42851546
0.88575685
-0.6647403
-0.4703547
-0.098451376
-0.40811747
-0.04740879
-0.4689715
0.6515159
0.7304025
0.86114293
1.3975885
0.8899472
-0.74937236
0.60866624
0.09400828
-0.6440275
-0.17878884
0.70374054
2.5923934
0.7046192
-0.0025256276
0.00888434
-0.559992
-0.40271944
0.49801922
0.64314365
0.081172325
-1.25868
0.13803077
-0.74887395
0.7815793
3.547337
-1.1538442
-0.7026315
-0.7377974
0.5286662
0.22982489
0.7088331
0.5905373
2.8135142
0.3755069
-0.7694471
0.9889989
0.24734238
-1.2408636
1.1677836
-2.4511352
0.7343488
-1.6578665
0.180477
0.03392068
-1.0788456
0.18643633
0.07208702
1.3474159
-0.88426065
-1.0314498
0.9960583
-1.0976886
0.23875034
-0.3833799
-0.76093817
1.3357961
-0.729374
4.795179
6.693773
-0.96295524
0.54974836
1.5025856
-1.2760409
-4.870885
-0.19979618
0.9023478
-0.52967733
-0.24270064
0.060241893
-0.7217946
0.36946407
-0.38034865
-0.64251894
0.36428002
-1.1357373
-0.66058445
-0.16375549
-0.06663653
-0.7061113
-1.1857024
-1.0759131
-0.6187658
0.13738328
-0.7137166
-0.3580982
-0.5663881
-0.7941888
0.14183274
-0.28777802
0.3259504
1.0177218
0.19535029
1.0998106
-0.55042714
-0.40405363
-0.55343556
-1.1400853
-0.48086306
0.22595596
1.173667
1.0086575
1.0611672
-0.6144149
0.34097728
-1.1240236
-0.26409757
0.49430788
-0.8083371
-0.66221696
0.6250311
-0.5944541
-0.39503968
0.12710363
0.08111357
-0.5147727
1.0778587
-0.63512146
0.39987516
-0.604884
-6.927605
-0.9712798
-0.7013621
-0.9844724
-2.2509382
0.0770491
0.3855573
0.76722246
-0.0061722053
-0.37628528
-1.3260372
-0.6223021
0.18721266
5.448261
0.47031835
-0.82655686
-0.65794706
-1.0892782
-0.25417715
1.5923427
0.47658753
3.3510704
0.64382666
-0.6833706
-1.2682214
-0.6630403
-0.9693109
-0.17526992
1.2066503
-0.3125263
0.6098831
0.60705614
-0.18261337
-0.313638
-1.1973714
0.40560862
2.462436
3.6001816
-3.4772007
0.36669692
-0.30584422
-0.50746894
-12.219118
0.49226356
2.6638222
-0.75927854
-9.033266
-11.655311
0.20587353
-0.118905045
0.017515274
-0.9334988
-0.68414843
0.25968435
0.66324085
1.172596
-0.25396675
0.14315444
-0.11524773
-1.0305997
-0.12938955
0.98819274
-0.81713897
0.07946639
0.089607954
-0.5004762
-0.40553054
0.03275471
0.37041742
0.22217081
0.65386575
-0.06585148
0.15514249
-0.19940986
0.85182923
1.0058501
0.7070148
-0.42561495
-1.0071052
0.15533423
0.4405872
0.32260522
-0.6307052
0.2610732
-0.6194049
0.7951983
0.7915886
-0.23306294
-0.50464123
-0.26773992
-0.06442132
0.50217426
0.09825613
-0.60136783
-1.1875619
1.267145
0.4264117
0.75557095
1.2256472
-0.31606635
1.5256615
-0.35544816
-0.8756411
0.381223
0.5422591
-0.7324358
1.0042062
-0.56459486
-13.80042
0.29381302
-0.86766094
0.33674482
-0.47368857
0.41507342
-0.74679565
0.8792683
1.263439
-0.8846572
-0.8043287
0.33731747
0.31021965
15.046148
-1.5761387
0.37477762
0.11044941
-0.8647625
-0.075109884
0.5876065
-0.31917033
-8.080402
-0.29680094
-0.42476952
-1.0377321
0.5089604
-0.50115055
0.90579164
1.0381621
-0.5042871
-0.7794029
-1.0857236
-1.7805493
-1.709149
0.88658893
1.1745234
-0.34109294
2.0080154
0.083359145
-1.3826338
-0.47821772
0.6714339
-6.716915
0.8670333
-0.19284624
1.1845247
-3.1996052
18.47898
-0.073027134
0.24444257
1.3034914
-1.8203125
-0.17245656
-0.55078036
-0.16302037
0.82890874
-1.3147752
-0.9169491
-0.9675601
-0.693425
-0.53772044
0.8662496
0.06115202
0.43663016
-0.02164936
0.85069835
-0.12279639
0.08957687
-0.6833473
-1.0792471
1.2557245
0.16230184
-0.7794664
0.06008679
0.78196174
0.7831332
-0.3452311
-1.2436135
-0.45031506
0.38084897
-0.31113645
-0.15742455
0.44723502
0.19276834
0.41412917
0.50905454
-1.1425179
-0.054338157
-0.4655631
0.43987677
0.24295229
-0.75243413
0.6770172
-0.7296133
-1.1033902
-0.48363385
-0.436052
1.0599788
0.24722064
-0.45238402
0.70914906
-0.17086002
-0.37366664
-0.6638711
-0.31258556
-0.35849902
0.89585054
-0.40316138
0.74790037
-0.08858151
-0.17924553
0.30486602
-0.5401188
0.6700738
-1.092661
0.8042744
-1.0822222
0.4783434
-1.2330234
-0.8255513
1.2182016
0.33643672
-0.6362328
-0.97404826
-0.7322741
-0.3491813
0.34019384
1.2809118
0.75156575
0.1949769
-0.40182826
-0.51806545
-0.058332108
0.25201344
-1.257384
-0.6978046
-0.025155071
1.0583899
0.565333
0.044768307
0.6422514
0.27152532
1.2126621
0.077896565
0.6084503
-0.8678193
-0.7692343
0.16099136
-0.5939943
0.5421225
0.5178586
0.98254126
1.0129365
1.1122472
0.7988296
0.6188364
0.5503042
0.5145448
0.49816993
-0.9587931
0.042469293
-1.0415703
7.587037
-0.55058175
-1.0908983
-0.55658346
0.8425879
-0.8807627
0.48174328
0.18237185
-0.3144705
0.6237136
-0.13402796
-0.73116034
-0.3951939
-1.2168589
-0.2273787
0.84586835
1.1465933
-0.6580551
-0.43880618
-0.7565674
-0.15648328
4.9866867
-0.24139349
-0.044254012
0.42926177
1.0556247
-0.23664409
0.40772387
0.575697
0.010935249
0.34897584
-0.27222055
0.5180072
-0.03597224
0.03634006
0.73280066
1.7361983
-1.650899
-0.12311087
-0.6694719
0.30104062
-0.6306248
-0.012514521
0.31898478
-0.8413891
0.48487136
1.0606899
2.0381184
0.49440682
0.59131956
-0.05673521
1.0562953
-0.03520429
0.031156132
1.3296144
1.2021955
-0.6638791
0.19977087
-0.82561785
0.08509875
-1.0932853
0.5889308
-0.091517285
-0.22400828
-0.62017405
0.8883274
1.270071
0.23351517
0.12099029
-1.0676979
0.28867856
0.014145156
0.20955086
0.15460728
-0.5742515
0.92935836
-0.70604837
-1.269782
7.58819E-4
-0.3090448
-0.8995326
-0.22473468
0.48365524
-0.120095976
-0.846866
0.64623773
0.32967123
-0.49468526
-0.31381467
0.06797013
0.9775239
-0.79143405
-0.7707051
-0.7147001
0.099958405
-0.20911822
-0.5355734
-0.33332568
0.767418
0.10093555
-0.0012930632
-0.18684277
-1.3121296
0.29199186
0.94154227
-0.27463272
0.6170838
-0.9164321
0.92172635
1.1777185
-1.3605449
0.27578637
-0.61357665
-0.1998258
-0.3479106
0.4267381
-2.0665526
0.5842779
0.25640523
0.72536206
0.6062906
4.362919
-0.8232723
0.20669948
-0.22568749
-0.08321195
-0.01429031
0.49029875
-0.5503514
6.8778043
0.23681983
-0.1268025
2.0255642
1.2553581
0.111731015
0.15040065
0.9567995
-0.27854285
0.31502026
-1.006396
-1.2608536
2.0447335
-1.3139839
0.7136488
2.7176158
1.3080533
-1.1929574
-0.7252895
-0.96259546
-0.4273642
-0.56368
-0.93991035
1.8350574
0.21325223
3.4826527
-4.5802627
-0.48670936
0.23278274
-0.69453883
-0.28496134
0.5502206
0.5324704
1.2525442
0.31991634
-1.7205796
-0.88139576
-0.41217923
-0.6779706
0.031450298
-0.6641423
0.54388815
0.16661866
-0.9502224
0.83915055
1.386779
1.2112381
-0.014264957
0.8503672
0.23221979
0.10374525
-0.8133037
0.19240342
-0.5031516
0.10674042
0.22112238
-0.5475773
-0.20067215
0.40296778
-0.26547137
0.36010152
0.7615177
0.40685767
0.49113515
0.33073863
-0.86932623
-0.98527753
0.7297113
-0.37284604
-0.62402225
-1.0886979
-0.91466975
-0.03213458
0.17422315
0.7140547
-1.3185358
0.6113571
0.16438809
-0.5208799
1.243429
0.06891162
-1.0622059
0.04689374
0.3236793
-0.90613145
0.5382947
-0.52181596
4.1463957
1.1618786
-0.89604133
0.065760806
0.5149848
-0.14581126
-0.80878925
0.14337587
-0.10809207
-0.77244204
-1.379397
-0.37567574
0.43211752
-0.15110335
-0.4621372
-0.4183287
1.1743548
-0.6151065
-0.8156327
-1.4715227
1.0008473
-2.71432
1.1130686
-0.98570025
0.5447805
-0.1329416
0.32876956
0.26631215
-0.59561634
1.0483052
-0.7525502
0.47935116
-1.3077483
0.070282884
0.7666249
0.35910913
-0.36847615
-1.5518682
-1.0563565
0.0575546
-0.04755024
-0.17818686
2.3686175
0.15686841
0.07949716
-0.03441543
-1.0239534
-2.9909756
-0.070230044
-0.08571601
-0.8372544
0.38453525
-0.29454637
-0.6636793
0.323733
0.65965647
-0.72902054
-1.0971841
0.50224
-1.0099739
0.23927987
0.37851557
0.7154332
-0.39608157
0.44299614
0.41705236
0.6460317
-0.35221508
-0.7903499
-0.36072025
0.99872667
0.081305295
0.963493
0.05355312
0.30444273
-0.44810954
-0.61209166
-0.8444611
0.3021969
-0.74908984
0.6962233
-0.4912675
1.2223142
1.0924263
-1.1021913
0.5180571
-0.8288685
0.058548808
-0.44262996
-0.5610324
0.41436192
0.16562669
0.05932536
-0.38780206
-0.019378243
1.1308619
-0.47365424
-0.09266212
0.023751438
0.30404943
-0.1828773
1.4576883
0.1894385
-0.4180803
0.87671304
-0.10497952
0.1130712
-0.24943349
4.494861
0.025340687
-0.99446946
0.05033922
-0.069635734
0.1591845
-0.04412057
0.25557953
-0.042576335
-0.28832436
-1.293362
0.90807575
0.07651842
-3.4414766
-0.96643376
-0.3259761
0.53397524
0.49094713
-0.02402914
1.2105656
-0.27569595
-3.8588984
0.15268098
-1.2471614
0.52203774
-0.61269224
-0.6523583
-1.0521703
0.050542764
0.73644936
-1.9552888
0.171197
-0.043203093
0.4991105
-0.46073094
-0.30473986
-10.52706
-2.1919146
-0.48989376
-1.5244665
-0.5334777
0.5061401
9.356212
-3.8701644
1.3196766
1.1282665
-1.6993508
-9.973612
-1.2540898
-0.66104513
-1.5387853
-0.64196604
0.9290054
0.6050629
0.9886495
1.0566262
-1.3449726
-0.7137278
-0.46973634
-0.60691935
-0.32424474
0.12518321
0.085009575
0.6579773
-1.2820196
-0.80757713
1.1433418
0.4511456
-0.2947453
-0.32526958
0.5644215
-0.72370267
0.2672837
0.34171808
-0.24537763
0.65242463
-0.19976503
-0.018200483
-0.31629562
0.7411331
-0.27180675
-0.28647935
-0.6952735
0.57139176
-1.0302817
-0.3903129
-0.8903978
0.14741272
1.1419245
-0.5469322
0.8958479
-1.2537619
0.3000712
-0.6464139
-0.20037499
0.70810413
0.57661676
-0.22192286
1.1248833
-0.45818686
0.8108663
-0.18136963
-0.922299
0.25254872
-0.57701266
-0.86484426
-0.020220876
-0.91796285
0.4943712
1.0683587
-1.0919292
0.3516398
0.46207622
-0.81167144
0.06032535
0.17617768
-1.129564
-1.0115697
0.13770926
-0.177797
0.5279788
1.040518
0.3356933
0.39928558
0.6125662
-0.55647534
-0.2824007
1.2499353
0.38082358
0.12883416
1.1556656
0.5963869
-1.0717968
0.65206796
-0.5623752
0.0402777
-0.20015009
0.48486382
0.49180046
0.78871083
0.1339829
-1.0673175
-0.28982076
0.3517724
-0.20295785
-0.5109
-0.02149075
0.77224
-1.1658173
0.88810956
-0.06919426
0.5180217
-0.14275247
0.64185554
0.84485435
0.19767189
-0.437667
0.11568112
-0.6189976
0.5585993
0.18553871
-1.0027575
8.001335
0.21878645
0.11216408
-1.1321774
1.1088876
-1.0668639
-0.5221505
-0.048448097
0.63503003
-0.8676955
-0.21643484
-0.49377623
0.2621634
-8.685942
-0.70745957
-1.0646538
0.4408124
-0.22279918
-0.24990329
0.9668037
0.35399213
-2.721615
-0.6455899
-1.1996151
-1.5785874
0.07847166
-0.50037056
-0.327218
0.23174755
-0.61685944
-0.4286723
0.36597827
0.22437124
0.4199585
1.6848749
0.1378034
0.68919563
-0.091429226
0.5713479
0.3701015
-0.47540426
0.598686
0.5898901
-0.58971703
-0.2029205
0.059626292
-0.6037891
-0.42794552
0.41890824
-0.42796615
0.87998587
-0.40257892
1.1992161
-1.0198977
-0.1489613
-0.054188576
-1.3160639
-1.2121167
-0.060883217
-0.7490426
-0.5314599
0.14234427
-0.3761398
-0.46182787
-0.43373644
0.55767965
-0.10411188
0.46981996
0.13014397
-1.002972
0.3388863
-0.1649603
1.1509352
0.21389033
-0.50816315
0.7464407
0.9715024
-0.25912064
-1.3373257
0.75460374
0.70961255
0.7923944
0.5635148
-0.59841746
0.045585576
0.22935067
0.419776
-0.30076295
-0.5219933
0.6966336
0.96954674
0.21064167
0.71760404
-0.8515882
0.04739579
0.9816667
-1.3519106
-0.74390095
-0.071035475
-0.659815
1.0376847
0.07238812
-0.014123736
0.09397263
-0.5740038
-0.17017911
0.5712987
0.34890315
-4.6698422
0.36083898
-0.96861464
-0.066939056
-0.28144827
0.5081533
-0.14140312
0.37742895
-0.010426455
-0.2796893
-0.47943437
0.47504136
-0.73443633
0.11024493
1.2098612
-0.525942
0.2768653
0.27399537
0.99452055
0.31550384
0.35259104
0.95712876
0.9721536
-0.1367412
-0.8533331
0.6739625
-0.06581747
-0.5396782
0.13094527
0.5301522
0.9064002
-0.47978452
-0.2894503
-0.35362744
-0.7338698
-0.39931372
2.4199438
-0.762836
-0.72767365
1.4343966
-0.6187574
0.1029439
-0.43133545
1.1637927
0.6060798
0.76173234
-0.11488074
-1.5905052
-0.8953012
-0.05798775
0.5638526
-0.54357666
0.39360583
-0.9369957
1.3712049
0.50765306
-0.8292206
0.30200666
-0.95613307
0.6094131
-1.1389797
-0.112304635
-1.0052866
-0.85164934
-0.54036105
-0.19357507
-0.1627793
0.27484515
-0.7719273
0.6372092
0.8567677
0.53015506
0.7933134
0.115286395
0.65317804
-0.50047624
0.866513
-0.22059521
-1.0145272
0.7794105
-0.8206058
1.1826763
0.5519373
0.517922
-1.2118165
-1.0555664
-0.4525201
-0.18462576
-0.33688763
-0.32092777
0.29409042
-0.18008646
-0.9795774
-0.6416595
0.4181982
1.0610472
0.5247022
0.17267759
0.48397225
1.2199638
-0.30113888
0.6191199
-0.28785717
0.15402324
1.1993756
0.59101015
0.37666082
-0.9900186
-13.359601
-0.089984454
-1.3843637
0.66609365
-1.6171603
0.10869463
0.3982302
0.36036354
0.26561147
0.089584194
0.049116492
-0.37336677
-0.083088726
11.0471525
-0.115373224
0.4097841
-0.4568645
-0.28685874
0.83547103
0.16683915
1.1183678
-12.00608
-0.37835905
-0.77864254
-1.7254393
1.0205121
0.0873547
0.17924125
1.139299
-0.49500096
-0.69518304
0.48447102
-1.8260953
-0.93225014
0.51488525
0.05999407
-1.1040263
0.2505212
-1.5935972
-2.5288193
0.12907101
0.20755458
-2.5388129
2.2416866
-0.13588005
0.69476604
-4.2404966
9.52585
-0.33048427
0.7155269
0.14173347
-2.4771397
0.17105597
0.5682946
-0.16639948
-0.2496616
-1.1069133
-0.315813
-1.2512959
-0.7421853
-0.25026247
0.453979
0.07478258
0.025357876
0.08574641
-1.0129565
0.6654534
1.249847
-0.60534316
0.8391186
-0.23660412
0.31726155
1.1462407
1.0445752
0.3415093
0.05987285
-0.16879714
0.32931378
-0.39420655
0.93974006
-0.6900483
1.1154702
0.21338424
0.58772093
-0.9804555
-0.5847409
-0.78995657
0.6062968
-0.17068073
0.9549078
0.13552226
-0.97373855
-0.7801993
-1.1167608
0.40313134
0.8870481
-0.041409433
0.1616233
0.80807257
0.3271015
1.0402701
1.5732759
-1.2674599
0.34863165
0.5371206
-0.81344587
1.5898128
0.88101727
-14.585146
-0.5756609
0.07438558
-0.7674984
-2.034748
-0.6736924
0.19332719
0.23894572
-0.7305362
-0.9703446
-0.6976528
-0.8426304
1.3987641
3.824382
-0.49926236
-0.35470846
0.68422073
0.29966828
0.9393958
4.837362
-0.33493528
2.0182202
0.22280636
-0.5400444
-2.0358303
-0.7473595
-1.1350448
-0.25054336
1.4646355
0.71018136
-0.4098045
-0.9714379
-1.0458331
-0.49378943
-2.1695004
-0.089532524
2.2233436
1.3104981
-1.3878844
-0.024065958
-0.7519202
0.05422166
-10.437357
0.19491859
2.6005297
0.6858542
-11.200151
-9.195556
-0.3402201
0.019073503
-0.6375912
-0.45609957
0.98830813
0.07192147
0.38198432
-0.46691307
-1.256139
0.114082135
-1.2408043
0.48930493
-0.66131747
0.5371793
-0.7466188
-0.2882235
-1.3642145
0.17728688
-0.4582444
-0.030200582
0.18086326
-0.97109437
-0.0772526
-0.8931365
-0.048371036
-0.39023966
-0.60378796
-0.5060296
0.030216482
-0.018336978
0.21748808
0.40273777
-0.61073583
0.61812556
-0.5520653
-0.124473386
-0.73541856
0.22658215
-0.0701335
-1.2533163
0.9796169
-0.48926416
-0.059603997
-0.32737678
0.54010546
-0.573061
-0.9104782
-0.57218075
-0.10910994
0.9214838
0.54643464
0.50360817
1.494375
0.5265505
0.61731434
0.74384755
1.1374999
-0.28289586
0.20480406
0.1320257
0.75219935
-0.5165838
0.61538064
-0.3154649
-0.8134358
0.15242755
0.37142462
0.23526728
0.91815686
-0.67355263
0.55763733
-0.7357152
-0.22308213
0.75713265
-0.32741982
0.32260126
-0.029224712
-0.7072891
0.2759451
-0.56510997
0.46666396
-0.9644617
-0.1067714
-0.3306917
0.7143678
-0.6436144
0.44867623
0.048888244
0.12188737
-0.022898959
-0.34547362
0.5248076
-0.06275669
-0.45762664
0.58377665
-0.41931644
-0.60402644
-0.7382186
0.68035924
0.036788575
-0.8808113
-1.0300288
-0.06898013
-4.4521008
0.34913006
-0.4802469
0.054315627
-0.75839454
0.28364733
1.5522691
-1.0058155
-0.04219946
0.7623404
-1.2514138
0.1735324
-0.80340344
-0.7203665
-1.1118906
-1.473302
0.13839458
0.016755885
0.29830176
-1.3529054
0.2848303
-0.9247216
-0.01806136
-0.34109205
-0.5215864
0.2084257
-0.33836102
-0.35376027
-0.038302448
-0.39712945
0.40014154
-0.5248807
-0.5827214
0.21988064
0.17780024
0.08708773
-0.9984242
0.7645529
-0.6150782
0.20451878
-0.6435463
-0.6120131
-0.50633377
-0.64272577
0.6992089
-0.60538423
-0.21039486
-0.081600554
0.7822558
-0.7061827
-0.61482775
0.5833204
0.626146
-0.65732086
-0.6822766
0.41390374
-0.900738
0.822523
-0.3077669
-0.08713244
0.77001065
-0.2752356
0.3132041
-0.20924
0.0326419
0.17116915
-0.32021338
-0.26316157
-0.18384059
-0.9019758
-0.34283707
0.48789304
0.5639158
0.17131834
-0.94069374
0.64519763
-0.9016505
-0.32009655
0.31043845
0.929735
-0.1548129
-0.74634063
-0.6442053
-0.6202419
0.70434695
0.2696721
-0.21392386
-0.14286801
0.7370393
0.91456336
-0.363255
-0.8666293
0.4403482
0.6492971
0.10756301
-0.7489921
0.44796973
0.987863
-0.0099621285
-0.9853469
0.35341805
0.7558643
-0.7675637
0.34514028
-0.66368526
-0.5803449
0.017222518
-0.40901363
-0.27224237
-0.33762002
0.55949634
0.8739482
-0.4680188
0.48833433
0.763245
-0.088797234
-0.6594083
0.88380545
0.2500921
0.5440255
-0.6761578
-0.83747023
0.9115051
0.03245182
0.60415596
0.10578613
-0.06718463
-0.6468812
-0.7664855
0.3694947
0.7863586
-0.3085201
-0.47001335
0.5815258
-0.4575332
-0.058916494
-0.28620914
-0.20789841
-0.75160426
-0.15517
-0.73374397
0.22065714
-0.08989988
-0.27137688
-0.5326218
0.35505885
-0.32727295
0.7465681
0.6900759
0.99850833
-0.5040015
-0.5816851
0.8839683
-0.082919545
-0.62087053
-0.6233338
0.862591
0.25996175
0.6227072
0.06620789
-0.86879194
0.44884637
-0.51169235
-0.53243315
-0.033895306
0.47813728
-0.33563
-0.52929443
-0.90574586
-0.9344381
0.3957503
0.99644375
-0.3158957
-0.75840104
0.2470501
-1.0703236
-0.230045
-0.39865476
-0.83526397
0.013198997
-1.2192576
-0.3823142
-0.6667152
-0.38697717
-0.14157958
0.53581107
-0.6774739
-0.6643454
-0.8827793
0.54807884
-0.4109597
0.023659134
0.55393636
0.667739
-1.1677431
-0.47382358
0.7795221
-0.4349464
-0.77817243
0.21242714
-1.072883
-0.20549569
-0.36564153
-0.3341715
1.089328
-0.12371417
-0.3360017
-0.38992745
0.51615703
0.6300132
0.9173637
0.6264582
0.10932776
0.40236467
0.09486097
0.11759997
0.25352645
0.28609988
0.7819367
-0.40916485
0.71424496
0.03684541
-0.6873848
0.42422044
0.6354977
-0.27250445
0.6852329
-0.5277177
-0.20489477
-0.5340034
0.38058788
0.24809793
-0.00278419
0.27569515
0.57507294
-0.31488767
-0.24786112
0.79624856
0.023073377
-0.2691312
0.13690722
-0.22608052
-0.7604297
0.7254431
-0.30085853
0.26562935
-0.42889136
0.66675586
-0.55966514
0.4801438
0.6847388
-0.19516137
0.38296372
-0.22654164
-0.3229779
-0.17320096
-0.30083746
-0.60117
-0.6597556
0.76178044
-0.8905472
-0.42138764
0.65799373
0.8477395
-0.34090528
-0.50938916
0.9045753
0.2080248
-0.7081699
-0.86153466
-0.5902974
0.69322264
-0.22711721
0.47235197
-0.5271223
0.7260472
0.8932157
-0.6273942
0.8100521
-0.13043654
-0.67100215
-0.62190247
-0.95543087
0.42810193
0.731736
-0.9774737
-0.77101344
-0.5186288
-0.63834625
-0.087229304
0.80894136
0.24222644
0.47099254
-0.382211
0.47675017
-0.039595176
0.811767
-0.70623857
0.4528197
0.5424402
-0.60049963
0.6366922
-0.6045986
-0.47257212
-0.45720443
0.73786014
0.698855
-0.94664437
-0.76549244
0.1206101
-0.8074278
-0.7071913
-0.85479534
-0.94749784
-0.2989366
-0.9513956
0.05937165
-0.7254124
-0.020954184
0.3813648
-1.3448057
-0.3888285
-0.8398963
-0.35994738
-0.2529255
-0.16788249
-0.036657695
0.73359185
-0.88333327
-0.7912286
-0.23497051
-1.1708853
-0.050136793
-0.29958084
0.5387966
-1.0219961
0.23528045
0.5822937
0.06612129
0.5211936
-1.1816657
0.6080793
0.5157606
0.07613249
-0.93471855
-0.34418264
-0.88055927
-0.88321036
-0.017328348
0.5607741
0.1255106
0.778877
-0.51498485
0.5216923
-0.8518336
0.31595993
-1.0167825
-1.9273982
-0.07615755
-0.7117016
0.023439812
0.3089076
-0.4091128
-0.6988225
-1.4403139
0.6214415
0.37002054
0.8150364
-0.6930858
-0.5440082
-0.91677153
0.38892153
-0.6054365
-0.52329683
-0.8322889
0.019961655
-1.0487621
0.18877435
-0.49250612
-0.069899775
-1.2876079
-0.8244317
-1.0547116
0.4147635
1.0103369
-1.1509149
0.05635404
0.71423596
-0.09108029
0.47666207
0.9263957
-0.09463541
0.2858038
-0.4118776
-0.18199746
-0.9265573
-0.57941926
-0.5979495
0.09057004
0.4643525
0.4644271
0.676591
0.7834583
0.7655734
-0.40039638
-0.33267984
-0.09331601
-0.4923831
-0.011875218
0.08944709
0.63504714
0.7798278
0.40962198
-0.075911835
0.7812771
-0.59668034
-0.8759912
0.3425663
0.071969785
-0.46907368
-0.6012867
-0.73691547
-0.33732823
0.14334133
0.17853284
0.14597274
-0.39809048
-0.7369307
0.043312345
-0.8448418
-0.10373638
-0.22638942
0.04794268
-0.6622047
-0.8343662
-0.5773704
-1.2074311
-1.2482033
0.6371747
0.3040185
0.089783855
-0.9630069
0.7632895
-0.8445089
-0.1033168
-0.950594
0.87627816
-0.7477496
0.19422856
0.41484836
0.5551731
0.8622884
-0.65124935
0.6748648
-0.7059958
0.4353985
-0.38371977
-0.19494842
-0.950231
0.07847713
-0.93435436
-0.848504
0.20280439
0.7717047
-0.94878215
-0.02790311
0.0783273
-0.55503106
0.16818301
-0.002748853
0.092966445
0.64951086
-0.54184026
-0.6755868
-0.53898984
0.26488906
-0.3852568
-0.871397
-1.4723636
-0.38777032
-0.011765444
-0.78660536
-0.5600966
-0.8692278
-0.6039241
-1.3514147
-0.9242202
0.011185374
0.043561306
-0.39024305
-0.089340985
0.54342794
0.032193664
0.5369855
1.2009883
-0.38857967
0.04112244
0.3543052
-0.34852043
0.7363872
0.44151315
-0.6307045
-0.13919008
-0.92352533
-0.34765702
0.66441697
0.4637746
0.81125575
-0.2929513
0.3047249
0.37523764
-0.7779854
0.60799915
0.068908736
0.27274424
0.43539223
-0.039092142
-0.26959288
0.19287147
-0.31879437
-0.86086965
0.6992917
0.21440466
-0.8427728
-0.61191714
0.47802037
-0.78865314
-0.77275777
0.2245894
-0.8004605
-0.17265452
-1.112009
0.048698228
-1.3130862
-0.36014265
-0.86779046
0.2324115
0.055256393
-0.994435
-0.36819193
0.7200144
-0.2957867
0.31288522
-1.0099776
0.30670983
0.38605377
0.06440923
-0.7208653
0.054258782
-0.60648113
-0.20092018
-0.03174984
-0.060012843
-0.90790427
0.66099256
0.3624075
-0.44898215
-0.064423315
-0.093412474
-0.68246347
0.9913346
-0.5961895
-0.87395734
0.62787807
0.5862665
0.43351638
0.13375978
-1.4113014
-0.86585855
-1.321462
0.2743227
-1.1230304
-0.21753703
-0.19889587
-0.12177305
1.0803902
0.14741945
-0.95372933
-0.6676793
-0.53538054
-1.1312582
0.5444139
-1.4492124
0.24979222
-1.5630403
-0.20688385
-1.6532347
-0.24030416
-0.15372072
-0.46255904
-0.25078705
-0.80552566
-1.0044883
-1.0084264
-0.7189449
-0.58833075
-0.69289476
-1.2635738
-0.71111476
0.36093375
0.13381039
-0.7943969
-0.6648157
-0.8115606
-0.38856417
-0.1699209
0.1913187
-1.2496941
-0.6513209
0.36667535
-0.13753615
3.1639214E-5
-0.89677304
-0.8393609
-0.79922646
-1.1187996
-0.0031111704
-1.215765
-0.8492137
0.019610412
-0.70789605
-0.07986418
-0.66035163
-1.41517
-0.9041438
0.088760465
-0.30145332
1.1680514
-0.8965948
0.27047032
-1.0470375
-0.345337
-1.2575365
0.95910877
0.03468517
-0.7232623
-0.62164223
-0.31067142
-1.0692966
0.16602126
-0.18866593
-0.784145
-0.839514
-0.17040245
-1.1430159
-0.975408
-0.10584606
-0.7501206
-0.74749553
-0.29018188
0.17944762
0.27388394
-0.1637233
-0.46563974
0.7224659
0.030890418
1.167795
0.768538
-0.22318316
0.45163402
0.58946306
-0.028271044
-0.2526795
0.92865163
-0.7061667
-0.22788376
-0.19490542
0.85632277
0.69787574
-0.86306566
-0.4862484
-0.23628359
0.014666376
-1.0047225
-0.6525673
-0.83924097
-0.14523646
0.117185086
0.38590243
0.31311277
0.15062402
-0.7687376
-0.7623545
0.26094413
-0.2977859
-0.12188121
0.42384294
0.79116
0.40113235
0.83316207
-0.796842
0.48444396
-0.23066625
0.39214057
-0.6020978
0.34523445
-0.7158245
0.171838
0.54813737
0.87579876
-0.53462076
0.99355716
0.2994367
-0.79086244
0.12838773
0.8027038
0.5054303
-0.051106505
0.6394351
-0.6213458
-0.8958344
0.4443124
-0.2541627
-0.4163017
-0.6666
-0.069890305
-0.12610981
0.011233197
-0.057295587
-0.42728677
-0.43548322
-0.37922952
0.048225876
0.22186783
0.16951182
0.099968806
-0.33721545
0.6164301
-1.0815039
-0.21841402
-0.7690424
-0.94166535
-0.12225052
-0.42740154
0.58237463
0.59227943
-0.18430136
-0.62375975
-0.85874397
0.6541999
-0.3778098
0.43502867
-0.008144361
-0.36034355
-0.34707442
0.62203944
0.89432204
-1.0527009
0.2972111
-0.12590106
-0.86654156
0.7299919
-0.88555837
0.95341265
0.051822975
0.5863042
0.88301605
0.093733065
-0.7935997
-0.93731004
-0.14154518
-0.5999498
1.5152456
-0.96601784
0.7183278
-0.8957332
-1.1347921
-0.33006462
-1.2982413
-1.2969173
-0.42884886
-1.0813255
-0.9608169
0.052248422
0.64962745
-1.2336451
-1.0150657
-0.27573505
-0.020131014
-1.151324
-1.4156766
-0.19937068
-0.7286106
-0.28832716
-0.48358697
0.0804413
-0.8208432
-0.75839204
-0.93574274
-0.07664073
-0.16924983
1.0077735
-0.4557199
0.41973263
0.4840994
1.0065365
0.8858973
-0.06318834
-0.8578341
0.47616422
-0.36148793
-0.10574424
-0.68363404
0.8079343
-0.52016205
-0.8242533
-0.5295798
0.5972712
-0.4457436
0.03459495
-0.3604492
0.5817361
-0.5676065
0.4974948
-0.5283728
-1.0395908
0.3291899
-0.56297976
0.91222435
-0.38226375
-0.66425395
-0.24205996
0.53226787
-0.72577846
0.25287724
0.74943477
0.71017325
-0.6198035
0.9506404
0.55274296
0.14346206
-0.022524647
0.11152591
0.211614
0.38260186
-0.7653728
-0.15471295
-0.030459512
-0.51757795
0.51271325
-0.84529805
0.19501781
-0.3917262
0.3653597
-0.14826494
-0.5553865
-0.54281557
0.39796984
0.6960216
0.16695707
0.3330008
-0.08793672
0.6695638
0.6197175
-0.08503123
-0.82748127
0.010030893
0.44657043
-0.545038
0.98529553
0.8096534
0.57029235
-0.019431183
0.15571223
0.3883427
0.56780434
-0.17419446
-0.7413695
-0.049712516
-0.79743594
0.14299951
-0.73163176
0.58428544
0.44658625
-1.257112
-0.017159058
-0.52864814
0.24995306
-1.2421733
-1.0236756
0.71191597
-0.3250893
0.33053407
0.022195378
1.1856127
-0.9122829
-0.38775235
-0.5081275
-0.16603306
-1.4864383
0.2744905
0.3764316
-1.1400397
-1.4554241
0.42525432
-0.17644165
-0.02416719
0.4011871
0.6910691
0.7076642
-1.0212744
0.88315874
0.21264611
-0.121049404
0.7308234
-0.8876094
-7.580104E-4
-0.47412556
-0.47262532
-0.7851754
0.24307328
-0.2234022
-0.5163036
0.15492393
-0.20907961
0.013597471
0.33886516
-0.90141577
-0.73443395
0.8961946
0.43493694
0.9077421
0.06724019
-0.4686233
-0.18175936
-0.7404285
-0.3219666
0.6031717
0.036876634
-0.89202607
0.49069658
-0.30333272
-0.049084887
0.21260302
-0.41988605
-1.6982386
0.16177978
-0.4612425
0.0062005413
-0.2918396
-0.7005398
0.34263116
-1.15853
0.25171044
-0.62739414
-0.26177368
-0.7919992
0.35511512
0.21612482
-0.9308484
-0.1044081
0.06319313
-0.90721095
1.2313417
-0.1173462
-0.3899059
0.6146887
0.12551445
0.28459027
0.9280722
-0.103842326
-0.8399979
-0.703907
0.24670798
-6.39048E-4
0.46146032
-0.54720354
-0.5038297
0.9194893
-0.29241213
0.66102177
0.30085516
0.34006688
0.033509407
-0.25357234
-0.28021836
-0.65752393
0.14845596
0.099861935
0.7408546
0.35728943
-0.8204435
0.12896866
-0.12856965
0.1151663
-0.3380129
-0.5296583
-1.223912
-1.2101251
0.08980697
-1.0113049
-0.59397644
-0.1812444
0.85123706
-0.39796603
0.40458134
0.5230239
-0.21661043
-1.2689294
-0.11398038
-0.9373061
0.1869965
0.3683994
-0.521702
0.5174757
-0.018215125
0.2762621
-0.4982552
-0.2875288
-0.64752495
-0.1301226
-0.95987725
-0.3665443
-0.97172725
0.46101582
0.87186944
-0.4473414
0.30188954
0.47945502
0.50340134
0.14689572
-0.2308445
0.711963
-0.6505488
-0.07046793
0.40132672
-0.60413116
0.3191158
0.26789194
0.35927254
-0.1926226
-0.9641972
-0.18761368
0.13399981
0.5224132
-0.6441773
0.52593523
0.08650824
-0.32395747
-0.72018415
-0.0031326802
-0.20172185
0.6581135
-0.77219146
-0.76900554
-0.63296837
-0.25290948
0.7236221
0.045601595
0.27993372
0.680275
0.3956806
0.36693978
0.7990556
-0.63219327
0.42087603
0.3704342
-0.44730952
-0.9574434
0.37588024
0.11545951
-0.15067898
0.7740223
0.23701891
-0.62285393
0.45933917
-0.9395504
-0.24239784
0.49826267
-0.06710314
-0.10087598
1.1156541
0.33846655
0.5833045
-0.8606252
-0.5966622
0.74158776
0.42517784
-1.0041412
-0.90448886
0.27553844
0.507213
-0.6088951
-0.8362557
-0.827683
-0.92209566
-0.8453045
-1.0208832
-0.4969151
-0.09718514
0.009948551
-0.1029213
-0.2923912
0.043245856
-0.08327205
-0.15351136
-1.0833893
-0.9435599
-0.7221542
-0.8288544
0.5239771
0.5820014
-1.2308615
-0.74656594
-1.2531286
-0.029718349
-0.6598738
0.68224865
0.29531333
-1.4594012
-0.5211888
-1.1832827
-1.3927404
-0.082798295
-0.27541205
-0.16432711
0.2764221
-0.7473821
-0.7346983
0.9592234
-0.2824441
0.64635396
0.60761243
0.55807865
-0.49752942
0.6863197
0.07669753
0.5443005
-0.9925726
0.5808335
0.7143481
0.43219566
-1.138576
-0.13899074
-0.18048397
0.26518458
0.32236505
-0.2712492
-0.05502691
-0.118053995
0.9108223
0.42766848
-0.12191736
-0.6256831
-0.0939014
0.0526542
0.27653897
-0.42402485
-1.3708766
0.23853828
-0.368161
-0.10736221
-0.42801887
-1.1161978
-0.24311736
-0.33423814
-0.5427376
-1.0956309
0.43979692
-0.49920842
0.7007025
0.025937604
0.38428706
0.06319392
-0.66723627
0.16897662
-0.977509
0.055264283
-1.1305263
0.3858184
-0.94756556
0.5059255
-0.7442931
-0.23997523
-0.17594467
-0.6576585
-0.9328797
-0.801466
-0.9748411
-0.18029128
0.42884386
-1.0730274
-0.37202054
-0.5642712
-0.1663844
-0.70243055
-1.0551902
0.72653466
0.37589148
-0.9846951
-0.7791195
0.5459344
0.7559803
-0.003537896
0.9473443
-0.06954135
-0.034187283
-0.040022697
-1.2768645
0.4093638
-0.42858428
-1.5505942
-1.0553732
-1.1325432
-1.1459824
-0.45297346
-0.7647865
-1.1513407
-0.019544413
-0.47544664
-0.15502475
-0.9779502
-0.83745736
-0.012507254
-0.40218228
0.49048734
-1.1365662
-0.48714864
-0.5661816
-0.16125847
-0.081338085
0.053931665
-0.3198921
-0.3132871
0.18040036
0.8733048
-0.17336622
-0.8468443
0.3547056
-0.57870513
-0.93002534
-0.13672882
1.077462
-1.278813
-0.42325026
-1.7004726
-0.86145645
0.6923039
0.4256459
-0.3565735
-0.5263583
-0.43539166
-0.5464788
-0.6897973
0.62905014
-0.01752129
-0.89744204
-0.26811102
0.3196142
-0.98699737
0.019161196
0.44954312
0.44009274
-0.12982032
-3.4670775
-0.4599845
-0.6042084
0.746675
0.47771877
0.1080732
0.18902503
0.10330084
0.62011325
0.65734583
0.23034757
-1.41826
-0.4652576
-0.74614054
-1.2724416
-0.16080242
0.40989456
0.521337
0.10047033
-0.5550086
0.08041298
1.9738988
0.80781174
-0.69801325
-0.1689679
-0.931916
-0.5272477
-0.06219861
0.76459163
-0.8302557
-0.5960659
-0.34353468
-0.64573145
0.12644547
-0.6221454
0.7400214
-0.1922207
0.767984
-0.024937443
0.41081718
0.27352747
-0.825772
0.70288134
-0.07734428
-0.55787003
0.7506248
-0.3878701
-0.29305533
-0.42365694
1.0408891
0.7788351
0.11103937
-1.3407899
-1.3686249
-1.126661
-1.0717336
-0.3802274
0.31111437
-0.4452916
-0.53578687
-0.52935284
-1.1347626
-0.5278834
-0.5434819
-1.0716214
0.3349546
0.33136266
-0.90169024
-1.437857
0.14369899
-0.3716795
-0.26130545
-0.13513143
-0.3730977
-1.3268121
0.01714811
0.35653463
1.1054896
-0.95550066
-0.81820077
0.10362386
-0.5203955
0.10133847
-0.9430265
-0.99268615
-0.13449469
-0.48850924
-0.41483507
0.005119211
-0.2848902
0.12898733
-0.33923256
-1.0116793
-0.309821
-0.3908363
-0.58375704
0.42876023
-0.0011948643
0.6862374
-0.9562803
-0.9908661
-0.6449836
1.1459725
-0.7638397
0.09776078
-0.40904677
0.80670077
0.39333683
0.633832
0.4663369
0.5533062
0.9792631
0.9440695
0.032853033
-0.8473912
-0.13630615
-0.11668571
-0.468882
-0.070231564
0.6861092
-0.23905185
0.35686332
0.2898787
-0.199129
0.33456486
-0.78728247
0.23091319
0.78742546
-0.6211749
-0.72624964
-0.30143502
-0.38928658
0.0049791336
-0.8126126
-0.028852714
-0.59367526
0.62922126
0.15042381
0.2765324
0.9609406
0.83373964
-0.58608884
0.511169
-0.7731543
0.03864804
-0.08148788
-0.36954212
-0.09456495
0.072989956
0.4889941
-0.45090684
0.55160356
-0.8367696
-0.9749381
0.53887695
-0.06923194
-0.025118059
0.5226568
0.13136286
-0.7190247
-0.280683
0.38916758
-0.7504227
0.43933704
-0.24565756
0.21142003
-0.42817712
0.098933265
0.51624763
-0.51324326
-0.93028903
-0.076767355
0.41583955
0.5745459
0.598219
-0.1916879
-0.5392074
-0.1371411
0.3489445
0.70482856
-0.45531592
0.916502
0.35664254
0.5313765
-1.082083
-1.1245917
-2.050828
0.54054576
-1.0775973
-1.8256804
-2.5485737
-2.3291888
-0.71728927
-1.8146405
-0.9834891
-0.8958962
-0.70049804
-0.34741554
0.063147746
-0.5083936
-0.10934724
-0.19064447
-0.62535965
-0.34430405
-0.8378713
-0.3665939
-0.5199348
-0.15091352
-0.32132164
-0.9532173
-0.42448363
-0.67293614
-0.10689567
-0.6491511
-0.9272759
0.19019958
-0.54615664
-0.8414634
-0.8970246
-0.78820765
-0.26610965
0.25661486
-0.5232233
-0.4139764
-0.98367393
-0.9006689
-0.30746275
-0.6271138
-0.6515589
-0.37626445
0.3785567
-0.02431428
0.8905625
0.7797057
-0.5975887
-0.76849383
-0.8166741
-0.26294404
0.24123146
0.12373287
-0.7395595
0.43633145
0.94077027
-0.36381277
-0.53714186
-0.9773338
-0.21556379
-0.28893828
-0.7135711
0.34389424
-0.8771492
-0.9482634
-0.11276617
0.29804313
-0.41916636
-1.2120181
-0.45900223
-0.50972533
-0.98877096
-0.17882754
-0.3594559
-0.7723994
-0.74657816
0.083284274
-0.31510553
-0.7285546
-0.77716
-0.7675115
-0.81639457
-0.28487238
0.47993082
-0.48338717
-0.5834477
0.0140916305
0.6825777
0.81423277
-0.6210594
0.20424384
-0.0982172
-0.8125307
-1.0254478
-0.88455975
-0.8738728
-0.749107
-0.9506316
-1.3927114
-1.8580363
-1.4064741
-0.6416689
-1.2968129
-0.6621366
-0.45078123
-0.39838985
0.58053344
0.7633766
0.8270961
0.5785408
0.21057087
-0.077881485
0.8180603
0.09889016
-0.6290588
-0.71681046
0.75721395
-0.20550703
0.6731978
0.61318254
0.684044
-0.026493998
0.39419535
-0.4599733
0.37811536
-0.2991595
-0.33931258
0.40583324
-0.78821814
-0.5414368
-1.2087523
-0.8444461
-0.60473394
-0.9677718
-0.96510696
-0.48726428
-1.3359376
-0.6137169
-1.3875442
-1.1078795
-0.6749936
-0.7046808
0.35942617
0.54282045
-0.77939576
0.26419544
-0.21342738
0.43804255
-0.51913285
-0.11140717
-0.09165856
-0.99872875
-0.124071494
-0.55576795
0.32033858
-0.9399479
-0.6442234
-1.1874202
-0.5655665
0.1597128
-1.1859982
-0.47559324
-0.54545337
-0.71652156
-0.049327146
-0.14670601
-0.5373346
-1.3636335
-0.7092736
0.38253447
-0.21329977
-0.65517074
0.7360822
-1.2564256
-0.17146686
-0.78885794
-0.77871656
-0.30890718
0.5769378
-1.0440714
-0.84614253
0.55963886
-0.0068003708
-0.87249947
-0.23974434
0.4458989
-0.2971705
-0.8072986
-0.071475305
-0.3113106
0.7595255
-0.36361325
-0.4486289
-0.06740104
0.3047537
-0.41175115
0.296501
-0.5372637
0.9535387
0.3228231
0.003283057
-0.9085268
-0.17100157
-0.5339286
-0.88547647
-0.13919806
-0.5301733
-0.579306
-1.0638196
-0.6236882
-0.97103775
0.030816048
-0.584599
0.7406452
-0.42228726
-0.76087356
0.7649081
0.6466931
0.73265904
-0.19362937
0.18370527
-0.8556023
-0.5134837
0.65118
-0.09661248
0.25037467
-0.86870915
0.3592167
0.54265696
0.60016245
-0.13127606
0.43552992
0.84959245
0.055238806
0.8747087
-0.4083271
-0.7214472
-0.6515596
-0.07018994
-0.9532792
-0.3584504
0.17738318
0.4345978
-0.9179766
-0.9266864
-0.94985443
-0.16863167
-0.7344648
-0.90316194
-0.16762224
-0.89087194
-1.1409813
-0.732203
-0.20433542
-1.4955937
-2.3049495
-2.2032773
-0.093306825
-1.1898853
0.32042462
0.28055027
-0.6384886
-0.73432314
-0.6646439
-0.13218416
-0.32491904
-1.0220039
-0.9076037
-0.7604843
-0.22994252
-0.54039174
-0.6728268
-0.60696846
-1.4182684
-2.0903604
-2.5908103
-1.1222464
-2.076282
-2.489294
-3.2758763
-3.404786
-1.9554005
-2.2669349
-2.2843013
-1.662508
0.53390664
-0.041529648
0.14151637
-0.1477548
0.050490122
0.4835269
0.8484684
0.17006338
0.5235081
-0.33411035
0.45713744
-0.9270532
