0.0
0.0
9
1
27
9
0.24698329
0.58951974
0.30952394
-0.9668888
-0.8621731
0.88912845
0.73111796
0.14177203
0.7157172
0.9301629
0.18445456
0.8645934
-0.40122557
-0.47911203
0.011123657
0.664098
0.9029654
-0.071370244
0.2111224
-0.6779078
0.48355496
0.45646942
-0.42238712
0.637666
0.19870973
0.5179118
-0.44008493
0.16612673
0.11142397
-0.76565695
-0.565871
-0.8740226
-0.29067552
0.30852103
-0.1815728
-0.1284647
0.8571254
0.76966596
0.37939107
0.12039304
0.07107234
-0.19204724
0.33248925
-0.63071847
0.3675108
-0.8593956
0.6708561
-0.033089995
-0.7812128
0.656881
0.12013471
0.382156
-0.33962357
0.109805584
-0.19724536
-0.03903711
0.22601521
0.6494814
0.22331405
-0.5378969
-0.1834805
0.47360623
-0.79030335
0.86348426
-0.21203482
0.90879464
-0.854635
-0.7939619
0.21233869
0.091334224
0.52139485
-0.1331513
0.4361961
0.0040529966
-0.63204837
-0.19133484
-0.4608668
0.019327164
0.37101018
0.6272186
0.15404749
0.02541542
0.84939086
-0.89505637
0.2165848
-0.4409474
0.69907486
-0.61980414
-0.29560077
0.6725664
-0.12301624
-0.43850696
-0.7682674
0.22598314
0.9968989
0.86957955
0.6864197
-0.73284733
0.67917633
0.2953664
-0.078918934
-0.3443532
-0.0021736622
0.84441495
0.105547905
-0.73495376
0.7990732
-0.86973727
-0.23769367
-0.7144661
0.95165217
-0.78258526
0.07102299
-0.67706156
-0.610963
-0.05560887
0.853359
0.28631258
0.80697024
-0.37177944
0.12786269
-0.7352152
0.30680132
0.12083638
0.43058443
0.66306627
-0.62182724
-0.882136
0.68526363
0.39713597
-0.8232646
-0.21957874
0.51381445
0.7070365
-0.111724734
-0.103820205
-0.97902346
-0.4615928
-0.574402
0.6586968
0.5652083
0.050614834
-0.8443041
-0.22819042
0.4212886
0.85565174
0.71032226
-0.017163992
0.90995145
-0.53690207
0.13256729
0.7148305
0.15882206
-0.856578
0.12607491
-0.48915565
-0.40925074
0.22198415
-0.49588346
0.23492944
-0.78456354
0.5328152
0.116039515
0.014642477
-0.6856216
-0.59564793
0.6231005
-0.21656466
-0.074899435
-0.21518075
-0.89992666
0.9202181
0.19738817
0.7651346
-0.8197663
0.22541595
-0.95832217
-0.6994138
-0.50240743
-0.4378184
0.12937403
0.0038585663
-0.29899502
0.57842994
-0.87085307
-0.22772062
-0.9592581
0.5667039
-0.25393116
0.16869402
-0.7887726
0.67742133
0.6268581
0.0016551018
-0.9428899
-0.7540463
-0.75916827
-0.29358304
0.22812057
-0.7993686
0.46000302
-0.17044568
-0.25304592
-0.431208
-0.458063
0.23915756
0.61067927
-0.42070663
0.6455542
-0.6520033
-0.61190176
-0.733376
0.7443967
-0.46642804
0.7425319
-0.28573227
-0.013489723
-0.3924153
-0.12762105
-0.060053825
0.10887873
-0.67466104
-0.9775505
-0.86433566
-0.3476429
0.8864404
-0.9892938
0.65027106
0.4266081
-0.32834876
0.7021158
-0.7331091
-0.7887628
0.2529143
0.63951886
-0.58625233
-0.9020302
-0.67336524
0.7377231
0.7924541
-0.49060416
0.63282
0.7196131
0.2569418
0.88385844
-0.7306032
0.5114138
0.7792357
0.68605065
0.8829652
-0.6609757
0.05187595
0.9626479
-0.038334608
-0.9694632
-0.8361492
-0.43308938
0.4762646
0.81484985
-0.7834264
-0.33801723
0.17175543
-0.47285688
-0.5059109
0.69714606
-0.6802645
0.9345999
-0.45101106
0.033421874
0.27385354
0.25710094
0.40033257
-0.6453074
0.95519423
-0.21413255
0.95634806
0.29929066
-0.1836127
-0.26234376
0.17322814
-0.9726522
-0.06651676
0.5938138
0.6485648
-0.87507033
-0.14949536
-0.3357731
-0.9632096
0.0421983
-0.4934187
-0.48083472
-0.5164629
0.65585256
-0.98054254
-0.68833566
0.23149467
0.3034929
-0.052043796
0.46512341
0.5837687
0.30815637
0.7319498
-0.64782596
-0.14018285
-0.5748447
0.7900419
0.59979177
-0.91209495
-0.5881463
0.877272
0.71153665
0.5970639
-0.06329024
0.058734536
0.5214281
0.95740616
0.9806268
-0.5126842
-0.66277206
-0.1667763
-0.30353224
0.18831801
-0.22297096
-0.8722707
0.11782813
-0.48967862
0.56648517
0.5869731
0.16340554
-0.28375518
-0.2095356
0.9750254
0.8673843
-0.5665175
-0.8406776
-0.37915528
-0.24076211
0.0857147
0.16457462
0.06350076
0.67958474
-0.12370646
-0.9990481
-0.41302872
0.19477344
-0.07499099
0.79235303
-0.55476725
0.085567355
-0.5262077
-0.01998198
0.74569774
0.33971298
-0.9739474
-0.7544664
-0.5966314
0.6606387
0.37861907
0.6135076
0.8247528
0.982633
0.91069293
0.5046128
-0.5387188
0.90539813
0.53307176
-0.38384986
0.92455673
0.657972
0.35170102
0.25253165
0.7243893
-0.71504056
0.49711144
-0.19842374
-0.9743638
-0.39058328
0.5065135
-0.3250476
0.177997
0.34039426
-0.9344697
-0.54554296
0.61700356
-0.08583546
-0.5747485
0.9932636
-0.5663551
-0.47715056
0.16726422
-0.3727039
0.23975384
0.81011367
-0.38943076
0.8021529
0.5981045
-0.8003832
-0.38790298
0.6925036
0.32801902
-0.6518867
-0.9646039
0.6917883
-0.5667081
0.14276493
0.13476777
-0.08016729
0.6298109
-0.36601603
-0.43434262
-0.39464653
0.7820139
-0.26523304
0.8837589
-0.1487894
0.70317686
-0.8699064
-0.91142833
-0.08411634
-0.6463975
0.11189115
-0.9881909
0.80945325
-0.49152076
-0.24614298
0.81313646
-0.6979461
0.39513302
0.5149437
0.34746087
0.0043022633
-0.044497013
0.84060204
-0.81206584
-0.83922625
-0.48193753
0.22828615
-0.73828506
0.38867676
0.41448712
0.43082368
0.6724014
-0.48485577
-0.99323416
-0.33812463
0.7911345
0.6699873
-0.33693862
0.7969271
-0.7987764
0.1595397
-0.6954136
-0.6325973
0.8385037
-0.3041886
0.51646805
-0.35786223
0.5975305
0.12927544
-0.9453393
0.07843697
0.84441257
-0.18981862
0.47633076
-0.015666008
-0.58091605
0.49052882
-0.9330859
-0.77419555
-0.29209435
0.7161926
-0.8663695
-0.6198622
-0.23733246
0.91688406
0.8892702
0.80326664
-0.06840348
-0.11741185
-0.22556627
0.849676
0.4053986
0.55207205
-0.7197499
-0.05511439
0.9764168
