0.0
0.0
10
1
20
1
-0.4884235
-0.43026656
-0.7742272
-0.12186467
0.6846665
-0.3858692
0.39638942
-0.7429633
0.592418
-0.08133955
-0.3129595
0.22870612
-0.124318555
0.64521235
0.19134377
0.17296158
0.56066716
0.50564027
-0.7970206
-0.5329919
-0.046859536
-0.35209003
0.25048158
-0.57478356
-0.621931
0.7340624
-0.6147902
-0.46100363
-0.09232024
-0.26413897
-0.6659062
0.25210702
0.94553375
-0.78739125
0.7634096
0.6000548
-0.58248144
-0.45539853
0.45716712
-0.024084436
0.0020397934
-0.21581635
0.3084799
0.86665094
-0.49474952
0.9588699
-0.07638456
0.7604867
-0.22701372
-6.275609E-4
-0.42236677
0.11199918
-0.20895733
0.04334814
0.3952329
0.13648985
-0.8880796
-0.24897456
0.5736597
-0.4359799
0.27137473
-0.87153596
0.4261758
-0.47230285
0.21557428
0.6531721
0.2990472
0.010644846
-0.01228684
0.5244326
-0.532093
-0.30864707
-0.23843011
-0.44066703
-0.61304295
-0.12541293
-0.52956206
0.26428488
-0.1506209
0.6159034
-0.4647782
0.75033975
-0.19892897
0.10231657
0.44712707
-0.4611016
0.49476948
-0.8085737
0.087624975
-0.45012048
-0.8571104
0.9677807
-0.9215676
-0.15990122
0.60788864
0.8590274
0.834663
0.35547465
-0.6996238
-0.3549557
0.65744746
-0.30323628
-0.62011784
0.07277967
-0.12041657
0.67481154
0.30204004
0.54141665
0.12201769
0.2504384
-0.094008625
0.6153809
-0.7498164
0.50138384
-0.22178316
0.25871316
0.69107795
-0.24915978
0.50242865
0.68546015
-0.4939072
-0.38791806
0.4436866
-0.15222935
-0.54495186
0.19148
0.8189894
-0.22718288
-0.11536926
0.047893442
-0.20088597
0.80291486
-0.59163153
-0.94580626
-0.6710398
0.341076
-0.6112306
0.47819144
0.90210015
0.09217291
-0.35366076
0.30131346
0.17187612
0.008589237
-0.44712153
-0.078768365
-0.610271
0.13241607
-0.79498297
0.21438056
0.7919254
-1.1043051
0.5884664
0.7509552
0.34087804
0.72818047
0.15108691
-0.52046037
0.93698
-0.074087046
0.5827633
0.6661546
-0.071298674
-0.5492327
0.13607341
-0.81107223
-0.35711437
0.10255861
-0.63923484
0.8533222
0.8616832
-0.33965752
0.14675221
-1.0653656
-0.43449187
0.027887002
-0.2344563
-0.86252093
-0.2124527
0.6909841
-0.76616323
0.7633592
0.41864252
-0.47768942
-0.30524397
0.1370747
0.11508029
0.08541639
0.3726168
-0.6722856
0.35240895
-0.5724234
-0.7064582
0.6333451
-0.0023003782
-0.49721545
0.6118067
-0.32580096
-0.9198982
0.122479446
-0.68116504
0.40366295
-0.004354426
0.48667765
0.72789156
0.23121017
0.48966002
-0.52804923
0.48448822
0.5133826
-0.55999017
-0.37723765
0.057452586
-0.16809645
0.4534977
-0.35246977
-0.13608676
-0.8789059
0.6178679
0.629563
